<CHROM>	<START>	<END>	<TSB>
1	0	270003	0
1	270004	275407	2
1	275408	363605	0
1	363606	364546	2
1	364547	509123	0
1	509124	565903	2
1	565904	600160	0
1	600161	635338	1
1	635339	692600	0
1	692601	722171	1
1	722172	722177	0
1	722178	735932	2
1	735933	744459	0
1	744460	746176	1
1	746177	757901	0
1	757902	800883	2
1	800884	805899	0
1	805900	806620	1
1	806621	886081	0
1	886082	886638	1
1	886639	893014	0
1	893015	945735	1
1	945736	1026335	0
1	1026336	1120988	1
1	1120989	1135207	0
1	1135208	1374292	1
1	1374293	1412054	0
1	1412055	1428326	1
1	1428327	1583268	0
1	1583269	1583750	1
1	1583751	2729329	0
1	2729330	2741329	1
1	2741330	2859533	0
1	2859534	2952662	2
1	2952663	2976674	0
1	2976675	3061229	1
1	3061230	3308326	0
1	3308327	3387598	2
1	3387599	4226208	0
1	4226209	4231397	1
1	4231398	4303855	0
1	4303856	4311453	2
1	4311454	4418729	0
1	4418730	4839751	1
1	4839752	4876975	0
1	4876976	4911974	1
1	4911975	4913524	0
1	4913525	4931120	1
1	4931121	4931750	3
1	4931751	4932013	2
1	4932014	4961133	0
1	4961134	4978041	2
1	4978042	4984223	0
1	4984224	4985880	1
1	4985881	5028103	0
1	5028104	5066825	1
1	5066826	5070923	0
1	5070924	5106747	2
1	5106748	5154791	0
1	5154792	5155705	2
1	5155706	5176096	0
1	5176097	5181302	1
1	5181303	5182242	0
1	5182243	5231415	2
1	5231416	6114118	0
1	6114119	6225819	2
1	6225820	6378246	0
1	6378247	6382022	2
1	6382023	6843451	0
1	6843452	6844354	1
1	6844355	7926234	0
1	7926235	7931930	2
1	7931931	8082387	0
1	8082388	8083994	1
1	8083995	8180886	0
1	8180887	8324917	2
1	8324918	8350655	0
1	8350656	8453843	2
1	8453844	8453900	0
1	8453901	8816573	1
1	8816574	9202409	0
1	9202410	9341611	1
1	9341612	9395291	0
1	9395292	9436809	2
1	9436810	10046225	0
1	10046226	10046680	2
1	10046681	10345377	0
1	10345378	10349036	2
1	10349037	11074202	0
1	11074203	11168870	2
1	11168871	11706671	0
1	11706672	11813907	1
1	11813908	12894952	0
1	12894953	12895329	1
1	12895330	13213438	0
1	13213439	13223910	1
1	13223911	13233351	0
1	13233352	13256251	1
1	13256252	13260223	0
1	13260224	13276806	1
1	13276807	13335901	0
1	13335902	13358105	1
1	13358106	13397219	0
1	13397220	13397498	1
1	13397499	13398247	3
1	13398248	13398469	2
1	13398470	13409953	0
1	13409954	13465447	1
1	13465448	13472087	3
1	13472088	13481751	1
1	13481752	13491206	0
1	13491207	13505676	1
1	13505677	13518848	0
1	13518849	13528352	1
1	13528353	13566930	0
1	13566931	13638923	1
1	13638924	13638934	0
1	13638935	13668727	2
1	13668728	13693159	0
1	13693160	13727369	2
1	13727370	13734220	0
1	13734221	13903973	2
1	13903974	14027633	0
1	14027634	14233387	1
1	14233388	14337754	0
1	14337755	14393158	1
1	14393159	14503843	0
1	14503844	14504627	2
1	14504628	14504934	3
1	14504935	14556029	1
1	14556030	14559951	0
1	14559952	14560522	1
1	14560523	14579379	0
1	14579380	14683884	1
1	14683885	14702156	0
1	14702157	14793119	2
1	14793120	14985767	0
1	14985768	14986378	2
1	14986379	15183350	0
1	15183351	15234878	1
1	15234879	15982218	0
1	15982219	16009933	1
1	16009934	16131827	0
1	16131828	16132825	2
1	16132826	16469791	0
1	16469792	16472908	1
1	16472909	16597344	0
1	16597345	16819780	2
1	16819781	16868695	0
1	16868696	16894637	2
1	16894638	16900752	0
1	16900753	16907068	2
1	16907069	16940669	0
1	16940670	16945125	2
1	16945126	16974818	0
1	16974819	16987529	1
1	16987530	17020064	0
1	17020065	17036077	1
1	17036078	17074799	0
1	17074800	17143742	1
1	17143743	17154244	0
1	17154245	17210959	1
1	17210960	17354924	0
1	17354925	17403726	1
1	17403727	17445541	0
1	17445542	17563184	2
1	17563185	17628997	0
1	17628998	17858475	1
1	17858476	18156418	0
1	18156419	18279199	2
1	18279200	18320146	0
1	18320147	18339130	2
1	18339131	18352203	0
1	18352204	18382879	2
1	18382880	18440170	0
1	18440171	18486108	1
1	18486109	18550254	0
1	18550255	18558621	1
1	18558622	18808937	0
1	18808938	19127769	1
1	19127770	19128179	3
1	19128180	19144185	1
1	19144186	19170547	0
1	19170548	19203687	2
1	19203688	20060786	0
1	20060787	20417365	2
1	20417366	20653405	0
1	20653406	20687943	2
1	20687944	20701184	0
1	20701185	20832805	1
1	20832806	20901108	0
1	20901109	20907300	1
1	20907301	21099708	0
1	21099709	21122886	1
1	21122887	21123236	0
1	21123237	21128117	2
1	21128118	21128248	3
1	21128249	21141975	2
1	21141976	21163138	0
1	21163139	21187936	1
1	21187937	21236213	0
1	21236214	21286924	2
1	21286925	21462799	0
1	21462800	21463065	2
1	21463066	21794326	0
1	21794327	22494856	1
1	22494857	23799792	0
1	23799793	23838305	2
1	23838306	23882486	0
1	23882487	23914316	1
1	23914317	23960721	0
1	23960722	23969403	1
1	23969404	23985353	0
1	23985354	24032077	1
1	24032078	24072977	0
1	24072978	24093911	2
1	24093912	24388278	0
1	24388279	24389162	2
1	24389163	24430477	0
1	24430478	24431454	1
1	24431455	24470263	0
1	24470264	24497204	1
1	24497205	24498183	0
1	24498184	24498812	1
1	24498813	24498967	0
1	24498968	24500424	1
1	24500425	24518237	0
1	24518238	24527609	2
1	24527610	24540634	0
1	24540635	24881663	1
1	24881664	25018441	0
1	25018442	25114899	2
1	25114900	25341783	0
1	25341784	25342172	1
1	25342173	25387128	0
1	25387129	25511125	2
1	25511126	25558534	0
1	25558535	25606607	1
1	25606608	25678410	0
1	25678411	25698093	1
1	25698094	25758398	0
1	25758399	25760311	2
1	25760312	25797933	0
1	25797934	25821828	1
1	25821829	25836707	0
1	25836708	25839116	2
1	25839117	26272446	0
1	26272447	26515143	2
1	26515144	26856625	0
1	26856626	26862118	2
1	26862119	26899857	0
1	26899858	26936993	2
1	26936994	26940773	0
1	26940774	26994068	1
1	26994069	27085978	0
1	27085979	27196519	1
1	27196520	27668982	0
1	27668983	27694866	1
1	27694867	27701917	0
1	27701918	27791203	1
1	27791204	27908245	0
1	27908246	27992200	2
1	27992201	28008165	0
1	28008166	28198115	1
1	28198116	28262396	0
1	28262397	28263388	2
1	28263389	28479633	0
1	28479634	28792006	2
1	28792007	28829221	0
1	28829222	28843791	1
1	28843792	28855171	0
1	28855172	28875764	1
1	28875765	28930154	0
1	28930155	29101894	1
1	29101895	29106505	0
1	29106506	29306059	1
1	29306060	29337336	0
1	29337337	29420079	2
1	29420080	29426077	0
1	29426078	29428268	2
1	29428269	29506543	0
1	29506544	29545878	1
1	29545879	29611720	0
1	29611721	29631471	1
1	29631472	29643889	0
1	29643890	29669674	1
1	29669675	29754564	0
1	29754565	29755049	1
1	29755050	29920188	0
1	29920189	29921006	1
1	29921007	30247093	0
1	30247094	30263165	2
1	30263166	30417174	0
1	30417175	30435993	1
1	30435994	30482368	0
1	30482369	30652025	2
1	30652026	30716219	0
1	30716220	30725002	2
1	30725003	30736955	0
1	30736956	30781896	1
1	30781897	30782627	3
1	30782628	30871882	1
1	30871883	31044124	0
1	31044125	31058580	2
1	31058581	31097017	0
1	31097018	31098662	1
1	31098663	31141714	0
1	31141715	31182348	1
1	31182349	31260830	0
1	31260831	31267444	2
1	31267445	31363168	0
1	31363169	31373205	2
1	31373206	31417536	0
1	31417537	31465039	1
1	31465040	31523797	0
1	31523798	31524618	1
1	31524619	31631157	0
1	31631158	31631639	1
1	31631640	33772724	0
1	33772725	33805345	1
1	33805346	33820246	0
1	33820247	33822072	2
1	33822073	33830134	0
1	33830135	33896143	2
1	33896144	33969264	0
1	33969265	34107012	2
1	34107013	34367006	0
1	34367007	34390301	1
1	34390302	34642704	0
1	34642705	34886057	2
1	34886058	34967217	0
1	34967218	34993862	1
1	34993863	34994018	3
1	34994019	35023856	2
1	35023857	35028828	0
1	35028829	35043291	1
1	35043292	35087797	0
1	35087798	35183659	2
1	35183660	35220793	0
1	35220794	35342548	2
1	35342549	35360433	0
1	35360434	35373599	2
1	35373600	35374592	0
1	35374593	35416195	2
1	35416196	35418398	0
1	35418399	35425358	1
1	35425359	35558600	0
1	35558601	35558857	1
1	35558858	35643438	0
1	35643439	35644301	2
1	35644302	35655084	0
1	35655085	35655455	1
1	35655456	35727460	0
1	35727461	36225843	2
1	36225844	36869144	0
1	36869145	36977467	1
1	36977468	37010031	0
1	37010032	37016984	1
1	37016985	37066185	0
1	37066186	37066613	1
1	37066614	37074380	0
1	37074381	37170718	1
1	37170719	37207535	0
1	37207536	37600906	2
1	37600907	37706421	0
1	37706422	37721780	2
1	37721781	37752821	0
1	37752822	37915538	2
1	37915539	38271122	0
1	38271123	38433424	2
1	38433425	39281424	0
1	39281425	39478125	2
1	39478126	39633047	0
1	39633048	39922989	2
1	39922990	40149567	0
1	40149568	40215206	2
1	40215207	40251877	0
1	40251878	40349380	1
1	40349381	40378716	3
1	40378717	40474192	1
1	40474193	40479377	0
1	40479378	40492141	1
1	40492142	40494459	0
1	40494460	40540492	2
1	40540493	40543998	0
1	40543999	40590567	1
1	40590568	40602289	0
1	40602290	40604596	1
1	40604597	40635692	0
1	40635693	40637299	2
1	40637300	40710317	0
1	40710318	40795881	2
1	40795882	40890407	0
1	40890408	40911098	2
1	40911099	41129256	0
1	41129257	41297384	2
1	41297385	41316272	0
1	41316273	41498073	2
1	41498074	41592471	0
1	41592472	41593628	2
1	41593629	41614906	0
1	41614907	41692374	2
1	41692375	41693697	3
1	41693698	41711675	2
1	41711676	41718417	0
1	41718418	41743390	1
1	41743391	41755052	0
1	41755053	41799845	1
1	41799846	41799946	0
1	41799947	41814962	2
1	41814963	41857509	0
1	41857510	41934143	2
1	41934144	42081314	0
1	42081315	42368687	2
1	42368688	42379714	0
1	42379715	42831887	1
1	42831888	42886754	0
1	42886755	42908966	2
1	42908967	42941847	0
1	42941848	42950728	2
1	42950729	43138217	0
1	43138218	43149023	1
1	43149024	43155447	0
1	43155448	43162887	1
1	43162888	43174892	0
1	43174893	43264283	1
1	43264284	44071406	0
1	44071407	44361143	1
1	44361144	44562565	0
1	44562566	44636541	2
1	44636542	44896835	0
1	44896836	45000580	2
1	45000581	45001247	0
1	45001248	45018093	1
1	45018094	45018752	3
1	45018753	45071369	1
1	45071370	45126957	0
1	45126958	45186508	1
1	45186509	46370634	0
1	46370635	46799102	2
1	46799103	46872563	0
1	46872564	46900909	1
1	46900910	46941719	0
1	46941720	46942996	2
1	46942997	46943588	0
1	46943589	47216249	2
1	47216250	47343666	0
1	47343667	47455841	2
1	47455842	47508414	0
1	47508415	47579532	2
1	47579533	47600749	0
1	47600750	47661454	1
1	47661455	47670178	0
1	47670179	47681084	2
1	47681085	47791991	0
1	47791992	47955382	2
1	47955383	47982710	0
1	47982711	48058320	2
1	48058321	48058390	0
1	48058391	48066997	1
1	48066998	48067610	0
1	48067611	48159752	2
1	48159753	48161360	0
1	48161361	48210129	1
1	48210130	48325803	0
1	48325804	48349369	1
1	48349370	48382145	0
1	48382146	48392232	1
1	48392233	48501742	0
1	48501743	48604871	2
1	48604872	48944780	0
1	48944781	48955651	1
1	48955652	48977753	0
1	48977754	49008591	2
1	49008592	49011740	0
1	49011741	49028707	2
1	49028708	49029141	3
1	49029142	49037856	1
1	49037857	49038953	0
1	49038954	49043726	2
1	49043727	49044976	0
1	49044977	49063491	2
1	49063492	49161457	0
1	49161458	49262313	2
1	49262314	49269239	0
1	49269240	49297765	2
1	49297766	49327619	0
1	49327620	49348269	1
1	49348270	49407915	0
1	49407916	49495144	2
1	49495145	49497091	0
1	49497092	49535282	1
1	49535283	49591270	0
1	49591271	49706638	2
1	49706639	49709904	0
1	49709905	49799957	1
1	49799958	49886835	0
1	49886836	50093120	1
1	50093121	50303043	0
1	50303044	50936913	1
1	50936914	51202391	0
1	51202392	51427037	2
1	51427038	51487522	0
1	51487523	51717376	2
1	51717377	51800307	0
1	51800308	51956786	2
1	51956787	53006962	0
1	53006963	53007802	1
1	53007803	53414693	0
1	53414694	53437001	1
1	53437002	53463418	0
1	53463419	53755549	1
1	53755550	53845997	0
1	53845998	53846684	1
1	53846685	54183493	0
1	54183494	54192329	1
1	54192330	54220003	0
1	54220004	54220488	2
1	54220489	54335830	0
1	54335831	54354755	1
1	54354756	54412722	0
1	54412723	54579403	1
1	54579404	54797792	0
1	54797793	54820722	1
1	54820723	54853100	0
1	54853101	54878995	2
1	54878996	54932808	0
1	54932809	54960842	2
1	54960843	54976176	0
1	54976177	54977114	1
1	54977115	54996886	0
1	54996887	55019081	2
1	55019082	55036311	0
1	55036312	55037903	1
1	55037904	55052112	0
1	55052113	55092791	1
1	55092792	55435470	0
1	55435471	55536324	2
1	55536325	55537870	0
1	55537871	55588224	2
1	55588225	55595793	0
1	55595794	55599995	1
1	55599996	55600411	0
1	55600412	55610131	1
1	55610132	55722992	0
1	55722993	55736503	1
1	55736504	55826087	0
1	55826088	55986099	2
1	55986100	56400872	0
1	56400873	56427284	1
1	56427285	56572567	0
1	56572568	56717974	1
1	56717975	56814351	0
1	56814352	56868614	2
1	56868615	56878961	0
1	56878962	56879856	1
1	56879857	56888675	0
1	56888676	56889505	1
1	56889506	56894629	0
1	56894630	56896869	2
1	56896870	56921380	0
1	56921381	56928862	1
1	56928863	56935356	3
1	56935357	56951729	1
1	56951730	56978047	3
1	56978048	56986228	1
1	56986229	56987274	0
1	56987275	57010817	2
1	57010818	57037157	0
1	57037158	57046206	2
1	57046207	57064297	0
1	57064298	57077178	2
1	57077179	57077529	3
1	57077530	57106835	1
1	57106836	57111363	0
1	57111364	57155014	2
1	57155015	57162195	0
1	57162196	57169555	1
1	57169556	57187664	0
1	57187665	57212011	1
1	57212012	57242114	0
1	57242115	57298113	2
1	57298114	57530119	0
1	57530120	57537958	2
1	57537959	57556314	0
1	57556315	57677622	1
1	57677623	57733264	0
1	57733265	57776364	2
1	57776365	57787460	0
1	57787461	57828818	1
1	57828819	57855891	0
1	57855892	57857838	2
1	57857839	57866877	0
1	57866878	57896515	2
1	57896516	58253304	0
1	58253305	58401132	2
1	58401133	58494596	0
1	58494597	58588102	1
1	58588103	58588260	3
1	58588261	58637624	1
1	58637625	58763671	0
1	58763672	58821240	1
1	58821241	58833492	3
1	58833493	58862725	1
1	58862726	58905184	0
1	58905185	59012200	1
1	59012201	59106599	0
1	59106600	59273492	1
1	59273493	60586580	0
1	60586581	60598995	1
1	60598996	60667858	0
1	60667859	60873612	1
1	60873613	60941786	0
1	60941787	60942948	2
1	60942949	61776528	0
1	61776529	61810617	2
1	61810618	61814867	0
1	61814868	61845226	1
1	61845227	62026398	0
1	62026399	62049791	2
1	62049792	62084555	0
1	62084556	62088229	2
1	62088230	62092119	0
1	62092120	62110297	2
1	62110298	62217441	0
1	62217442	62282410	2
1	62282411	62398003	0
1	62398004	62763028	1
1	62763029	63562207	0
1	63562208	63852093	2
1	63852094	63962453	0
1	63962454	64084848	2
1	64084849	64165716	0
1	64165717	64217709	2
1	64217710	64222092	0
1	64222093	64247446	1
1	64247447	64632815	0
1	64632816	64639856	2
1	64639857	64689530	0
1	64689531	64815441	2
1	64815442	64834772	0
1	64834773	64848387	2
1	64848388	64861439	0
1	64861440	64892638	2
1	64892639	64893168	3
1	64893169	64917620	2
1	64917621	65171687	0
1	65171688	65179353	2
1	65179354	65852928	0
1	65852929	65858667	2
1	65858668	65858787	0
1	65858788	65936370	2
1	65936371	65988547	0
1	65988548	66010193	2
1	66010194	66012856	0
1	66012857	66057805	1
1	66057806	66136330	0
1	66136331	66143072	1
1	66143073	66160769	0
1	66160770	66207385	1
1	66207386	66270558	0
1	66270559	66281059	2
1	66281060	66312211	0
1	66312212	66331229	1
1	66331230	66363179	0
1	66363180	66540289	1
1	66540290	66594433	0
1	66594434	67022630	1
1	67022631	67514262	0
1	67514263	68100313	2
1	68100314	68145104	0
1	68145105	68164201	1
1	68164202	68164521	3
1	68164522	68201228	1
1	68201229	68541999	0
1	68542000	68654388	2
1	68654389	68658677	0
1	68658678	68695789	1
1	68695790	68847262	0
1	68847263	68848737	2
1	68848738	69131757	0
1	69131758	69200521	1
1	69200522	69201468	3
1	69201469	69224563	1
1	69224564	69361013	0
1	69361014	69383741	2
1	69383742	69384001	3
1	69384002	69483137	2
1	69483138	69687534	0
1	69687535	69688544	2
1	69688545	69725987	0
1	69725988	69732579	2
1	69732580	69937868	0
1	69937869	69943010	2
1	69943011	70049816	0
1	70049817	70110004	2
1	70110005	70171428	0
1	70171429	70176076	2
1	70176077	70199361	0
1	70199362	70208532	2
1	70208533	70213724	0
1	70213725	70215105	2
1	70215106	70277117	0
1	70277118	70323738	2
1	70323739	70340536	0
1	70340537	70377229	1
1	70377230	70396028	0
1	70396029	70396622	2
1	70396623	70461774	0
1	70461775	70483051	2
1	70483052	70487638	0
1	70487639	70535518	2
1	70535519	70550940	0
1	70550941	70585749	2
1	70585750	70793832	0
1	70793833	70917924	1
1	70917925	71246763	0
1	71246764	71305659	2
1	71305660	71388928	0
1	71388929	71679882	2
1	71679883	71749785	3
1	71749786	72009341	1
1	72009342	72099569	0
1	72099570	72125604	2
1	72125605	72135800	0
1	72135801	72168483	2
1	72168484	72215922	0
1	72215923	72219115	1
1	72219116	72278833	0
1	72278834	72447792	1
1	72447793	72927794	0
1	72927795	72928822	2
1	72928823	73401419	0
1	73401420	73466597	2
1	73466598	73468739	0
1	73468740	73481481	2
1	73481482	73488491	0
1	73488492	73528149	2
1	73528150	73612233	0
1	73612234	73652348	2
1	73652349	73656190	0
1	73656191	73762052	1
1	73762053	73792615	0
1	73792616	73794450	1
1	73794451	73853294	0
1	73853295	74033585	2
1	74033586	74449574	0
1	74449575	74777030	1
1	74777031	75481706	0
1	75481707	75483658	1
1	75483659	75500483	0
1	75500484	75512919	2
1	75512920	75526672	0
1	75526673	75538807	2
1	75538808	75558625	0
1	75558626	75637321	2
1	75637322	75662367	0
1	75662368	75733586	2
1	75733587	75767343	0
1	75767344	75810424	2
1	75810425	75820181	0
1	75820182	75836955	1
1	75836956	75892938	0
1	75892939	76183276	2
1	76183277	76388188	0
1	76388189	76391479	2
1	76391480	76392513	3
1	76392514	76468576	2
1	76468577	77330335	0
1	77330336	77336335	1
1	77336336	77378577	0
1	77378578	77379974	1
1	77379975	77554166	0
1	77554167	77639139	2
1	77639140	78344346	0
1	78344347	78344744	2
1	78344745	78438089	0
1	78438090	78441193	1
1	78441194	78654036	0
1	78654037	78657308	2
1	78657309	79126161	0
1	79126162	79268147	1
1	79268148	79895416	0
1	79895417	79987723	2
1	79987724	80377574	0
1	80377575	80408329	1
1	80408330	80435452	0
1	80435453	80469348	1
1	80469349	80733200	0
1	80733201	80928063	2
1	80928064	80993029	0
1	80993030	81182381	2
1	81182382	81192315	0
1	81192316	81427000	1
1	81427001	81542937	0
1	81542938	81544337	1
1	81544338	81645235	0
1	81645236	81903369	2
1	81903370	81989585	0
1	81989586	81990871	1
1	81990872	82061153	0
1	82061154	82072389	2
1	82072390	82087963	0
1	82087964	82505327	1
1	82505328	83085087	0
1	83085088	83115233	1
1	83115234	83140498	0
1	83140499	83162463	2
1	83162464	83188783	0
1	83188784	83227386	2
1	83227387	83243846	0
1	83243847	83249257	2
1	83249258	83333497	0
1	83333498	83437373	2
1	83437374	83476814	0
1	83476815	83529708	1
1	83529709	84077890	0
1	84077891	84078497	1
1	84078498	84743274	0
1	84743275	84763119	1
1	84763120	84940064	0
1	84940065	84994245	2
1	84994246	85046325	0
1	85046326	85152994	1
1	85152995	85423261	0
1	85423262	85428337	2
1	85428338	85510564	0
1	85510565	85586413	1
1	85586414	85674587	0
1	85674588	85685437	2
1	85685438	85746602	0
1	85746603	85806401	1
1	85806402	85806532	0
1	85806533	85893400	2
1	85893401	85945574	0
1	85945575	86021480	2
1	86021481	86201646	0
1	86201647	86208198	2
1	86208199	86525377	0
1	86525378	87016572	2
1	87016573	87109448	0
1	87109449	87140893	2
1	87140894	87194655	0
1	87194656	87285603	1
1	87285604	87302986	0
1	87302987	87451035	1
1	87451036	87597384	0
1	87597385	87660815	1
1	87660816	87706758	0
1	87706759	87751043	2
1	87751044	87916225	0
1	87916226	87980782	2
1	87980783	88002599	0
1	88002600	88068019	1
1	88068020	88126074	0
1	88126075	88213567	1
1	88213568	88214019	3
1	88214020	88230652	1
1	88230653	88285200	0
1	88285201	88311674	1
1	88311675	88359157	0
1	88359158	88543795	1
1	88543796	88586043	0
1	88586044	88586906	1
1	88586907	88701192	0
1	88701193	88745570	2
1	88745571	88814593	0
1	88814594	88818281	2
1	88818282	88825324	0
1	88825325	88994733	1
1	88994734	89014989	0
1	89014990	89015366	2
1	89015367	89063712	0
1	89063713	89121161	1
1	89121162	89151931	0
1	89151932	89377992	2
1	89377993	89480397	0
1	89480398	89617718	2
1	89617719	89677531	0
1	89677532	89790842	2
1	89790843	89798213	0
1	89798214	89812326	2
1	89812327	89875609	0
1	89875610	89881002	2
1	89881003	90723852	0
1	90723853	90884295	2
1	90884296	91016666	0
1	91016667	91017467	2
1	91017468	91241808	0
1	91241809	91271884	2
1	91271885	91338113	0
1	91338114	91350516	2
1	91350517	91391489	0
1	91391490	91436400	1
1	91436401	91483809	0
1	91483810	91585407	1
1	91585408	91779458	0
1	91779459	92028818	1
1	92028819	92278214	0
1	92278215	92724552	1
1	92724553	92898272	0
1	92898273	92978258	2
1	92978259	92999492	0
1	92999493	93037250	1
1	93037251	93038179	3
1	93038180	93041133	1
1	93041134	93057080	0
1	93057081	93085649	2
1	93085650	93088297	0
1	93088298	93095022	1
1	93095023	93139254	0
1	93139255	93139532	2
1	93139533	93144079	0
1	93144080	93204377	2
1	93204378	93321919	0
1	93321920	93435772	2
1	93435773	93460012	0
1	93460013	93474696	1
1	93474697	93476681	0
1	93476682	93500274	2
1	93500275	93507308	3
1	93507309	93523292	2
1	93523293	93576912	3
1	93576913	93606940	2
1	93606941	93645047	0
1	93645048	93688865	2
1	93688866	93767949	0
1	93767950	93844451	2
1	93844452	93847867	0
1	93847868	93886760	1
1	93886761	94097915	0
1	94097916	94103893	1
1	94103894	94204193	0
1	94204194	94235521	2
1	94235522	94255151	0
1	94255152	94257460	2
1	94257461	94532745	0
1	94532746	94694747	1
1	94694748	94820276	0
1	94820277	94829388	2
1	94829389	94907141	0
1	94907142	94974219	1
1	94974220	94997228	0
1	94997229	95048609	2
1	95048610	95235631	0
1	95235632	95281769	2
1	95281770	95324047	0
1	95324048	95324668	1
1	95324669	95419641	0
1	95419642	95419988	1
1	95419989	95508762	0
1	95508763	95510150	2
1	95510151	95547857	0
1	95547858	95708210	2
1	95708211	95903323	0
1	95903324	95986547	1
1	95986548	96078205	0
1	96078206	96078804	2
1	96078805	96744756	0
1	96744757	96746750	1
1	96746751	96825976	0
1	96825977	96868642	2
1	96868643	96880579	0
1	96880580	96927613	1
1	96927614	96928973	0
1	96928974	96932934	1
1	96932935	97019995	0
1	97019996	97094803	2
1	97094804	97104650	0
1	97104651	97105855	1
1	97105856	97327628	0
1	97327629	97334969	1
1	97334970	97352667	0
1	97352668	97390483	1
1	97390484	97623348	0
1	97623349	97629088	2
1	97629089	97630989	0
1	97630990	97662247	2
1	97662248	97715102	0
1	97715103	97721352	2
1	97721353	97734079	0
1	97734080	97743266	2
1	97743267	97809284	0
1	97809285	97841827	1
1	97841828	97942202	0
1	97942203	97967429	1
1	97967430	98004660	0
1	98004661	98005870	2
1	98005871	98036257	0
1	98036258	98039822	2
1	98039823	98187961	0
1	98187962	98254446	1
1	98254447	98264545	0
1	98264546	98336759	1
1	98336760	98436388	0
1	98436389	98534069	1
1	98534070	98567719	0
1	98567720	98578049	2
1	98578050	98582508	0
1	98582509	98585354	1
1	98585355	98597711	0
1	98597712	98605383	1
1	98605384	98620394	0
1	98620395	98655101	1
1	98655102	98697165	0
1	98697166	98734238	2
1	98734239	98760071	0
1	98760072	98799831	2
1	98799832	98800117	0
1	98800118	98831896	1
1	98831897	98864863	3
1	98864864	98881531	1
1	98881532	98905710	3
1	98905711	98923445	1
1	98923446	98934406	3
1	98934407	98939079	1
1	98939080	98959171	3
1	98959172	99019332	1
1	99019333	99020736	0
1	99020737	99043316	2
1	99043317	99050992	0
1	99050993	99113522	2
1	99113523	99130537	0
1	99130538	99166335	2
1	99166336	99203372	0
1	99203373	99271466	1
1	99271467	99383103	0
1	99383104	99383492	1
1	99383493	99389509	0
1	99389510	99401624	2
1	99401625	99402018	0
1	99402019	99404348	2
1	99404349	99406271	0
1	99406272	99408396	2
1	99408397	99409094	0
1	99409095	99414613	1
1	99414614	99415144	3
1	99415145	99415329	2
1	99415330	99430380	0
1	99430381	99433721	2
1	99433722	99436087	0
1	99436088	99438784	2
1	99438785	99441718	0
1	99441719	99448219	1
1	99448220	99450503	0
1	99450504	99454845	1
1	99454846	99495012	0
1	99495013	99499107	2
1	99499108	99519868	0
1	99519869	99527895	1
1	99527896	99556320	0
1	99556321	99557243	1
1	99557244	99558762	0
1	99558763	99563529	1
1	99563530	99576466	0
1	99576467	99577509	2
1	99577510	99585204	0
1	99585205	99588109	2
1	99588110	99602571	0
1	99602572	99606958	2
1	99606959	99612771	0
1	99612772	99620354	1
1	99620355	99630383	0
1	99630384	99631237	1
1	99631238	99642372	0
1	99642373	99762935	1
1	99762936	99764500	3
1	99764501	99806396	1
1	99806397	99825347	3
1	99825348	99835685	2
1	99835686	99836071	3
1	99836072	99851016	1
1	99851017	99875108	0
1	99875109	99875653	2
1	99875654	99893638	0
1	99893639	99914348	2
1	99914349	99932538	0
1	99932539	99937477	2
1	99937478	100054620	0
1	100054621	100055150	2
1	100055151	100073213	0
1	100073214	100075996	2
1	100075997	100172554	0
1	100172555	100190848	2
1	100190849	100250608	0
1	100250609	100256622	2
1	100256623	100275591	0
1	100275592	100284655	1
1	100284656	100345155	0
1	100345156	100353469	2
1	100353470	100376983	0
1	100376984	100378479	2
1	100378480	100401954	0
1	100401955	100403553	2
1	100403554	100437581	0
1	100437582	100437584	1
1	100437585	100438378	3
1	100438379	100438594	1
1	100438595	100461612	0
1	100461613	100464978	1
1	100464979	100478462	0
1	100478463	100480108	1
1	100480109	100512227	0
1	100512228	100518635	2
1	100518636	100545584	0
1	100545585	100552725	1
1	100552726	100562934	0
1	100562935	100575714	1
1	100575715	100616656	0
1	100616657	100633188	1
1	100633189	100638684	0
1	100638685	100642542	2
1	100642543	100643144	3
1	100643145	100644772	2
1	100644773	100668472	0
1	100668473	100676661	1
1	100676662	100698023	0
1	100698024	100702760	1
1	100702761	100722680	0
1	100722681	100748279	1
1	100748280	100834113	0
1	100834114	100837526	1
1	100837527	100851218	0
1	100851219	100866363	1
1	100866364	100891563	0
1	100891564	100896289	2
1	100896290	101108256	0
1	101108257	101123678	2
1	101123679	101146372	0
1	101146373	101153330	2
1	101153331	101163846	0
1	101163847	101170915	2
1	101170916	101180157	0
1	101180158	101181086	2
1	101181087	101257101	0
1	101257102	101258063	2
1	101258064	101283713	0
1	101283714	101284657	2
1	101284658	101309372	0
1	101309373	101310310	1
1	101310311	101320281	0
1	101320282	101321395	1
1	101321396	101336316	0
1	101336317	101336822	1
1	101336823	101358106	0
1	101358107	101359743	2
1	101359744	101397001	0
1	101397002	101397801	2
1	101397802	101400773	0
1	101400774	101419559	1
1	101419560	101419576	0
1	101419577	101441822	1
1	101441823	101454124	0
1	101454125	101497971	1
1	101497972	101520687	0
1	101520688	101521817	2
1	101521818	101548236	0
1	101548237	101563615	1
1	101563616	101582591	0
1	101582592	101594444	2
1	101594445	101602786	0
1	101602787	101616951	1
1	101616952	101723284	0
1	101723285	101728133	1
1	101728134	101745064	0
1	101745065	101762263	1
1	101762264	101787278	0
1	101787279	101798637	2
1	101798638	101813681	0
1	101813682	101852018	1
1	101852019	101855438	0
1	101855439	101877097	1
1	101877098	101896521	0
1	101896522	101921924	2
1	101921925	101972289	0
1	101972290	101972387	1
1	101972388	102014052	0
1	102014053	102036683	1
1	102036684	102054372	0
1	102054373	102056586	2
1	102056587	102059325	0
1	102059326	102073996	1
1	102073997	102074686	0
1	102074687	102092065	1
1	102092066	102093374	0
1	102093375	102095706	1
1	102095707	102098455	0
1	102098456	102099051	1
1	102099052	102100303	0
1	102100304	102100821	1
1	102100822	102115152	0
1	102115153	102121925	2
1	102121926	102125113	3
1	102125114	102132813	2
1	102132814	102133607	3
1	102133608	102152241	2
1	102152242	102177199	0
1	102177200	102183746	2
1	102183747	102185558	0
1	102185559	102189458	2
1	102189459	102195148	0
1	102195149	102221442	1
1	102221443	102223028	0
1	102223029	102224504	1
1	102224505	102227094	0
1	102227095	102228794	1
1	102228795	102246898	0
1	102246899	102253542	2
1	102253543	102253860	0
1	102253861	102272096	2
1	102272097	102282853	0
1	102282854	102289400	2
1	102289401	102301010	0
1	102301011	102305191	1
1	102305192	102310555	0
1	102310556	102311858	1
1	102311859	102317189	0
1	102317190	102318651	2
1	102318652	102335244	0
1	102335245	102342116	1
1	102342117	102360901	0
1	102360902	102362731	2
1	102362732	102366965	3
1	102366966	102385185	1
1	102385186	102389375	0
1	102389376	102402812	2
1	102402813	102405876	0
1	102405877	102426427	2
1	102426428	102428663	0
1	102428664	102430139	2
1	102430140	102437400	0
1	102437401	102455879	2
1	102455880	102456910	0
1	102456911	102464223	2
1	102464224	102468631	0
1	102468632	102474170	2
1	102474171	102475283	0
1	102475284	102479304	2
1	102479305	102481013	0
1	102481014	102491215	2
1	102491216	102495072	0
1	102495073	102517362	2
1	102517363	102518134	0
1	102518135	102528886	1
1	102528887	102539058	0
1	102539059	102552014	2
1	102552015	102576552	0
1	102576553	102577730	2
1	102577731	102586236	0
1	102586237	102614158	2
1	102614159	102615215	3
1	102615216	102637358	1
1	102637359	102686090	0
1	102686091	102690348	1
1	102690349	102779495	0
1	102779496	102787258	1
1	102787259	102842050	0
1	102842051	102842511	2
1	102842512	102843477	0
1	102843478	102844777	2
1	102844778	102845959	0
1	102845960	102855191	1
1	102855192	102860626	0
1	102860627	102875960	1
1	102875961	102913810	0
1	102913811	102921918	2
1	102921919	102955914	0
1	102955915	102960843	2
1	102960844	102971909	0
1	102971910	102977691	2
1	102977692	102989627	0
1	102989628	102995673	2
1	102995674	102995984	0
1	102995985	102996664	2
1	102996665	103000870	3
1	103000871	103021827	2
1	103021828	103026637	3
1	103026638	103040957	2
1	103040958	103042915	3
1	103042916	103057419	2
1	103057420	103057605	0
1	103057606	103070917	1
1	103070918	103071276	0
1	103071277	103088922	1
1	103088923	103090127	0
1	103090128	103098704	2
1	103098705	103100876	3
1	103100877	103100997	2
1	103100998	103101817	0
1	103101818	103107686	2
1	103107687	103119292	0
1	103119293	103133977	2
1	103133978	103180870	0
1	103180871	103187437	1
1	103187438	103197082	0
1	103197083	103212408	2
1	103212409	103228403	0
1	103228404	103243227	1
1	103243228	103250130	0
1	103250131	103263176	1
1	103263177	103275403	0
1	103275404	103293518	1
1	103293519	103295107	0
1	103295108	103312024	1
1	103312025	103316241	0
1	103316242	103317209	1
1	103317210	103371935	0
1	103371936	103467175	2
1	103467176	103470635	3
1	103470636	103488926	2
1	103488927	103494064	3
1	103494065	103495011	2
1	103495012	103512346	3
1	103512347	103516144	2
1	103516145	103517112	3
1	103517113	103603534	2
1	103603535	103667096	0
1	103667097	103675990	1
1	103675991	103683032	0
1	103683033	103703118	2
1	103703119	103706825	0
1	103706826	103724521	1
1	103724522	103754369	0
1	103754370	103755872	2
1	103755873	103815548	0
1	103815549	103816069	1
1	103816070	103910449	0
1	103910450	103930430	2
1	103930431	104035220	0
1	104035221	104164673	2
1	104164674	104204461	0
1	104204462	104206377	2
1	104206378	104293952	0
1	104293953	104294416	1
1	104294417	104520324	0
1	104520325	104541823	1
1	104541824	104669842	0
1	104669843	104682969	1
1	104682970	104690692	0
1	104690693	104701601	1
1	104701602	104763517	0
1	104763518	104774688	2
1	104774689	104785452	0
1	104785453	104809067	2
1	104809068	104870857	0
1	104870858	104886589	1
1	104886590	104901620	0
1	104901621	104914835	2
1	104914836	104975846	0
1	104975847	105013640	1
1	105013641	105079357	0
1	105079358	105079674	2
1	105079675	105119925	0
1	105119926	105152737	1
1	105152738	105156381	0
1	105156382	105173449	1
1	105173450	105177777	0
1	105177778	105180494	1
1	105180495	105181105	3
1	105181106	105191854	1
1	105191855	105210450	0
1	105210451	105211937	1
1	105211938	105235648	0
1	105235649	105236979	1
1	105236980	105249871	0
1	105249872	105251483	2
1	105251484	105265044	0
1	105265045	105304157	2
1	105304158	105319207	0
1	105319208	105325269	2
1	105325270	105345561	0
1	105345562	105346616	1
1	105346617	105376122	0
1	105376123	105385712	2
1	105385713	105391496	0
1	105391497	105400069	1
1	105400070	105445017	0
1	105445018	105460543	2
1	105460544	105461202	0
1	105461203	105474908	2
1	105474909	105485996	0
1	105485997	105489050	1
1	105489051	105497542	0
1	105497543	105501091	2
1	105501092	105502067	3
1	105502068	105522787	1
1	105522788	105551593	0
1	105551594	105555557	2
1	105555558	105567191	0
1	105567192	105575202	2
1	105575203	105593513	0
1	105593514	105599497	2
1	105599498	105608386	0
1	105608387	105608529	2
1	105608530	105611736	0
1	105611737	105628080	2
1	105628081	105630788	0
1	105630789	105638969	2
1	105638970	105642262	0
1	105642263	105649847	1
1	105649848	105669358	0
1	105669359	105676281	1
1	105676282	105685601	0
1	105685602	105687437	1
1	105687438	105702534	0
1	105702535	105714128	1
1	105714129	105721532	0
1	105721533	105731562	1
1	105731563	105761199	0
1	105761200	105767381	2
1	105767382	105795280	0
1	105795281	105800796	2
1	105800797	105812195	0
1	105812196	105816623	2
1	105816624	105826170	0
1	105826171	105835995	2
1	105835996	105855524	0
1	105855525	105858480	2
1	105858481	105860944	0
1	105860945	105865014	2
1	105865015	105868145	0
1	105868146	105895789	2
1	105895790	105900560	0
1	105900561	105907583	2
1	105907584	105914453	0
1	105914454	105923534	2
1	105923535	105950796	0
1	105950797	105955173	2
1	105955174	105981208	0
1	105981209	105984451	1
1	105984452	106005192	0
1	106005193	106012707	2
1	106012708	106028329	3
1	106028330	106030517	2
1	106030518	106048540	1
1	106048541	106049415	3
1	106049416	106086130	1
1	106086131	106123106	3
1	106123107	106147868	1
1	106147869	106161019	3
1	106161020	106190232	1
1	106190233	106229157	3
1	106229158	106231736	1
1	106231737	106234224	3
1	106234225	106234765	1
1	106234766	106238135	3
1	106238136	106261393	1
1	106261394	106266204	3
1	106266205	106319295	1
1	106319296	106320699	0
1	106320700	106321169	2
1	106321170	106333131	0
1	106333132	106338152	1
1	106338153	106351572	0
1	106351573	106365808	2
1	106365809	106372562	0
1	106372563	106502547	1
1	106502548	106514433	3
1	106514434	106520298	1
1	106520299	106536982	3
1	106536983	106551111	1
1	106551112	106551635	3
1	106551636	106564172	1
1	106564173	106601233	3
1	106601234	106601629	1
1	106601630	106606214	0
1	106606215	106615694	1
1	106615695	106630812	0
1	106630813	106636500	1
1	106636501	106657539	0
1	106657540	106659122	2
1	106659123	106661517	0
1	106661518	106672422	2
1	106672423	106673420	3
1	106673421	106685992	1
1	106685993	106690553	0
1	106690554	106694971	2
1	106694972	106695053	0
1	106695054	106702148	2
1	106702149	106703411	0
1	106703412	106711779	1
1	106711780	106727170	0
1	106727171	106740207	1
1	106740208	106747356	0
1	106747357	106751798	2
1	106751799	106752288	3
1	106752289	106785082	1
1	106785083	106791041	0
1	106791042	106805622	2
1	106805623	106824620	0
1	106824621	106845848	1
1	106845849	106847544	0
1	106847545	106847963	1
1	106847964	106849654	0
1	106849655	106859778	1
1	106859779	106865498	0
1	106865499	106874116	1
1	106874117	106874404	0
1	106874405	106879060	2
1	106879061	106880423	0
1	106880424	106891040	1
1	106891041	106895430	0
1	106895431	106898999	2
1	106899000	106904546	0
1	106904547	106931530	1
1	106931531	106931532	0
1	106931533	106936421	1
1	106936422	106937010	0
1	106937011	106958804	2
1	106958805	106967295	0
1	106967296	106981503	1
1	106981504	106983073	0
1	106983074	106991763	1
1	106991764	106998825	0
1	106998826	107002839	1
1	107002840	107010692	0
1	107010693	107014167	1
1	107014168	107015237	0
1	107015238	107024706	1
1	107024707	107032286	0
1	107032287	107045695	1
1	107045696	107047266	3
1	107047267	107052296	2
1	107052297	107054144	0
1	107054145	107064063	2
1	107064064	107065866	0
1	107065867	107067047	1
1	107067048	107069137	0
1	107069138	107070546	2
1	107070547	107074383	0
1	107074384	107098364	1
1	107098365	107108330	0
1	107108331	107113482	1
1	107113483	107116680	0
1	107116681	107130766	2
1	107130767	107130836	0
1	107130837	107136911	1
1	107136912	107162474	0
1	107162475	107184524	2
1	107184525	107213681	0
1	107213682	107219948	2
1	107219949	107244984	0
1	107244985	107256780	2
1	107256781	107260860	0
1	107260861	107303344	1
1	107303345	107304922	0
1	107304923	107307724	2
1	107307725	107309784	0
1	107309785	107331273	1
1	107331274	107332557	0
1	107332558	107336300	1
1	107336301	107340656	0
1	107340657	107356526	1
1	107356527	107367519	0
1	107367520	107370095	2
1	107370096	107371333	0
1	107371334	107376985	2
1	107376986	107380218	0
1	107380219	107381830	2
1	107381831	107382853	0
1	107382854	107384027	2
1	107384028	107384432	0
1	107384433	107400500	1
1	107400501	107401287	0
1	107401288	107416120	2
1	107416121	107418621	0
1	107418622	107419715	1
1	107419716	107423218	0
1	107423219	107426408	1
1	107426409	107434361	0
1	107434362	107445066	1
1	107445067	107453632	0
1	107453633	107476561	1
1	107476562	107477617	0
1	107477618	107484739	2
1	107484740	107486486	0
1	107486487	107487581	1
1	107487582	107489164	3
1	107489165	107489211	1
1	107489212	107492585	0
1	107492586	107507002	2
1	107507003	107518056	0
1	107518057	107536871	2
1	107536872	107538971	0
1	107538972	107571554	2
1	107571555	107573124	3
1	107573125	107614262	2
1	107614263	107627148	3
1	107627149	107639868	2
1	107639869	107642060	3
1	107642061	107645348	1
1	107645349	107647672	0
1	107647673	107655016	2
1	107655017	107669868	0
1	107669869	107674720	2
1	107674721	107675842	0
1	107675843	107678830	2
1	107678831	107680974	3
1	107680975	107687281	1
1	107687282	107690019	0
1	107690020	107694584	2
1	107694585	107696577	0
1	107696578	107700662	2
1	107700663	107700964	3
1	107700965	107703778	2
1	107703779	107704745	3
1	107704746	107721353	1
1	107721354	107781854	0
1	107781855	107786124	2
1	107786125	107794462	0
1	107794463	107803014	1
1	107803015	107808238	0
1	107808239	107809197	1
1	107809198	107815061	0
1	107815062	107820848	1
1	107820849	107822962	0
1	107822963	107850113	1
1	107850114	107872144	0
1	107872145	107878540	1
1	107878541	107879261	0
1	107879262	107901642	2
1	107901643	107901718	0
1	107901719	107906209	1
1	107906210	107910311	0
1	107910312	107938552	2
1	107938553	107945202	0
1	107945203	107957919	1
1	107957920	108049613	0
1	108049614	108060601	2
1	108060602	108082371	0
1	108082372	108104703	1
1	108104704	108111486	0
1	108111487	108143766	2
1	108143767	108147293	0
1	108147294	108155997	2
1	108155998	108159363	0
1	108159364	108187308	1
1	108187309	108195682	0
1	108195683	108196292	2
1	108196293	108212844	0
1	108212845	108221575	2
1	108221576	108223415	0
1	108223416	108224197	2
1	108224198	108249909	0
1	108249910	108261013	2
1	108261014	108285441	0
1	108285442	108289549	1
1	108289550	108303275	0
1	108303276	108315697	1
1	108315698	108318678	0
1	108318679	108336114	1
1	108336115	108345137	0
1	108345138	108371026	1
1	108371027	108461374	0
1	108461375	108534198	2
1	108534199	108535679	0
1	108535680	108542579	2
1	108542580	108544507	0
1	108544508	108574118	2
1	108574119	108592955	0
1	108592956	108603103	2
1	108603104	108606536	0
1	108606537	108634103	1
1	108634104	108644943	0
1	108644944	108645956	1
1	108645957	108658257	0
1	108658258	108703236	1
1	108703237	108706730	0
1	108706731	108708172	2
1	108708173	108712140	3
1	108712141	108712898	2
1	108712899	108719962	3
1	108719963	108757962	2
1	108757963	108836497	3
1	108836498	108896184	2
1	108896185	108916318	0
1	108916319	108918422	2
1	108918423	108918627	0
1	108918628	108935680	1
1	108935681	108952560	0
1	108952561	109034335	1
1	109034336	109093921	0
1	109093922	109105447	2
1	109105448	109150284	0
1	109150285	109160787	2
1	109160788	109168642	0
1	109168643	109170129	1
1	109170130	109176981	0
1	109176982	109202589	2
1	109202590	109206266	0
1	109206267	109242148	2
1	109242149	109248554	0
1	109248555	109256644	2
1	109256645	109268054	0
1	109268055	109268448	2
1	109268449	109275015	0
1	109275016	109279442	2
1	109279443	109284671	0
1	109284672	109294915	1
1	109294916	109352048	0
1	109352049	109353610	1
1	109353611	109368934	0
1	109368935	109369560	1
1	109369561	109403936	0
1	109403937	109405426	1
1	109405427	109454149	0
1	109454150	109467055	1
1	109467056	109554471	0
1	109554472	109555457	2
1	109555458	109576511	0
1	109576512	109578356	2
1	109578357	109605096	0
1	109605097	109614435	1
1	109614436	109621591	3
1	109621592	109643024	1
1	109643025	109667295	0
1	109667296	109682900	2
1	109682901	109716697	0
1	109716698	109717113	2
1	109717114	109728708	0
1	109728709	109734776	2
1	109734777	109738754	0
1	109738755	109740508	2
1	109740509	109749115	0
1	109749116	109757158	1
1	109757159	109757281	0
1	109757282	109795557	2
1	109795558	109795996	0
1	109795997	109814427	2
1	109814428	109818027	0
1	109818028	109823255	2
1	109823256	109824854	0
1	109824855	109834243	2
1	109834244	109835874	0
1	109835875	109839223	2
1	109839224	109844243	0
1	109844244	109855386	1
1	109855387	109875992	0
1	109875993	109877845	2
1	109877846	109883867	0
1	109883868	109890552	1
1	109890553	109891251	0
1	109891252	109896710	2
1	109896711	109899872	0
1	109899873	109907975	1
1	109907976	109916869	0
1	109916870	109942939	2
1	109942940	109971270	0
1	109971271	109972361	2
1	109972362	109976928	0
1	109976929	110048530	2
1	110048531	110050152	0
1	110050153	110062825	1
1	110062826	110066370	0
1	110066371	110071063	1
1	110071064	110071562	0
1	110071563	110081265	2
1	110081266	110086351	0
1	110086352	110092816	1
1	110092817	110130992	0
1	110130993	110146782	2
1	110146783	110147399	3
1	110147400	110149643	1
1	110149644	110155408	0
1	110155409	110168064	2
1	110168065	110173794	0
1	110173795	110188384	2
1	110188385	110189590	3
1	110189591	110190123	2
1	110190124	110195465	1
1	110195466	110209744	0
1	110209745	110222928	2
1	110222929	110248517	3
1	110248518	110326841	2
1	110326842	110327440	3
1	110327441	110328207	2
1	110328208	110328292	0
1	110328293	110342175	2
1	110342176	110342871	0
1	110342872	110347073	2
1	110347074	110347293	0
1	110347294	110349125	2
1	110349126	110351808	0
1	110351809	110392125	1
1	110392126	110394352	0
1	110394353	110394747	1
1	110394748	110408121	0
1	110408122	110411742	2
1	110411743	110417715	0
1	110417716	110435196	1
1	110435197	110437105	0
1	110437106	110466583	1
1	110466584	110469153	0
1	110469154	110500166	1
1	110500167	110504805	0
1	110504806	110505888	1
1	110505889	110507493	0
1	110507494	110509457	1
1	110509458	110520112	0
1	110520113	110522561	1
1	110522562	110525863	0
1	110525864	110527642	1
1	110527643	110530763	0
1	110530764	110540857	1
1	110540858	110542522	0
1	110542523	110569198	1
1	110569199	110574100	0
1	110574101	110585033	1
1	110585034	110590802	0
1	110590803	110606715	1
1	110606716	110620875	0
1	110620876	110628646	1
1	110628647	110653502	0
1	110653503	110660338	1
1	110660339	110698123	0
1	110698124	110713303	1
1	110713304	110721633	0
1	110721634	110735943	1
1	110735944	110805087	0
1	110805088	110829546	2
1	110829547	110831527	0
1	110831528	110847695	2
1	110847696	110868376	0
1	110868377	110890182	2
1	110890183	110916104	0
1	110916105	110917627	2
1	110917628	110959092	0
1	110959093	111036952	2
1	111036953	111083446	0
1	111083447	111083949	1
1	111083950	111094004	0
1	111094005	111105320	1
1	111105321	111130817	0
1	111130818	111142417	1
1	111142418	111150538	0
1	111150539	111170052	1
1	111170053	111181192	0
1	111181193	111200964	1
1	111200965	111216148	0
1	111216149	111237973	1
1	111237974	111276845	0
1	111276846	111285678	2
1	111285679	111303691	0
1	111303692	111322055	1
1	111322056	111378089	0
1	111378090	111381435	2
1	111381436	111394826	0
1	111394827	111408023	2
1	111408024	111417362	0
1	111417363	111437567	2
1	111437568	111439053	3
1	111439054	111443668	1
1	111443669	111486387	0
1	111486388	111491032	2
1	111491033	111508079	0
1	111508080	111514468	2
1	111514469	111517833	0
1	111517834	111517868	2
1	111517869	111519277	3
1	111519278	111523123	2
1	111523124	111533735	0
1	111533736	111540644	2
1	111540645	111543095	0
1	111543096	111547622	1
1	111547623	111548688	0
1	111548689	111571729	2
1	111571730	111576927	0
1	111576928	111583682	1
1	111583683	111584358	3
1	111584359	111608200	2
1	111608201	111608373	0
1	111608374	111629755	2
1	111629756	111635006	0
1	111635007	111641308	2
1	111641309	111680911	0
1	111680912	111684158	2
1	111684159	111686332	3
1	111686333	111698683	2
1	111698684	111712137	0
1	111712138	111789681	2
1	111789682	111790703	3
1	111790704	111835879	2
1	111835880	111853852	0
1	111853853	111917447	2
1	111917448	111970129	0
1	111970130	111986428	2
1	111986429	111988072	0
1	111988073	112009897	2
1	112009898	112014744	0
1	112014745	112015782	2
1	112015783	112021958	0
1	112021959	112062379	1
1	112062380	112063561	0
1	112063562	112072056	1
1	112072057	112073871	0
1	112073872	112076221	1
1	112076222	112078676	0
1	112078677	112080832	2
1	112080833	112082397	0
1	112082398	112092746	1
1	112092747	112117209	0
1	112117210	112125085	2
1	112125086	112129114	0
1	112129115	112138631	2
1	112138632	112142059	0
1	112142060	112144089	1
1	112144090	112148894	0
1	112148895	112165775	2
1	112165776	112220564	0
1	112220565	112251330	2
1	112251331	112261811	0
1	112261812	112270277	1
1	112270278	112271206	3
1	112271207	112321711	2
1	112321712	112325847	0
1	112325848	112327238	1
1	112327239	112347103	2
1	112347104	112350979	0
1	112350980	112354333	2
1	112354334	112391572	0
1	112391573	112410033	1
1	112410034	112411527	0
1	112411528	112415603	1
1	112415604	112416499	0
1	112416500	112426853	1
1	112426854	112434498	0
1	112434499	112438448	1
1	112438449	112440862	0
1	112440863	112449470	2
1	112449471	112461235	0
1	112461236	112490821	1
1	112490822	112562432	0
1	112562433	112564496	1
1	112564497	112567850	0
1	112567851	112575233	2
1	112575234	112575891	0
1	112575892	112599471	1
1	112599472	112612660	3
1	112612661	112615482	1
1	112615483	112644733	2
1	112644734	112647333	0
1	112647334	112659593	1
1	112659594	112660622	0
1	112660623	112697336	1
1	112697337	112701366	0
1	112701367	112727715	1
1	112727716	112734984	0
1	112734985	112747563	1
1	112747564	112817435	0
1	112817436	112833486	2
1	112833487	112873642	0
1	112873643	112883969	2
1	112883970	112900486	0
1	112900487	112906743	2
1	112906744	112932244	0
1	112932245	112974517	1
1	112974518	112983321	3
1	112983322	112989422	1
1	112989423	112992650	3
1	112992651	113000675	1
1	113000676	113003263	0
1	113003264	113011940	1
1	113011941	113018956	0
1	113018957	113025836	1
1	113025837	113031762	0
1	113031763	113036227	2
1	113036228	113039091	0
1	113039092	113054413	1
1	113054414	113057754	0
1	113057755	113075212	2
1	113075213	113076558	0
1	113076559	113103378	2
1	113103379	113122818	0
1	113122819	113150440	1
1	113150441	113154465	0
1	113154466	113166127	1
1	113166128	113166304	0
1	113166305	113243274	1
1	113243275	113244296	0
1	113244297	113258070	2
1	113258071	113262458	0
1	113262459	113263210	2
1	113263211	113272049	0
1	113272050	113272762	2
1	113272763	113283921	0
1	113283922	113293837	2
1	113293838	113300493	0
1	113300494	113302393	1
1	113302394	113304099	3
1	113304100	113313626	1
1	113313627	113322755	0
1	113322756	113344311	2
1	113344312	113380374	0
1	113380375	113406767	2
1	113406768	113413345	0
1	113413346	113417267	2
1	113417268	113419713	0
1	113419714	113421032	2
1	113421033	113421952	3
1	113421953	113435654	1
1	113435655	113506642	0
1	113506643	113528651	2
1	113528652	113548207	0
1	113548208	113557603	1
1	113557604	113603596	0
1	113603597	113626492	2
1	113626493	113632876	0
1	113632877	113644128	2
1	113644129	113644879	0
1	113644880	113652074	2
1	113652075	113688614	0
1	113688615	113690314	1
1	113690315	113711159	0
1	113711160	113711836	1
1	113711837	113712291	0
1	113712292	113712848	2
1	113712849	113727813	0
1	113727814	113730500	1
1	113730501	113739499	0
1	113739500	113745605	1
1	113745606	113746995	0
1	113746996	113758721	1
1	113758722	113759161	0
1	113759162	113788486	1
1	113788487	113795309	0
1	113795310	113798313	2
1	113798314	113802156	0
1	113802157	113810663	1
1	113810664	113814745	0
1	113814746	113818012	1
1	113818013	113823946	0
1	113823947	113827716	1
1	113827717	113828217	0
1	113828218	113828665	2
1	113828666	113857105	3
1	113857106	113864160	2
1	113864161	113876312	0
1	113876313	113879665	2
1	113879666	113890612	0
1	113890613	113898839	2
1	113898840	113905412	0
1	113905413	113907465	1
1	113907466	113955136	0
1	113955137	113956577	2
1	113956578	113987313	0
1	113987314	113989104	2
1	113989105	113989329	0
1	113989330	113993822	1
1	113993823	114008350	0
1	114008351	114052442	1
1	114052443	114062003	0
1	114062004	114076077	1
1	114076078	114105054	0
1	114105055	114187514	2
1	114187515	114189417	0
1	114189418	114192080	1
1	114192081	114192667	0
1	114192668	114202055	2
1	114202056	114202607	0
1	114202608	114206584	2
1	114206585	114217260	3
1	114217261	114234436	2
1	114234437	114236412	0
1	114236413	114241358	2
1	114241359	114267208	0
1	114267209	114278778	2
1	114278779	114281702	0
1	114281703	114300495	2
1	114300496	114309691	0
1	114309692	114311759	1
1	114311760	114322025	0
1	114322026	114324701	2
1	114324702	114342519	0
1	114342520	114352844	2
1	114352845	114354480	3
1	114354481	114428172	1
1	114428173	114433406	0
1	114433407	114443812	1
1	114443813	114444567	0
1	114444568	114459927	2
1	114459928	114463818	3
1	114463819	114594417	2
1	114594418	114599783	3
1	114599784	114602266	1
1	114602267	114607056	0
1	114607057	114614161	1
1	114614162	114615115	0
1	114615116	114618886	2
1	114618887	114619888	0
1	114619889	114626279	1
1	114626280	114637781	0
1	114637782	114661294	1
1	114661295	114661328	0
1	114661329	114662608	1
1	114662609	114665592	0
1	114665593	114677637	1
1	114677638	114681347	0
1	114681348	114689602	2
1	114689603	114697788	0
1	114697789	114727456	1
1	114727457	114740106	0
1	114740107	114741908	2
1	114741909	114757862	0
1	114757863	114763591	2
1	114763592	114768641	0
1	114768642	114867393	1
1	114867394	115007132	0
1	115007133	115019798	2
1	115019799	115030263	0
1	115030264	115047903	2
1	115047904	115085480	0
1	115085481	115110328	1
1	115110329	115185144	0
1	115185145	115203010	1
1	115203011	115224358	0
1	115224359	115250924	2
1	115250925	115286648	0
1	115286649	115306302	2
1	115306303	115323204	0
1	115323205	115351405	2
1	115351406	115413854	0
1	115413855	115462986	1
1	115462987	115471646	0
1	115471647	115495294	2
1	115495295	115512974	0
1	115512975	115604273	1
1	115604274	115640403	0
1	115640404	115657147	1
1	115657148	115702045	0
1	115702046	115721843	2
1	115721844	115745241	0
1	115745242	115759073	1
1	115759074	115784294	0
1	115784295	115803954	1
1	115803955	115832626	0
1	115832627	115854491	2
1	115854492	115869903	0
1	115869904	115887465	1
1	115887466	115897914	0
1	115897915	115971884	2
1	115971885	115992631	0
1	115992632	116023683	1
1	116023684	116037734	0
1	116037735	116038337	1
1	116038338	116038972	3
1	116038973	116053029	1
1	116053030	116089086	0
1	116089087	116111743	1
1	116111744	116142326	0
1	116142327	116143564	1
1	116143565	116185189	0
1	116185190	116197899	1
1	116197900	116252365	0
1	116252366	116302325	2
1	116302326	116348302	3
1	116348303	116382165	2
1	116382166	116459375	0
1	116459376	116460253	1
1	116460254	116499581	0
1	116499582	116522717	2
1	116522718	116546805	0
1	116546806	116548040	1
1	116548041	116548840	3
1	116548841	116557868	1
1	116557869	116575545	0
1	116575546	116586019	1
1	116586020	116586356	0
1	116586357	116587501	2
1	116587502	116587597	0
1	116587598	116589573	1
1	116589574	116594327	0
1	116594328	116641189	1
1	116641190	116641943	0
1	116641944	116655634	2
1	116655635	116658079	0
1	116658080	116669233	2
1	116669234	116671156	0
1	116671157	116676033	2
1	116676034	116676656	0
1	116676657	116680513	2
1	116680514	116688836	0
1	116688837	116689162	1
1	116689163	116689688	0
1	116689689	116693471	1
1	116693472	116710485	0
1	116710486	116716399	1
1	116716400	116728527	0
1	116728528	116732551	1
1	116732552	116757287	0
1	116757288	116760451	2
1	116760452	116760715	0
1	116760716	116761163	1
1	116761164	116763281	0
1	116763282	116764501	1
1	116764502	116764778	0
1	116764779	116770060	2
1	116770061	116773599	0
1	116773600	116782719	1
1	116782720	116783333	3
1	116783334	116783335	1
1	116783336	116784790	0
1	116784791	116791911	1
1	116791912	116795342	0
1	116795343	116814411	2
1	116814412	116831803	0
1	116831804	116842634	2
1	116842635	116848964	0
1	116848965	116858192	1
1	116858193	116859785	0
1	116859786	116864768	1
1	116864769	116869357	0
1	116869358	116877187	1
1	116877188	116878422	0
1	116878423	116879941	2
1	116879942	116880963	0
1	116880964	116885715	1
1	116885716	116887293	0
1	116887294	116888190	1
1	116888191	116888724	0
1	116888725	116890721	2
1	116890722	116891474	0
1	116891475	116891704	1
1	116891705	116893561	3
1	116893562	116985762	1
1	116985763	116991801	0
1	116991802	116999281	1
1	116999282	117054815	0
1	117054816	117056424	1
1	117056425	117082058	0
1	117082059	117082680	2
1	117082681	117103755	0
1	117103756	117116778	2
1	117116779	117119255	0
1	117119256	117119530	2
1	117119531	117120998	3
1	117120999	117121413	2
1	117121414	117129066	3
1	117129067	117157271	2
1	117157272	117167071	0
1	117167072	117170711	2
1	117170712	117198287	0
1	117198288	117199279	1
1	117199280	117252002	0
1	117252003	117253167	1
1	117253168	117257035	0
1	117257036	117257934	1
1	117257935	117261668	0
1	117261669	117273309	1
1	117273310	117287270	0
1	117287271	117301932	1
1	117301933	117305360	0
1	117305361	117307173	1
1	117307174	117308836	0
1	117308837	117317761	1
1	117317762	117318773	0
1	117318774	117334257	1
1	117334258	117343759	0
1	117343760	117367278	2
1	117367279	117410465	0
1	117410466	117423689	1
1	117423690	117436237	0
1	117436238	117440583	1
1	117440584	117444939	0
1	117444940	117453462	2
1	117453463	117454490	3
1	117454491	117456191	1
1	117456192	117486116	0
1	117486117	117503238	1
1	117503239	117503631	0
1	117503632	117511717	1
1	117511718	117514293	0
1	117514294	117537889	1
1	117537890	117584564	0
1	117584565	117587705	2
1	117587706	117596703	0
1	117596704	117597290	1
1	117597291	117643040	0
1	117643041	117643736	1
1	117643737	117644251	3
1	117644252	117656165	1
1	117656166	117696285	0
1	117696286	117697424	1
1	117697425	117697448	0
1	117697449	117708290	2
1	117708291	117725788	0
1	117725789	117734058	1
1	117734059	117795926	0
1	117795927	117798175	1
1	117798176	117801664	0
1	117801665	117802944	2
1	117802945	117814755	0
1	117814756	117919312	1
1	117919313	117922649	0
1	117922650	117948400	1
1	117948401	117959429	0
1	117959430	118006437	1
1	118006438	118063750	0
1	118063751	118117476	1
1	118117477	118422442	0
1	118422443	118435478	1
1	118435479	118458587	0
1	118458588	118524207	1
1	118524208	118670744	0
1	118670745	118767212	2
1	118767213	118768531	3
1	118768532	118774852	2
1	118774853	118778222	0
1	118778223	118778665	1
1	118778666	118849073	0
1	118849074	118849657	2
1	118849658	118908190	0
1	118908191	118922941	2
1	118922942	118924263	0
1	118924264	118934170	1
1	118934171	118961880	0
1	118961881	119007905	1
1	119007906	119009157	0
1	119009158	119053138	1
1	119053139	119061653	0
1	119061654	119117954	2
1	119117955	119122763	3
1	119122764	119123013	1
1	119123014	119125512	3
1	119125513	119200461	2
1	119200462	119205831	0
1	119205832	119226932	2
1	119226933	119229052	3
1	119229053	119290210	1
1	119290211	119306818	0
1	119306819	119311840	1
1	119311841	119321907	0
1	119321908	119322623	1
1	119322624	119324978	0
1	119324979	119376132	2
1	119376133	119379236	0
1	119379237	119384859	1
1	119384860	119456954	0
1	119456955	119526248	1
1	119526249	119543242	0
1	119543243	119579401	1
1	119579402	120388316	0
1	120388317	120455721	2
1	120455722	121123683	0
1	121123684	121302656	1
1	121302657	121528135	0
1	121528136	121612183	1
1	121612184	121687956	0
1	121687957	121697514	1
1	121697515	121757595	0
1	121757596	121767111	2
1	121767112	121781179	0
1	121781180	121782030	1
1	121782031	121809414	0
1	121809415	121815427	1
1	121815428	121860640	0
1	121860641	121879793	1
1	121879794	122035148	0
1	122035149	122035239	1
1	122035240	122036173	3
1	122036174	122037757	2
1	122037758	122045542	0
1	122045543	122046423	2
