<CHROM>	<START>	<END>	<TSB>
31	0	210545	0
31	210546	211048	2
31	211049	273491	0
31	273492	274591	1
31	274592	769485	0
31	769486	787624	2
31	787625	791137	0
31	791138	817986	1
31	817987	1049799	0
31	1049800	1077626	2
31	1077627	1088629	0
31	1088630	1089021	1
31	1089022	1879583	0
31	1879584	2197383	1
31	2197384	2350025	0
31	2350026	2350894	2
31	2350895	3742467	0
31	3742468	3766170	2
31	3766171	4198478	0
31	4198479	4198630	2
31	4198631	4641690	0
31	4641691	4642318	2
31	4642319	5742990	0
31	5742991	6008283	2
31	6008284	7458864	0
31	7458865	7460520	1
31	7460521	8082559	0
31	8082560	8595379	2
31	8595380	9414708	0
31	9414709	9590957	1
31	9590958	9923188	0
31	9923189	9924027	1
31	9924028	9935965	0
31	9935966	9936348	1
31	9936349	10592138	0
31	10592139	10593542	2
31	10593543	11125881	0
31	11125882	11126706	1
31	11126707	11139271	0
31	11139272	11180930	1
31	11180931	11203855	0
31	11203856	11218861	2
31	11218862	11273605	0
31	11273606	11355625	2
31	11355626	11364862	0
31	11364863	11378480	1
31	11378481	11482143	0
31	11482144	11534224	1
31	11534225	11855898	0
31	11855899	11859395	1
31	11859396	12555490	0
31	12555491	12691508	2
31	12691509	12835928	0
31	12835929	12944208	2
31	12944209	13127845	0
31	13127846	13128323	1
31	13128324	14044701	0
31	14044702	14079627	2
31	14079628	14097435	3
31	14097436	14117825	1
31	14117826	14230379	0
31	14230380	14253805	1
31	14253806	14356454	0
31	14356455	14357716	2
31	14357717	14582733	0
31	14582734	14606008	2
31	14606009	14607969	0
31	14607970	14725971	1
31	14725972	17213521	0
31	17213522	17429508	2
31	17429509	18286733	0
31	18286734	18287302	1
31	18287303	21089305	0
31	21089306	21110902	1
31	21110903	21137451	0
31	21137452	21197597	2
31	21197598	21207237	0
31	21207238	21212217	1
31	21212218	21217487	0
31	21217488	21251838	2
31	21251839	21350910	0
31	21350911	21614335	1
31	21614336	21855873	0
31	21855874	21960468	1
31	21960469	22007679	0
31	22007680	22008750	1
31	22008751	22169404	0
31	22169405	22178892	1
31	22178893	22249090	0
31	22249091	22289510	1
31	22289511	23897686	0
31	23897687	23935032	2
31	23935033	23944826	0
31	23944827	24008770	1
31	24008771	24016666	0
31	24016667	24026649	1
31	24026650	24037566	0
31	24037567	24059789	2
31	24059790	24061339	0
31	24061340	24076314	1
31	24076315	24131808	0
31	24131809	24168402	2
31	24168403	24269289	0
31	24269290	24312736	2
31	24312737	24478708	0
31	24478709	24654685	1
31	24654686	25041091	0
31	25041092	25041765	1
31	25041766	25072096	0
31	25072097	25073490	1
31	25073491	25076676	0
31	25076677	25090718	1
31	25090719	25144044	0
31	25144045	25144805	1
31	25144806	25151565	0
31	25151566	25152197	1
31	25152198	25187659	0
31	25187660	25188069	1
31	25188070	25207320	0
31	25207321	25207949	1
31	25207950	25259368	0
31	25259369	25296882	2
31	25296883	25297379	3
31	25297380	25311144	2
31	25311145	25311650	3
31	25311651	25315781	2
31	25315782	25345973	0
31	25345974	25346155	1
31	25346156	25502452	0
31	25502453	25502694	2
31	25502695	25583021	0
31	25583022	25583401	2
31	25583402	25715010	0
31	25715011	25719281	1
31	25719282	25810797	0
31	25810798	25810988	1
31	25810989	25830477	0
31	25830478	25830740	1
31	25830741	25880029	0
31	25880030	25880490	1
31	25880491	26058782	0
31	26058783	26259993	1
31	26259994	26539771	0
31	26539772	26544204	2
31	26544205	26545635	0
31	26545636	26583167	1
31	26583168	26748324	0
31	26748325	26830487	2
31	26830488	27024718	0
31	27024719	27038979	1
31	27038980	27059095	0
31	27059096	27082654	2
31	27082655	27087568	0
31	27087569	27158149	1
31	27158150	27177785	0
31	27177786	27256885	2
31	27256886	27294852	0
31	27294853	27305406	1
31	27305407	27308038	0
31	27308039	27398040	1
31	27398041	27406604	0
31	27406605	27439750	1
31	27439751	27460091	0
31	27460092	27460750	1
31	27460751	27674124	0
31	27674125	27678080	2
31	27678081	27718884	0
31	27718885	27721391	2
31	27721392	27869400	0
31	27869401	27891960	2
31	27891961	27892343	0
31	27892344	27918720	2
31	27918721	27954988	0
31	27954989	27955275	2
31	27955276	27976297	3
31	27976298	27977357	2
31	27977358	28020267	0
31	28020268	28049720	2
31	28049721	28061048	0
31	28061049	28098262	1
31	28098263	28115004	0
31	28115005	28116185	1
31	28116186	28133035	0
31	28133036	28165459	1
31	28165460	28165836	0
31	28165837	28172237	2
31	28172238	28173226	3
31	28173227	28197591	2
31	28197592	28199483	0
31	28199484	28209444	1
31	28209445	28210542	0
31	28210543	28237682	1
31	28237683	28314019	0
31	28314020	28456299	2
31	28456300	28471459	0
31	28471460	28481661	1
31	28481662	28610330	0
31	28610331	28635231	2
31	28635232	28728657	0
31	28728658	28730733	1
31	28730734	28759605	0
31	28759606	28790980	2
31	28790981	28791512	0
31	28791513	28819590	2
31	28819591	28844368	0
31	28844369	28845014	2
31	28845015	28854402	0
31	28854403	28854751	1
31	28854752	28855454	3
31	28855455	28876518	2
31	28876519	28927795	0
31	28927796	28948912	2
31	28948913	28960362	0
31	28960363	28996784	1
31	28996785	29013857	0
31	29013858	29015038	1
31	29015039	29033417	0
31	29033418	29060576	1
31	29060577	29064685	0
31	29064686	29071086	2
31	29071087	29072075	3
31	29072076	29096440	2
31	29096441	29098324	0
31	29098325	29107771	1
31	29107772	29108348	0
31	29108349	29127828	1
31	29127829	29144522	0
31	29144523	29145595	1
31	29145596	29212836	0
31	29212837	29355105	2
31	29355106	29370928	0
31	29370929	29380450	1
31	29380451	29508315	0
31	29508316	29579315	2
31	29579316	29777152	0
31	29777153	29777837	2
31	29777838	29791416	0
31	29791417	29791580	2
31	29791581	29813842	0
31	29813843	29814600	1
31	29814601	29858724	0
31	29858725	29859116	1
31	29859117	29907731	0
31	29907732	30002320	1
31	30002321	30003441	0
31	30003442	30102942	2
31	30102943	30170965	0
31	30170966	30420330	1
31	30420331	31249664	0
31	31249665	31309544	1
31	31309545	31316429	0
31	31316430	31377095	2
31	31377096	31416107	0
31	31416108	31423729	2
31	31423730	31430884	0
31	31430885	31538059	2
31	31538060	31547148	0
31	31547149	31589433	2
31	31589434	31599842	0
31	31599843	31619782	2
31	31619783	31677731	0
31	31677732	31678444	1
31	31678445	31879363	0
31	31879364	31929114	2
31	31929115	31938085	0
31	31938086	32002244	1
31	32002245	32140510	3
31	32140511	32188759	2
31	32188760	32217650	0
31	32217651	32230433	1
31	32230434	32244166	0
31	32244167	32349253	2
31	32349254	32380245	0
31	32380246	32427644	1
31	32427645	32564985	0
31	32564986	32641981	2
31	32641982	32642403	3
31	32642404	32655941	2
31	32655942	32756202	0
31	32756203	33011043	1
31	33011044	33385753	0
31	33385754	33386883	2
31	33386884	33458357	0
31	33458358	33632211	1
31	33632212	33846819	0
31	33846820	33862689	2
31	33862690	33914688	0
31	33914689	33926797	2
31	33926798	34121816	0
31	34121817	34240551	1
31	34240552	34276221	0
31	34276222	34282231	1
31	34282232	34303830	0
31	34303831	34303946	2
31	34303947	34356442	0
31	34356443	34376295	2
31	34376296	34442717	0
31	34442718	34483011	2
31	34483012	34529576	0
31	34529577	34584545	2
31	34584546	34667284	0
31	34667285	34974315	1
31	34974316	35714016	0
31	35714017	35760367	2
31	35760368	35806091	0
31	35806092	35844252	2
31	35844253	35860594	0
31	35860595	35884280	2
31	35884281	35905233	0
31	35905234	35929861	2
31	35929862	35933079	0
31	35933080	35959874	1
31	35959875	35968218	0
31	35968219	35969228	2
31	35969229	36039780	0
31	36039781	36040670	1
31	36040671	36042809	0
31	36042810	36043159	2
31	36043160	36168104	0
31	36168105	36196170	1
31	36196171	36220497	0
31	36220498	36285750	1
31	36285751	36295294	0
31	36295295	36349040	1
31	36349041	36393782	0
31	36393783	36394861	2
31	36394862	36449655	0
31	36449656	36507249	2
31	36507250	36553378	0
31	36553379	36620041	2
31	36620042	36638760	0
31	36638761	36641694	1
31	36641695	36665531	0
31	36665532	36670939	1
31	36670940	36681311	0
31	36681312	36684658	1
31	36684659	36707721	0
31	36707722	36730196	1
31	36730197	36735769	0
31	36735770	36778000	2
31	36778001	36792423	0
31	36792424	36810990	1
31	36810991	36828398	0
31	36828399	36890808	2
31	36890809	36949761	0
31	36949762	37036365	2
31	37036366	37086031	0
31	37086032	37106740	1
31	37106741	37118165	0
31	37118166	37201039	2
31	37201040	37244344	3
31	37244345	37259322	2
31	37259323	37263203	0
31	37263204	37276098	1
31	37276099	37276616	3
31	37276617	37278842	2
31	37278843	37307068	0
31	37307069	37310260	2
31	37310261	37455073	0
31	37455074	37465805	1
31	37465806	37466457	0
31	37466458	37467668	1
31	37467669	37544763	0
31	37544764	37643395	1
31	37643396	37653070	0
31	37653071	37670939	2
31	37670940	37692792	0
31	37692793	37712091	2
31	37712092	37718224	0
31	37718225	37718636	1
31	37718637	37732616	0
31	37732617	37747051	2
31	37747052	37861815	0
31	37861816	37879663	2
31	37879664	37910610	0
31	37910611	37996506	2
31	37996507	38000194	0
31	38000195	38012501	2
31	38012502	38084814	0
31	38084815	38094817	1
31	38094818	38099401	0
31	38099402	38110905	1
31	38110906	38139660	0
31	38139661	38148976	2
31	38148977	38156312	0
31	38156313	38165058	2
31	38165059	38165963	3
31	38165964	38166511	2
31	38166512	38178791	3
31	38178792	38192940	1
31	38192941	38206772	0
31	38206773	38249202	2
31	38249203	38261197	0
31	38261198	38261970	2
31	38261971	38273161	0
31	38273162	38337290	1
31	38337291	38360431	0
31	38360432	38389149	2
31	38389150	38395966	0
31	38395967	38396457	2
31	38396458	38430798	0
31	38430799	38469167	1
31	38469168	38470108	3
31	38470109	38470708	2
31	38470709	38478898	0
31	38478899	38512686	1
31	38512687	38513777	3
31	38513778	38559188	1
31	38559189	38575426	3
31	38575427	38591907	2
31	38591908	38715543	0
31	38715544	38799892	2
31	38799893	38813082	0
31	38813083	38820908	1
31	38820909	38834606	0
31	38834607	38835016	2
31	38835017	38875632	0
31	38875633	38896870	2
31	38896871	38956269	3
31	38956270	38959688	2
31	38959689	38971185	3
31	38971186	39432546	2
31	39432547	39433148	3
31	39433149	39451549	2
31	39451550	39454153	3
31	39454154	39464508	1
31	39464509	39467336	0
31	39467337	39475051	1
31	39475052	39475422	0
31	39475423	39521743	1
31	39521744	39522054	3
31	39522055	39562754	1
31	39562755	39565063	3
31	39565064	39578034	1
31	39578035	39634271	3
31	39634272	39770011	2
31	39770012	39770775	3
31	39770776	39776802	2
31	39776803	39784913	0
31	39784914	39786665	1
31	39786666	39807593	0
31	39807594	39838960	2
