<CHROM>	<START>	<END>	<TSB>
36	0	507210	0
36	507211	507443	1
36	507444	642896	0
36	642897	696461	2
36	696462	700619	3
36	700620	1157224	2
36	1157225	1354622	0
36	1354623	1497140	2
36	1497141	1588709	0
36	1588710	1589095	2
36	1589096	2111613	0
36	2111614	2112161	1
36	2112162	2546242	0
36	2546243	2554507	1
36	2554508	2678519	0
36	2678520	2780609	2
36	2780610	3004347	0
36	3004348	3004679	1
36	3004680	3309741	0
36	3309742	3349562	2
36	3349563	3355509	0
36	3355510	3363265	1
36	3363266	3432321	0
36	3432322	3460243	1
36	3460244	3541246	0
36	3541247	3628607	1
36	3628608	3743213	0
36	3743214	3818648	1
36	3818649	4084606	0
36	4084607	4342483	1
36	4342484	4380108	0
36	4380109	4575832	2
36	4575833	4678563	0
36	4678564	4699308	2
36	4699309	4849426	0
36	4849427	5019602	2
36	5019603	5020520	0
36	5020521	5071504	1
36	5071505	5086528	0
36	5086529	5306315	1
36	5306316	5499127	0
36	5499128	5531821	2
36	5531822	5535552	0
36	5535553	5563217	1
36	5563218	5569722	0
36	5569723	5657976	1
36	5657977	5695102	0
36	5695103	5793652	1
36	5793653	5835306	0
36	5835307	5909632	1
36	5909633	5978061	0
36	5978062	6110418	1
36	6110419	6768911	0
36	6768912	6828570	2
36	6828571	6889622	0
36	6889623	6986711	2
36	6986712	6989701	0
36	6989702	6997932	2
36	6997933	7106843	0
36	7106844	7392312	2
36	7392313	7398550	0
36	7398551	7473210	1
36	7473211	7544635	0
36	7544636	7554019	1
36	7554020	7571877	0
36	7571878	7647679	1
36	7647680	7668911	0
36	7668912	7726985	1
36	7726986	7749343	0
36	7749344	7778966	2
36	7778967	7790277	0
36	7790278	7942744	1
36	7942745	8258639	0
36	8258640	8261009	1
36	8261010	8920222	0
36	8920223	9044042	1
36	9044043	9710114	0
36	9710115	9824674	1
36	9824675	9886987	0
36	9886988	10044500	1
36	10044501	10045186	3
36	10045187	10118569	0
36	10118570	10174216	1
36	10174217	10298797	0
36	10298798	10405345	1
36	10405346	10517616	0
36	10517617	10602683	2
36	10602684	10664623	0
36	10664624	10853751	2
36	10853752	10894353	0
36	10894354	10940370	1
36	10940371	11008697	0
36	11008698	11086624	1
36	11086625	11105927	0
36	11105928	11183494	1
36	11183495	11287013	0
36	11287014	11382849	1
36	11382850	11480767	0
36	11480768	11561453	1
36	11561454	11753551	0
36	11753552	11754930	2
36	11754931	12159926	0
36	12159927	12235472	2
36	12235473	12282335	0
36	12282336	12282766	2
36	12282767	12761819	0
36	12761820	12762799	2
36	12762800	12866816	0
36	12866817	13307780	1
36	13307781	13308052	0
36	13308053	13602678	2
36	13602679	13626904	0
36	13626905	13683760	2
36	13683761	13697305	0
36	13697306	13710364	1
36	13710365	13723420	0
36	13723421	13730222	2
36	13730223	13746962	0
36	13746963	13823632	1
36	13823633	13861947	0
36	13861948	13880177	2
36	13880178	13911908	0
36	13911909	13912494	1
36	13912495	13915630	0
36	13915631	14070683	1
36	14070684	14206401	0
36	14206402	14251597	2
36	14251598	14256322	0
36	14256323	14298577	1
36	14298578	14306917	0
36	14306918	14353186	2
36	14353187	14359427	0
36	14359428	14396083	1
36	14396084	14401506	0
36	14401507	14402231	2
36	14402232	14419986	0
36	14419987	14434297	2
36	14434298	14465046	0
36	14465047	14475003	2
36	14475004	14476490	3
36	14476491	14483870	1
36	14483871	14537920	0
36	14537921	14721632	2
36	14721633	14804268	0
36	14804269	15006710	2
36	15006711	15256358	0
36	15256359	15260088	2
36	15260089	15296714	0
36	15296715	15333734	2
36	15333735	15351287	0
36	15351288	15392988	2
36	15392989	15447475	0
36	15447476	15485283	2
36	15485284	15526769	0
36	15526770	15631334	1
36	15631335	15819286	0
36	15819287	15905062	1
36	15905063	15905305	0
36	15905306	15961236	2
36	15961237	15970941	0
36	15970942	15997703	2
36	15997704	16103205	0
36	16103206	16164354	2
36	16164355	16185906	0
36	16185907	16287709	1
36	16287710	16309773	0
36	16309774	16333735	2
36	16333736	16334469	3
36	16334470	16378702	2
36	16378703	16390641	0
36	16390642	16480231	2
36	16480232	16485225	0
36	16485226	16489389	2
36	16489390	16499206	0
36	16499207	16502190	1
36	16502191	16776967	0
36	16776968	16854627	2
36	16854628	16918072	0
36	16918073	16944384	2
36	16944385	17040243	0
36	17040244	17323722	2
36	17323723	17354282	0
36	17354283	17513675	2
36	17513676	17575992	0
36	17575993	17585114	2
36	17585115	18021635	0
36	18021636	18077125	1
36	18077126	18178177	0
36	18178178	18340240	1
36	18340241	18401004	0
36	18401005	18403181	2
36	18403182	18448485	0
36	18448486	18452325	1
36	18452326	18473967	3
36	18473968	18520190	1
36	18520191	18577268	0
36	18577269	18722793	1
36	18722794	18726241	0
36	18726242	18742503	1
36	18742504	18758324	0
36	18758325	18835328	1
36	18835329	19034712	0
36	19034713	19102908	1
36	19102909	19131327	0
36	19131328	19134033	1
36	19134034	19189484	0
36	19189485	19190525	2
36	19190526	19469662	0
36	19469663	19470183	1
36	19470184	19732343	0
36	19732344	19809356	1
36	19809357	19887522	0
36	19887523	19891245	1
36	19891246	19907440	0
36	19907441	19908406	2
36	19908407	19914986	0
36	19914987	19916764	2
36	19916765	19924405	0
36	19924406	19930059	2
36	19930060	19938914	0
36	19938915	19939924	2
36	19939925	19960159	0
36	19960160	19961369	2
36	19961370	19976912	0
36	19976913	19980230	2
36	19980231	19995330	0
36	19995331	19996294	2
36	19996295	20067427	0
36	20067428	20135390	2
36	20135391	20973940	0
36	20973941	20974646	1
36	20974647	20975082	3
36	20975083	20979870	2
36	20979871	20987567	0
36	20987568	21022228	1
36	21022229	21131639	0
36	21131640	21271601	2
36	21271602	21272522	3
36	21272523	21273595	1
36	21273596	21325337	0
36	21325338	21330690	1
36	21330691	21339935	0
36	21339936	21718100	1
36	21718101	21749428	0
36	21749429	21764816	2
36	21764817	21908945	0
36	21908946	22021973	2
36	22021974	22040435	0
36	22040436	22061767	2
36	22061768	22079704	3
36	22079705	22086350	2
36	22086351	22087175	3
36	22087176	22101083	1
36	22101084	22104349	0
36	22104350	22133522	2
36	22133523	22147895	0
36	22147896	22404130	1
36	22404131	22404843	3
36	22404844	22414965	1
36	22414966	22446284	0
36	22446285	22626220	1
36	22626221	22648560	0
36	22648561	22741992	1
36	22741993	22917584	0
36	22917585	23204050	1
36	23204051	23354618	0
36	23354619	23413131	1
36	23413132	24201064	0
36	24201065	24286230	2
36	24286231	24654102	0
36	24654103	24713886	2
36	24713887	24732502	3
36	24732503	24839242	1
36	24839243	25039542	0
36	25039543	25075725	2
36	25075726	25125237	0
36	25125238	25241777	2
36	25241778	25250060	0
36	25250061	25579809	1
36	25579810	25618075	0
36	25618076	25618644	2
36	25618645	25769779	0
36	25769780	25824888	2
36	25824889	25884495	0
36	25884496	25907337	1
36	25907338	25964165	0
36	25964166	26054826	1
36	26054827	26095498	0
36	26095499	26110901	2
36	26110902	26111793	0
36	26111794	26113574	2
36	26113575	26128642	0
36	26128643	26173035	2
36	26173036	27227892	0
36	27227893	27228413	1
36	27228414	27454452	0
36	27454453	27527772	2
36	27527773	28196596	0
36	28196597	28271598	2
36	28271599	28730211	0
36	28730212	28743882	2
36	28743883	28815195	0
36	28815196	28890640	2
36	28890641	28936245	0
36	28936246	28964624	2
36	28964625	28989777	0
36	28989778	29019610	1
36	29019611	29345717	0
36	29345718	29385122	1
36	29385123	29457091	0
36	29457092	29511308	1
36	29511309	30108884	0
36	30108885	30250890	2
36	30250891	30487820	0
36	30487821	30526561	2
36	30526562	30537637	0
36	30537638	30677656	1
