<CHROM>	<START>	<END>	<TSB>
5	0	740977	0
5	740978	747639	2
5	747640	753033	0
5	753034	791769	1
5	791770	804898	0
5	804899	846192	1
5	846193	875451	0
5	875452	931450	1
5	931451	932299	0
5	932300	933576	1
5	933577	964290	0
5	964291	964766	2
5	964767	976140	0
5	976141	989697	1
5	989698	995609	0
5	995610	996895	2
5	996896	999442	3
5	999443	1020263	1
5	1020264	1020758	0
5	1020759	1082004	2
5	1082005	1082045	0
5	1082046	1165227	1
5	1165228	1273862	0
5	1273863	1316832	2
5	1316833	1356818	0
5	1356819	1362318	2
5	1362319	2446082	0
5	2446083	2655048	2
5	2655049	2655532	0
5	2655533	2655894	2
5	2655895	2722898	0
5	2722899	3066371	1
5	3066372	4045380	0
5	4045381	4084216	2
5	4084217	4457957	0
5	4457958	4480433	1
5	4480434	4497189	0
5	4497190	4517481	2
5	4517482	4612238	0
5	4612239	4634541	2
5	4634542	4652439	0
5	4652440	4666714	1
5	4666715	4704641	0
5	4704642	4786048	1
5	4786049	4879190	0
5	4879191	4941879	2
5	4941880	4944235	0
5	4944236	4985384	2
5	4985385	4985561	3
5	4985562	5032315	1
5	5032316	5238741	0
5	5238742	5310646	1
5	5310647	5424478	0
5	5424479	5686208	2
5	5686209	5736509	0
5	5736510	5760796	1
5	5760797	5809116	0
5	5809117	5812792	2
5	5812793	5840129	0
5	5840130	5958688	1
5	5958689	6073008	0
5	6073009	6190182	2
5	6190183	7999872	0
5	7999873	8123078	2
5	8123079	8133247	0
5	8133248	8156078	1
5	8156079	8172458	0
5	8172459	8212696	1
5	8212697	8222241	0
5	8222242	8224414	1
5	8224415	8225145	3
5	8225146	8236393	2
5	8236394	8247828	3
5	8247829	8252453	2
5	8252454	8254046	0
5	8254047	8300355	1
5	8300356	8300439	0
5	8300440	8313526	2
5	8313527	8435558	0
5	8435559	8536134	2
5	8536135	8566908	0
5	8566909	8585486	1
5	8585487	8586322	0
5	8586323	8587287	2
5	8587288	8593566	3
5	8593567	8598681	2
5	8598682	8638898	0
5	8638899	8639654	1
5	8639655	8663729	0
5	8663730	8664967	2
5	8664968	8748110	0
5	8748111	8749241	2
5	8749242	8752714	0
5	8752715	8754125	1
5	8754126	8807715	0
5	8807716	8813174	1
5	8813175	8844018	0
5	8844019	8850300	2
5	8850301	8875253	0
5	8875254	8907884	1
5	8907885	8915316	0
5	8915317	8942144	1
5	8942145	8947246	0
5	8947247	8964205	1
5	8964206	9001666	0
5	9001667	9044368	2
5	9044369	9053923	0
5	9053924	9242667	1
5	9242668	9372018	0
5	9372019	9380287	2
5	9380288	9383818	0
5	9383819	9397228	1
5	9397229	9422624	0
5	9422625	9504917	1
5	9504918	9520758	0
5	9520759	9534956	2
5	9534957	9547045	0
5	9547046	9561373	2
5	9561374	9563009	0
5	9563010	9578987	1
5	9578988	9623092	0
5	9623093	9655340	2
5	9655341	9658892	0
5	9658893	9673066	2
5	9673067	9674792	0
5	9674793	9680455	1
5	9680456	9719027	0
5	9719028	9731392	1
5	9731393	9731926	3
5	9731927	9769197	2
5	9769198	9773385	0
5	9773386	9783943	1
5	9783944	9787945	0
5	9787946	9788727	1
5	9788728	9826882	0
5	9826883	9827856	1
5	9827857	9842074	0
5	9842075	9843003	2
5	9843004	9871791	0
5	9871792	9872711	2
5	9872712	9934345	0
5	9934346	9935286	2
5	9935287	9950649	0
5	9950650	9951593	2
5	9951594	9974676	0
5	9974677	9977188	1
5	9977189	9992863	0
5	9992864	9993819	2
5	9993820	10003129	0
5	10003130	10005877	2
5	10005878	10145406	0
5	10145407	10146487	2
5	10146488	10178301	0
5	10178302	10180029	2
5	10180030	10188941	0
5	10188942	10190234	2
5	10190235	10201012	0
5	10201013	10201941	1
5	10201942	10229356	0
5	10229357	10230456	1
5	10230457	10237843	0
5	10237844	10238805	1
5	10238806	10251421	0
5	10251422	10252347	1
5	10252348	10259722	0
5	10259723	10260669	1
5	10260670	10297142	0
5	10297143	10298077	1
5	10298078	10327836	0
5	10327837	10328771	1
5	10328772	10338842	0
5	10338843	10362322	1
5	10362323	10384658	0
5	10384659	10385593	2
5	10385594	10414895	0
5	10414896	10415827	1
5	10415828	10424826	0
5	10424827	10426303	1
5	10426304	10450784	0
5	10450785	10451719	1
5	10451720	10469124	0
5	10469125	10470059	2
5	10470060	10479633	0
5	10479634	10480568	1
5	10480569	10494980	0
5	10494981	10495978	2
5	10495979	10509383	0
5	10509384	10510378	2
5	10510379	10525621	0
5	10525622	10526825	1
5	10526826	10546263	0
5	10546264	10547207	1
5	10547208	10567644	0
5	10567645	10572679	1
5	10572680	10587437	0
5	10587438	10588372	2
5	10588373	10597172	0
5	10597173	10598104	2
5	10598105	10632473	0
5	10632474	10633858	1
5	10633859	10649631	0
5	10649632	10651275	2
5	10651276	10697776	0
5	10697777	10698705	2
5	10698706	10705413	0
5	10705414	10723927	2
5	10723928	10784598	0
5	10784599	10804063	2
5	10804064	10814582	0
5	10814583	10938850	1
5	10938851	10975934	0
5	10975935	10977058	2
5	10977059	11282832	0
5	11282833	11286645	2
5	11286646	11293058	0
5	11293059	11296609	2
5	11296610	11365803	0
5	11365804	11369573	2
5	11369574	11382102	0
5	11382103	11443423	1
5	11443424	11455737	0
5	11455738	11485799	1
5	11485800	11500667	0
5	11500668	11530165	1
5	11530166	12493150	0
5	12493151	12650765	1
5	12650766	12763284	0
5	12763285	12774541	1
5	12774542	12880629	0
5	12880630	12949145	1
5	12949146	12963178	0
5	12963179	13035642	1
5	13035643	13073029	0
5	13073030	13451788	1
5	13451789	13518777	0
5	13518778	13669189	1
5	13669190	13671315	0
5	13671316	13678847	1
5	13678848	13688957	0
5	13688958	13754409	1
5	13754410	13767590	0
5	13767591	13783188	1
5	13783189	13852801	0
5	13852802	13879458	2
5	13879459	14228080	0
5	14228081	14292887	2
5	14292888	14313472	0
5	14313473	14315054	2
5	14315055	14506204	0
5	14506205	14512156	2
5	14512157	14528037	0
5	14528038	14541949	2
5	14541950	14542692	3
5	14542693	14562905	2
5	14562906	14565862	0
5	14565863	14567187	1
5	14567188	14593173	0
5	14593174	14597902	2
5	14597903	14607320	0
5	14607321	14676906	1
5	14676907	14682002	0
5	14682003	14686754	2
5	14686755	14688198	0
5	14688199	14691733	1
5	14691734	14693172	0
5	14693173	14704877	1
5	14704878	14707935	0
5	14707936	14720820	1
5	14720821	14728437	0
5	14728438	14743101	1
5	14743102	14745504	0
5	14745505	14755572	1
5	14755573	14760961	0
5	14760962	14764834	2
5	14764835	14766124	0
5	14766125	14766555	2
5	14766556	14767913	0
5	14767914	14775080	1
5	14775081	14777068	0
5	14777069	14786690	1
5	14786691	14795728	0
5	14795729	14808327	2
5	14808328	14823490	0
5	14823491	14829450	2
5	14829451	14830871	0
5	14830872	14833442	1
5	14833443	14834171	0
5	14834172	14836230	2
5	14836231	14836491	0
5	14836492	14843650	1
5	14843651	14852382	0
5	14852383	14861169	1
5	14861170	14867918	0
5	14867919	14870355	1
5	14870356	14900206	0
5	14900207	14919119	2
5	14919120	14923087	0
5	14923088	14933197	1
5	14933198	15005329	0
5	15005330	15030788	2
5	15030789	15071800	0
5	15071801	15090659	2
5	15090660	15092048	0
5	15092049	15138493	1
5	15138494	15140385	0
5	15140386	15171658	1
5	15171659	15179386	0
5	15179387	15199512	2
5	15199513	15202661	0
5	15202662	15206180	1
5	15206181	15207214	3
5	15207215	15211830	1
5	15211831	15217346	0
5	15217347	15299022	1
5	15299023	15337699	0
5	15337700	15376176	1
5	15376177	15377810	0
5	15377811	15391279	1
5	15391280	15392772	0
5	15392773	15399425	2
5	15399426	15403640	0
5	15403641	15415549	1
5	15415550	15446737	0
5	15446738	15455455	2
5	15455456	15460209	0
5	15460210	15513764	2
5	15513765	15520837	0
5	15520838	15534236	2
5	15534237	15543630	0
5	15543631	15560442	2
5	15560443	15571333	0
5	15571334	15593744	1
5	15593745	15677545	0
5	15677546	15686334	1
5	15686335	15725909	0
5	15725910	15754983	2
5	15754984	15791981	0
5	15791982	15808498	2
5	15808499	15815967	0
5	15815968	15823055	2
5	15823056	15858873	0
5	15858874	15862819	2
5	15862820	16086065	0
5	16086066	16186878	2
5	16186879	16228667	0
5	16228668	16290791	1
5	16290792	16308464	0
5	16308465	16315677	2
5	16315678	16320021	0
5	16320022	16364548	1
5	16364549	16368218	0
5	16368219	16388935	2
5	16388936	16390681	0
5	16390682	16396185	1
5	16396186	16396417	0
5	16396418	16410834	1
5	16410835	16423382	0
5	16423383	16448502	1
5	16448503	16623748	0
5	16623749	16732325	2
5	16732326	16740337	0
5	16740338	16744438	2
5	16744439	16746326	3
5	16746327	16908276	2
5	16908277	17865288	0
5	17865289	18191183	2
5	18191184	18703144	0
5	18703145	18724244	2
5	18724245	18919589	0
5	18919590	18930613	1
5	18930614	18951548	0
5	18951549	18959760	1
5	18959761	18960130	0
5	18960131	18960480	2
5	18960481	19022614	0
5	19022615	19044214	1
5	19044215	19061997	0
5	19061998	19064647	1
5	19064648	19088032	0
5	19088033	19267626	1
5	19267627	19268876	0
5	19268877	19270402	2
5	19270403	19324442	0
5	19324443	19338045	1
5	19338046	19361247	0
5	19361248	19396995	1
5	19396996	19435447	0
5	19435448	19480736	2
5	19480737	19491755	0
5	19491756	19492438	1
5	19492439	19496487	0
5	19496488	19528818	2
5	19528819	19546553	0
5	19546554	19559306	2
5	19559307	19732878	0
5	19732879	19795250	2
5	19795251	19802076	0
5	19802077	19814560	1
5	19814561	19829842	0
5	19829843	19875570	1
5	19875571	19898785	0
5	19898786	19960668	1
5	19960669	20883694	0
5	20883695	20891901	2
5	20891902	20894123	3
5	20894124	20912521	1
5	20912522	20914560	0
5	20914561	20964339	1
5	20964340	20968713	0
5	20968714	20970910	1
5	20970911	20972869	0
5	20972870	20999927	2
5	20999928	21041208	0
5	21041209	21042553	2
5	21042554	21044815	0
5	21044816	21053086	1
5	21053087	21055146	0
5	21055147	21064722	2
5	21064723	21064990	3
5	21064991	21094151	1
5	21094152	21100242	0
5	21100243	21167164	1
5	21167165	21169458	0
5	21169459	21176169	1
5	21176170	21180079	0
5	21180080	21180995	1
5	21180996	21181906	0
5	21181907	21186069	2
5	21186070	21205550	0
5	21205551	21262238	2
5	21262239	21263254	3
5	21263255	21312574	2
5	21312575	21323661	0
5	21323662	21356781	2
5	21356782	21359402	0
5	21359403	21479839	1
5	21479840	21508076	0
5	21508077	21531639	1
5	21531640	21534077	0
5	21534078	21559296	1
5	21559297	21561494	3
5	21561495	21593123	2
5	21593124	21671556	0
5	21671557	21695757	2
5	21695758	21731396	0
5	21731397	21734825	1
5	21734826	21746580	0
5	21746581	21785258	1
5	21785259	21948873	0
5	21948874	21949025	1
5	21949026	22249217	0
5	22249218	22317961	2
5	22317962	22318752	3
5	22318753	22372005	2
5	22372006	22453522	0
5	22453523	22485400	1
5	22485401	22571293	0
5	22571294	22624892	2
5	22624893	22626601	3
5	22626602	22642861	2
5	22642862	22671671	0
5	22671672	22714629	1
5	22714630	23288439	0
5	23288440	23289035	1
5	23289036	23677801	0
5	23677802	23932053	1
5	23932054	24006224	0
5	24006225	24078194	2
5	24078195	24082810	0
5	24082811	24102581	2
5	24102582	24121407	0
5	24121408	24163610	2
5	24163611	24182133	0
5	24182134	24293538	1
5	24293539	24293915	3
5	24293916	24297205	1
5	24297206	24297240	0
5	24297241	24358337	2
5	24358338	24361476	0
5	24361477	24477715	1
5	24477716	24514899	0
5	24514900	24546806	1
5	24546807	24607203	0
5	24607204	24658914	2
5	24658915	24747806	0
5	24747807	24792548	1
5	24792549	24843266	0
5	24843267	24900582	2
5	24900583	24936577	0
5	24936578	25084608	2
5	25084609	25291581	0
5	25291582	25718558	2
5	25718559	25834143	0
5	25834144	25834454	1
5	25834455	25990856	0
5	25990857	25991923	1
5	25991924	26171382	0
5	26171383	26193255	1
5	26193256	26193547	3
5	26193548	26225750	2
5	26225751	26251192	0
5	26251193	26259764	2
5	26259765	26272968	0
5	26272969	26642819	1
5	26642820	27132986	0
5	27132987	27149788	2
5	27149789	27162835	0
5	27162836	27179201	2
5	27179202	27235460	0
5	27235461	27236419	2
5	27236420	27585902	0
5	27585903	27586183	2
5	27586184	27863725	0
5	27863726	27976545	2
5	27976546	27977747	3
5	27977748	27979451	2
5	27979452	27979888	3
5	27979889	28094380	2
5	28094381	28387791	0
5	28387792	28727332	1
5	28727333	28739629	0
5	28739630	28766856	2
5	28766857	28853640	0
5	28853641	28864895	2
5	28864896	28918692	0
5	28918693	28933472	2
5	28933473	28949629	0
5	28949630	28957913	2
5	28957914	28978381	0
5	28978382	28986861	2
5	28986862	28997433	0
5	28997434	28998307	2
5	28998308	29036373	0
5	29036374	29047437	2
5	29047438	29051234	0
5	29051235	29056396	2
5	29056397	29057770	3
5	29057771	29064605	2
5	29064606	29106715	0
5	29106716	29154394	2
5	29154395	29187868	0
5	29187869	29196183	2
5	29196184	29230337	0
5	29230338	29283552	2
5	29283553	29293034	0
5	29293035	29312373	1
5	29312374	29323231	0
5	29323232	29337238	1
5	29337239	29390701	0
5	29390702	29493937	1
5	29493938	29512393	0
5	29512394	29533192	1
5	29533193	29559275	0
5	29559276	29659259	1
5	29659260	29660732	3
5	29660733	29679769	2
5	29679770	29974949	0
5	29974950	30008521	2
5	30008522	30132568	0
5	30132569	30235863	1
5	30235864	30236395	0
5	30236396	30244530	2
5	30244531	30249724	0
5	30249725	30312967	1
5	30312968	30327813	0
5	30327814	30328793	1
5	30328794	30332133	0
5	30332134	30432136	1
5	30432137	30463874	0
5	30463875	30493657	2
5	30493658	30525314	0
5	30525315	30538841	1
5	30538842	30539215	0
5	30539216	30543892	1
5	30543893	30565977	0
5	30565978	30567596	1
5	30567597	30568897	3
5	30568898	30583454	2
5	30583455	30600892	0
5	30600893	30617474	2
5	30617475	30617813	0
5	30617814	30624433	1
5	30624434	30625672	0
5	30625673	30636119	1
5	30636120	30655762	0
5	30655763	30677870	2
5	30677871	30693971	0
5	30693972	30700578	2
5	30700579	30709705	0
5	30709706	30749823	2
5	30749824	30761766	0
5	30761767	30817252	2
5	30817253	30820864	0
5	30820865	30824833	1
5	30824834	30828192	0
5	30828193	30835238	2
5	30835239	30995907	0
5	30995908	31023533	1
5	31023534	31266663	0
5	31266664	31299122	2
5	31299123	31307645	0
5	31307646	31308004	2
5	31308005	31315174	0
5	31315175	31315794	1
5	31315795	31319722	0
5	31319723	31332247	2
5	31332248	31338618	0
5	31338619	31351557	2
5	31351558	31354122	0
5	31354123	31359430	2
5	31359431	31359821	0
5	31359822	31365969	1
5	31365970	31366014	0
5	31366015	31366242	1
5	31366243	31389653	3
5	31389654	31454034	1
5	31454035	31534224	0
5	31534225	31549173	2
5	31549174	31581578	0
5	31581579	31583089	1
5	31583090	31613951	0
5	31613952	31633743	1
5	31633744	31639178	0
5	31639179	31642962	2
5	31642963	31643094	0
5	31643095	31656994	2
5	31656995	31657706	0
5	31657707	31661334	2
5	31661335	31662113	0
5	31662114	31666138	1
5	31666139	31670787	0
5	31670788	31671631	2
5	31671632	31673154	0
5	31673155	31676439	1
5	31676440	31677501	0
5	31677502	31679690	2
5	31679691	31703743	0
5	31703744	31707283	2
5	31707284	31707512	3
5	31707513	31718099	1
5	31718100	31749329	0
5	31749330	31750309	1
5	31750310	31756431	0
5	31756432	31767063	1
5	31767064	31776233	0
5	31776234	31778831	1
5	31778832	31782835	0
5	31782836	31783007	2
5	31783008	31783758	3
5	31783759	31784306	1
5	31784307	31786055	0
5	31786056	31787066	2
5	31787067	31788601	0
5	31788602	31796060	1
5	31796061	31811454	0
5	31811455	31816887	1
5	31816888	31817982	3
5	31817983	31820743	2
5	31820744	31821658	0
5	31821659	31822839	1
5	31822840	31830844	0
5	31830845	31839012	1
5	31839013	31842522	0
5	31842523	31860186	2
5	31860187	31867080	0
5	31867081	32042085	2
5	32042086	32042635	0
5	32042636	32045136	2
5	32045137	32051616	0
5	32051617	32054833	2
5	32054834	32059461	0
5	32059462	32062225	2
5	32062226	32063292	0
5	32063293	32065208	1
5	32065209	32112639	0
5	32112640	32117330	1
5	32117331	32168892	0
5	32168893	32175381	1
5	32175382	32189047	0
5	32189048	32193278	2
5	32193279	32194104	3
5	32194105	32199361	2
5	32199362	32206807	3
5	32206808	32208304	2
5	32208305	32209855	3
5	32209856	32211576	2
5	32211577	32216585	3
5	32216586	32224208	2
5	32224209	32225793	3
5	32225794	32245091	2
5	32245092	32250089	3
5	32250090	32273224	2
5	32273225	32275505	3
5	32275506	32276412	2
5	32276413	32282930	3
5	32282931	32327473	2
5	32327474	32331396	3
5	32331397	32336669	2
5	32336670	32337640	3
5	32337641	32365677	2
5	32365678	32366157	0
5	32366158	32367769	2
5	32367770	32369829	0
5	32369830	32373018	2
5	32373019	32374977	0
5	32374978	32382927	2
5	32382928	32384351	0
5	32384352	32391178	1
5	32391179	32400782	0
5	32400783	32402338	2
5	32402339	32404233	0
5	32404234	32429998	2
5	32429999	32473594	0
5	32473595	32508072	2
5	32508073	32509331	3
5	32509332	32511430	2
5	32511431	32525343	3
5	32525344	32533574	2
5	32533575	32535825	3
5	32535826	32560596	2
5	32560597	32574107	3
5	32574108	32594412	2
5	32594413	32600482	0
5	32600483	32659181	2
5	32659182	32701903	0
5	32701904	32709709	2
5	32709710	32711303	0
5	32711304	32711860	2
5	32711861	32712812	0
5	32712813	32713518	1
5	32713519	32714185	0
5	32714186	32715678	2
5	32715679	32747617	0
5	32747618	32766953	2
5	32766954	32777789	0
5	32777790	32783183	1
5	32783184	32784851	0
5	32784852	32786058	1
5	32786059	32787248	0
5	32787249	32812305	2
5	32812306	32844492	0
5	32844493	32856972	2
5	32856973	32878424	0
5	32878425	32887530	2
5	32887531	32899364	0
5	32899365	32911153	1
5	32911154	32918553	0
5	32918554	32940989	1
5	32940990	32944050	0
5	32944051	32947709	1
5	32947710	32957136	0
5	32957137	32968488	1
5	32968489	32975856	0
5	32975857	32978222	1
5	32978223	32991207	0
5	32991208	32993158	1
5	32993159	33003147	0
5	33003148	33004202	1
5	33004203	33013477	0
5	33013478	33018420	1
5	33018421	33033258	0
5	33033259	33051996	1
5	33051997	33060930	0
5	33060931	33079893	2
5	33079894	33084452	0
5	33084453	33086214	2
5	33086215	33086724	3
5	33086725	33090196	1
5	33090197	33098157	0
5	33098158	33110691	2
5	33110692	33117996	0
5	33117997	33122091	2
5	33122092	33147043	0
5	33147044	33150253	1
5	33150254	33152152	0
5	33152153	33157472	1
5	33157473	33166238	0
5	33166239	33166885	1
5	33166886	33205025	0
5	33205026	33234065	2
5	33234066	33241278	0
5	33241279	33361216	1
5	33361217	33436460	0
5	33436461	33445703	1
5	33445704	33467939	0
5	33467940	33469657	1
5	33469658	33471194	0
5	33471195	33528375	1
5	33528376	33535137	0
5	33535138	33604423	1
5	33604424	33605340	3
5	33605341	33614084	2
5	33614085	33654624	0
5	33654625	33825946	2
5	33825947	33834269	0
5	33834270	34087009	1
5	34087010	34092533	0
5	34092534	34186593	2
5	34186594	34224459	0
5	34224460	34239864	1
5	34239865	34267441	0
5	34267442	34316135	2
5	34316136	34323574	0
5	34323575	34330665	1
5	34330666	34339369	0
5	34339370	34457316	1
5	34457317	34585462	0
5	34585463	34585755	2
5	34585756	34617977	0
5	34617978	34669347	1
5	34669348	34696492	0
5	34696493	34723572	1
5	34723573	34743452	0
5	34743453	34767074	1
5	34767075	34777626	0
5	34777627	34836024	1
5	34836025	34914916	0
5	34914917	34936608	1
5	34936609	34954704	0
5	34954705	34971658	1
5	34971659	34972034	3
5	34972035	34982132	2
5	34982133	34986227	0
5	34986228	34995790	1
5	34995791	35086171	0
5	35086172	35086587	1
5	35086588	35425065	0
5	35425066	35703570	2
5	35703571	35730401	0
5	35730402	36058694	2
5	36058695	36058804	0
5	36058805	36085772	1
5	36085773	36098029	0
5	36098030	36099798	2
5	36099799	36118368	0
5	36118369	36241099	2
5	36241100	36398597	0
5	36398598	36399434	2
5	36399435	36674445	0
5	36674446	36769325	2
5	36769326	36789829	0
5	36789830	36956698	2
5	36956699	36958757	0
5	36958758	36978671	1
5	36978672	37395933	0
5	37395934	37494978	1
5	37494979	37678284	0
5	37678285	37679245	2
5	37679246	37853611	0
5	37853612	37873574	2
5	37873575	37888475	3
5	37888476	37982486	2
5	37982487	38023682	0
5	38023683	38066596	2
5	38066597	38481373	0
5	38481374	38618723	2
5	38618724	38806661	0
5	38806662	38834495	1
5	38834496	38872623	0
5	38872624	38912495	1
5	38912496	38974515	0
5	38974516	39022269	1
5	39022270	39081133	0
5	39081134	39100219	1
5	39100220	39102280	0
5	39102281	39167756	1
5	39167757	39203757	0
5	39203758	39205322	1
5	39205323	39207372	0
5	39207373	39211392	1
5	39211393	39230932	0
5	39230933	39249240	2
5	39249241	39286390	0
5	39286391	39323765	2
5	39323766	39385941	0
5	39385942	39401247	2
5	39401248	39473959	0
5	39473960	39486878	2
5	39486879	39490447	0
5	39490448	39512625	1
5	39512626	39533529	0
5	39533530	39534218	1
5	39534219	39567969	0
5	39567970	39583401	2
5	39583402	39601672	0
5	39601673	39686627	1
5	39686628	39707811	0
5	39707812	39836087	2
5	39836088	39840344	0
5	39840345	39867940	1
5	39867941	39868206	0
5	39868207	39883137	2
5	39883138	39884373	0
5	39884374	39908212	1
5	39908213	39936785	0
5	39936786	40163508	1
5	40163509	40249379	0
5	40249380	40329740	2
5	40329741	40354442	0
5	40354443	40438457	2
5	40438458	40465535	0
5	40465536	40474274	2
5	40474275	40493709	0
5	40493710	40514085	2
5	40514086	40519798	0
5	40519799	40641525	1
5	40641526	40642432	0
5	40642433	40679944	1
5	40679945	40792038	0
5	40792039	40805159	1
5	40805160	40828283	0
5	40828284	40832201	2
5	40832202	40832705	3
5	40832706	40836498	1
5	40836499	40854239	0
5	40854240	40866765	2
5	40866766	40873726	0
5	40873727	40919414	1
5	40919415	41014074	0
5	41014075	41039077	2
5	41039078	41040383	3
5	41040384	41055309	1
5	41055310	41085443	3
5	41085444	41095409	1
5	41095410	41118162	0
5	41118163	41167662	1
5	41167663	41221458	0
5	41221459	41249071	2
5	41249072	41254345	0
5	41254346	41262202	1
5	41262203	41263157	0
5	41263158	41289596	2
5	41289597	41295916	0
5	41295917	41298020	1
5	41298021	41301866	0
5	41301867	41315482	2
5	41315483	41316081	0
5	41316082	41332894	1
5	41332895	41342956	0
5	41342957	41364545	1
5	41364546	41370464	0
5	41370465	41419716	1
5	41419717	41428177	0
5	41428178	41445590	1
5	41445591	41455755	0
5	41455756	41474484	1
5	41474485	41480287	0
5	41480288	41498396	2
5	41498397	41500015	0
5	41500016	41534698	1
5	41534699	41535020	0
5	41535021	41576315	2
5	41576316	41576662	3
5	41576663	41654660	2
5	41654661	41663856	0
5	41663857	41686756	2
5	41686757	41688919	0
5	41688920	41808955	1
5	41808956	41871460	0
5	41871461	41926326	2
5	41926327	41927432	3
5	41927433	41963731	2
5	41963732	41965162	0
5	41965163	41966152	2
5	41966153	41969765	0
5	41969766	41983071	1
5	41983072	42081234	0
5	42081235	42117739	1
5	42117740	42143512	0
5	42143513	42172414	2
5	42172415	42178918	0
5	42178919	42197938	2
5	42197939	42208607	0
5	42208608	42211143	2
5	42211144	42223650	0
5	42223651	42338666	1
5	42338667	42448483	0
5	42448484	42487142	2
5	42487143	42496795	0
5	42496796	42519775	1
5	42519776	42603044	0
5	42603045	42669792	2
5	42669793	42681307	3
5	42681308	42701356	2
5	42701357	42706433	3
5	42706434	42709183	2
5	42709184	42732706	0
5	42732707	42765904	2
5	42765905	42850370	0
5	42850371	42860897	2
5	42860898	42965204	0
5	42965205	42965824	2
5	42965825	43094940	0
5	43094941	43095854	2
5	43095855	43169992	0
5	43169993	43189584	2
5	43189585	43197363	0
5	43197364	43260414	1
5	43260415	43308980	0
5	43308981	43369745	1
5	43369746	43416301	0
5	43416302	43453000	2
5	43453001	43473829	0
5	43473830	43521894	2
5	43521895	43533068	0
5	43533069	43590039	1
5	43590040	43590358	0
5	43590359	43691736	2
5	43691737	43710685	0
5	43710686	43735345	1
5	43735346	43746648	0
5	43746649	43943310	1
5	43943311	44062897	0
5	44062898	44185888	1
5	44185889	44493777	0
5	44493778	44605778	1
5	44605779	44688107	0
5	44688108	44775685	1
5	44775686	44863638	0
5	44863639	44871463	1
5	44871464	44884356	0
5	44884357	45011880	1
5	45011881	45056213	0
5	45056214	45120678	1
5	45120679	45199627	0
5	45199628	45200004	2
5	45200005	45328690	0
5	45328691	45407458	2
5	45407459	45410459	0
5	45410460	45481422	1
5	45481423	45556736	0
5	45556737	45676331	1
5	45676332	45783532	0
5	45783533	45784020	2
5	45784021	45945760	0
5	45945761	45947017	2
5	45947018	45964804	0
5	45964805	45997459	1
5	45997460	46009942	0
5	46009943	46302269	1
5	46302270	46515847	0
5	46515848	46577499	1
5	46577500	46598072	0
5	46598073	46645146	1
5	46645147	46645502	3
5	46645503	46701924	2
5	46701925	46718784	0
5	46718785	46777696	1
5	46777697	46820160	0
5	46820161	46821691	1
5	46821692	47270871	0
5	47270872	47359954	1
5	47359955	47461269	0
5	47461270	47521206	2
5	47521207	47532959	3
5	47532960	47652368	2
5	47652369	47652745	3
5	47652746	47664041	1
5	47664042	47771502	0
5	47771503	47840560	2
5	47840561	47873778	0
5	47873779	47874623	1
5	47874624	47877228	0
5	47877229	47878205	1
5	47878206	47911107	0
5	47911108	48256858	1
5	48256859	48274900	0
5	48274901	48310957	2
5	48310958	48497030	0
5	48497031	48863220	1
5	48863221	49815161	0
5	49815162	49893297	2
5	49893298	49942191	0
5	49942192	49984320	2
5	49984321	49998254	0
5	49998255	50060538	1
5	50060539	50109603	0
5	50109604	50491391	1
5	50491392	50530356	0
5	50530357	50531636	1
5	50531637	50967816	0
5	50967817	50968841	2
5	50968842	51040840	0
5	51040841	51074037	2
5	51074038	51151403	0
5	51151404	51213974	2
5	51213975	52231139	0
5	52231140	52505510	2
5	52505511	52535459	0
5	52535460	52574135	2
5	52574136	52585060	0
5	52585061	52649629	1
5	52649630	52680685	0
5	52680686	52801655	2
5	52801656	52816917	0
5	52816918	52855366	1
5	52855367	52923744	0
5	52923745	53006366	2
5	53006367	54086866	0
5	54086867	54190066	2
5	54190067	54201067	0
5	54201068	54202583	1
5	54202584	54225269	0
5	54225270	54237108	1
5	54237109	54241938	0
5	54241939	54293527	1
5	54293528	54295232	3
5	54295233	54321753	2
5	54321754	54328808	0
5	54328809	54356805	1
5	54356806	54360802	0
5	54360803	54383636	2
5	54383637	54406501	0
5	54406502	54432175	1
5	54432176	54435128	0
5	54435129	54451365	1
5	54451366	54469934	0
5	54469935	54492807	1
5	54492808	54511438	3
5	54511439	54552735	1
5	54552736	54662841	0
5	54662842	54827930	2
5	54827931	54827972	0
5	54827973	54843830	1
5	54843831	54846469	0
5	54846470	54861709	2
5	54861710	54877041	0
5	54877042	54884924	2
5	54884925	54923539	0
5	54923540	54958880	1
5	54958881	54960067	0
5	54960068	54992098	2
5	54992099	54995229	0
5	54995230	55005478	2
5	55005479	55019633	0
5	55019634	55036804	1
5	55036805	55042908	0
5	55042909	55070104	2
5	55070105	55119011	0
5	55119012	55154918	2
5	55154919	55161166	0
5	55161167	55208427	2
5	55208428	55231604	0
5	55231605	55455500	2
5	55455501	55487355	0
5	55487356	55495827	1
5	55495828	55604411	0
5	55604412	55684777	2
5	55684778	55701672	0
5	55701673	55708820	2
5	55708821	55717230	0
5	55717231	55782138	1
5	55782139	55786795	3
5	55786796	55828328	2
5	55828329	55831594	0
5	55831595	55972116	1
5	55972117	55972415	0
5	55972416	56151138	1
5	56151139	56175434	3
5	56175435	56187920	1
5	56187921	56192981	3
5	56192982	56194594	1
5	56194595	56201809	3
5	56201810	56226770	1
5	56226771	56230816	0
5	56230817	56237584	2
5	56237585	56238981	0
5	56238982	56274359	2
5	56274360	56283487	0
5	56283488	56291059	2
5	56291060	56292357	3
5	56292358	56297633	2
5	56297634	56307417	3
5	56307418	56352980	2
5	56352981	56364199	0
5	56364200	56390135	2
5	56390136	56394292	0
5	56394293	56397685	1
5	56397686	56401399	0
5	56401400	56404321	1
5	56404322	56406998	0
5	56406999	56421708	1
5	56421709	56421935	3
5	56421936	56422769	2
5	56422770	56433505	0
5	56433506	56438303	1
5	56438304	56440125	0
5	56440126	56455621	1
5	56455622	56460274	0
5	56460275	56465491	2
5	56465492	56468162	0
5	56468163	56481735	1
5	56481736	56481911	3
5	56481912	56484134	2
5	56484135	56485264	3
5	56485265	56485492	2
5	56485493	56498315	1
5	56498316	56499914	0
5	56499915	56503514	2
5	56503515	56503709	0
5	56503710	56506881	2
5	56506882	56507751	0
5	56507752	56519387	1
5	56519388	56523108	0
5	56523109	56526666	1
5	56526667	56539588	0
5	56539589	56541633	1
5	56541634	56543040	0
5	56543041	56550684	1
5	56550685	56553571	0
5	56553572	56558108	1
5	56558109	56566386	0
5	56566387	56567473	1
5	56567474	56569812	0
5	56569813	56571308	2
5	56571309	56578341	0
5	56578342	56582473	2
5	56582474	56587502	0
5	56587503	56614199	2
5	56614200	56614925	3
5	56614926	56619691	1
5	56619692	56620799	0
5	56620800	56650129	1
5	56650130	56662050	0
5	56662051	56662682	1
5	56662683	56681301	0
5	56681302	56693427	2
5	56693428	56694964	0
5	56694965	56695084	2
5	56695085	56697236	3
5	56697237	56714438	1
5	56714439	56718548	0
5	56718549	56737308	1
5	56737309	56745867	0
5	56745868	56774757	1
5	56774758	56777530	0
5	56777531	56878527	1
5	56878528	56879342	3
5	56879343	56879772	1
5	56879773	56902845	0
5	56902846	56903865	2
5	56903866	56904284	3
5	56904285	56906498	1
5	56906499	56909490	0
5	56909491	56912832	1
5	56912833	56916414	0
5	56916415	56946346	1
5	56946347	56984750	0
5	56984751	57000462	2
5	57000463	57011755	0
5	57011756	57103644	2
5	57103645	57112544	3
5	57112545	57120907	1
5	57120908	57144408	0
5	57144409	57227110	2
5	57227111	57279613	3
5	57279614	57290178	2
5	57290179	57291800	3
5	57291801	57369137	2
5	57369138	57370207	0
5	57370208	57386072	1
5	57386073	57388672	0
5	57388673	57389362	1
5	57389363	57410098	0
5	57410099	57416479	2
5	57416480	57429897	0
5	57429898	57434385	2
5	57434386	57434877	0
5	57434878	57465711	1
5	57465712	57468667	0
5	57468668	57482039	1
5	57482040	57659260	0
5	57659261	57660393	2
5	57660394	57805932	0
5	57805933	58018814	2
5	58018815	58038433	0
5	58038434	58051934	2
5	58051935	58058238	0
5	58058239	58146132	1
5	58146133	58156845	0
5	58156846	58156937	1
5	58156938	58158737	3
5	58158738	58176195	1
5	58176196	58188156	0
5	58188157	58243508	2
5	58243509	58265461	0
5	58265462	58280894	2
5	58280895	58283959	0
5	58283960	58284420	2
5	58284421	58285613	0
5	58285614	58298037	1
5	58298038	58306587	0
5	58306588	58327470	1
5	58327471	58340111	3
5	58340112	58340175	0
5	58340176	58355834	2
5	58355835	58358487	0
5	58358488	58366409	1
5	58366410	58907612	0
5	58907613	59015060	2
5	59015061	59805953	0
5	59805954	59936806	1
5	59936807	59967946	0
5	59967947	60019146	2
5	60019147	60026535	0
5	60026536	60105376	1
5	60105377	60118668	3
5	60118669	60135916	1
5	60135917	60136922	3
5	60136923	60279122	1
5	60279123	60285310	0
5	60285311	60315548	2
5	60315549	60316686	0
5	60316687	60320462	1
5	60320463	60320848	0
5	60320849	60347391	1
5	60347392	60372222	0
5	60372223	60395232	1
5	60395233	60397114	0
5	60397115	60405694	2
5	60405695	60406776	0
5	60406777	60413472	2
5	60413473	60418380	0
5	60418381	60427231	1
5	60427232	60432491	0
5	60432492	60442051	2
5	60442052	60442834	0
5	60442835	60449124	2
5	60449125	60451915	0
5	60451916	60525923	1
5	60525924	60864787	0
5	60864788	61429412	2
5	61429413	61430574	0
5	61430575	61432641	2
5	61432642	61432973	3
5	61432974	61443274	2
5	61443275	61446203	0
5	61446204	61502782	2
5	61502783	61551403	0
5	61551404	61560581	1
5	61560582	61577435	0
5	61577436	61592380	2
5	61592381	61623509	0
5	61623510	61625975	1
5	61625976	61846417	0
5	61846418	61861254	2
5	61861255	61870943	0
5	61870944	62169113	1
5	62169114	62169487	3
5	62169488	62249051	1
5	62249052	62301162	0
5	62301163	62312159	1
5	62312160	62358519	0
5	62358520	62379899	2
5	62379900	62412902	0
5	62412903	62436874	1
5	62436875	62455880	0
5	62455881	62475012	1
5	62475013	62548962	0
5	62548963	62577400	2
5	62577401	62600529	0
5	62600530	62669623	2
5	62669624	62790086	0
5	62790087	62826878	2
5	62826879	62834702	0
5	62834703	62851416	2
5	62851417	62884512	0
5	62884513	62935485	2
5	62935486	62935905	0
5	62935906	63020090	1
5	63020091	63043494	0
5	63043495	63064585	1
5	63064586	63110477	0
5	63110478	63121682	1
5	63121683	63123428	0
5	63123429	63156595	2
5	63156596	63165359	0
5	63165360	63180635	2
5	63180636	63215007	0
5	63215008	63339364	2
5	63339365	63366566	0
5	63366567	63516383	2
5	63516384	63571221	0
5	63571222	63584016	2
5	63584017	63588206	0
5	63588207	63588813	2
5	63588814	63589297	0
5	63589298	63608945	1
5	63608946	63619155	0
5	63619156	63620665	2
5	63620666	63658294	0
5	63658295	63672097	1
5	63672098	63682081	0
5	63682082	63690796	1
5	63690797	63699994	0
5	63699995	63729663	1
5	63729664	63733672	0
5	63733673	63765564	1
5	63765565	63778210	0
5	63778211	63784114	2
5	63784115	63829328	3
5	63829329	63838787	2
5	63838788	63839184	0
5	63839185	63857192	1
5	63857193	63857891	0
5	63857892	63869415	2
5	63869416	63874339	0
5	63874340	63877393	2
5	63877394	63879059	0
5	63879060	63886025	1
5	63886026	63887594	0
5	63887595	63897371	1
5	63897372	63897670	0
5	63897671	63905048	2
5	63905049	63909243	0
5	63909244	63915588	1
5	63915589	63950692	0
5	63950693	63980361	1
5	63980362	63985843	0
5	63985844	64024122	1
5	64024123	64113391	0
5	64113392	64230651	2
5	64230652	64253955	0
5	64253956	64257308	2
5	64257309	64258184	3
5	64258185	64277176	1
5	64277177	64291543	0
5	64291544	64337110	1
5	64337111	64497214	0
5	64497215	64521824	2
5	64521825	64530908	0
5	64530909	64534022	1
5	64534023	64534186	0
5	64534187	64535314	2
5	64535315	64562167	3
5	64562168	64563219	1
5	64563220	64565320	3
5	64565321	64584137	1
5	64584138	64640159	3
5	64640160	64647470	1
5	64647471	64647696	3
5	64647697	64652438	1
5	64652439	64656164	3
5	64656165	64661106	1
5	64661107	64671158	3
5	64671159	64682713	1
5	64682714	64691630	3
5	64691631	64692710	1
5	64692711	64701054	3
5	64701055	64899279	1
5	64899280	65151758	0
5	65151759	65257044	1
5	65257045	65269772	0
5	65269773	65297627	2
5	65297628	65312983	0
5	65312984	65346116	2
5	65346117	65386517	0
5	65386518	65443425	2
5	65443426	65451177	0
5	65451178	65530334	1
5	65530335	65610956	0
5	65610957	65664200	2
5	65664201	65671162	0
5	65671163	65683316	1
5	65683317	65703588	0
5	65703589	65730826	2
5	65730827	65744098	0
5	65744099	65757384	2
5	65757385	66283526	0
5	66283527	66284596	1
5	66284597	66294174	0
5	66294175	66295691	1
5	66295692	66311191	0
5	66311192	66331734	2
5	66331735	66341521	0
5	66341522	66347923	1
5	66347924	66788721	0
5	66788722	66808894	1
5	66808895	66883602	0
5	66883603	66890294	1
5	66890295	66891740	0
5	66891741	66910316	2
5	66910317	66947117	0
5	66947118	66968821	2
5	66968822	66982039	0
5	66982040	66995884	2
5	66995885	67001667	0
5	67001668	67106403	1
5	67106404	67465638	0
5	67465639	67479216	2
5	67479217	67486446	0
5	67486447	67534472	1
5	67534473	67566561	0
5	67566562	67578410	2
5	67578411	67643122	0
5	67643123	67707751	1
5	67707752	67735778	0
5	67735779	67774709	1
5	67774710	67828210	0
5	67828211	67845975	1
5	67845976	67872063	0
5	67872064	67909043	2
5	67909044	67965070	0
5	67965071	67975262	2
5	67975263	67986323	0
5	67986324	68027349	1
5	68027350	68067838	0
5	68067839	68096065	1
5	68096066	68135777	0
5	68135778	68150520	2
5	68150521	68163102	0
5	68163103	68170008	1
5	68170009	68179973	0
5	68179974	68183783	2
5	68183784	68184241	0
5	68184242	68205949	1
5	68205950	68212988	0
5	68212989	68227279	2
5	68227280	68241442	0
5	68241443	68282023	2
5	68282024	68290406	0
5	68290407	68308276	2
5	68308277	68314173	0
5	68314174	68351623	1
5	68351624	68385616	0
5	68385617	68399963	1
5	68399964	68477915	0
5	68477916	68479084	1
5	68479085	68492243	0
5	68492244	69273194	1
5	69273195	69887185	0
5	69887186	69910374	2
5	69910375	69927982	0
5	69927983	70009284	1
5	70009285	70033952	0
5	70033953	70038746	2
5	70038747	70054656	0
5	70054657	70229321	1
5	70229322	70250990	0
5	70250991	70337720	1
5	70337721	70531066	0
5	70531067	70579351	1
5	70579352	70595399	0
5	70595400	70637176	1
5	70637177	70653177	0
5	70653178	70740927	2
5	70740928	70745655	0
5	70745656	70756795	2
5	70756796	70761691	0
5	70761692	70774050	2
5	70774051	70782851	0
5	70782852	70795868	1
5	70795869	70798328	0
5	70798329	70817079	1
5	70817080	71080746	0
5	71080747	71127110	2
5	71127111	71169668	0
5	71169669	71176591	1
5	71176592	72942925	0
5	72942926	73243631	1
5	73243632	73292406	0
5	73292407	73299557	1
5	73299558	73330121	0
5	73330122	73477092	1
5	73477093	73515323	0
5	73515324	73527793	1
5	73527794	73753983	0
5	73753984	73770931	1
5	73770932	73907717	3
5	73907718	73976424	1
5	73976425	73977543	0
5	73977544	73984921	1
5	73984922	74018379	0
5	74018380	74020560	1
5	74020561	74433020	0
5	74433021	74433487	1
5	74433488	74509883	0
5	74509884	74749098	1
5	74749099	75164243	0
5	75164244	75172246	1
5	75172247	75172836	3
5	75172837	75172842	2
5	75172843	75175859	0
5	75175860	75188019	2
5	75188020	75191136	0
5	75191137	75214310	2
5	75214311	75227053	0
5	75227054	75241282	1
5	75241283	75245955	0
5	75245956	75268620	2
5	75268621	75276955	0
5	75276956	75280113	2
5	75280114	75287376	0
5	75287377	75500417	2
5	75500418	75500803	3
5	75500804	75503854	1
5	75503855	75504230	0
5	75504231	75507648	1
5	75507649	75514110	0
5	75514111	75518684	2
5	75518685	75543675	0
5	75543676	75569285	1
5	75569286	75587881	0
5	75587882	75591091	2
5	75591092	75596712	0
5	75596713	75698219	1
5	75698220	75706789	0
5	75706790	75810816	2
5	75810817	75878512	0
5	75878513	75923969	2
5	75923970	75960953	0
5	75960954	76001107	2
5	76001108	76020733	0
5	76020734	76170040	2
5	76170041	76171570	3
5	76171571	76197625	1
5	76197626	76199010	3
5	76199011	76256513	1
5	76256514	76269306	3
5	76269307	76312250	1
5	76312251	76332870	0
5	76332871	76340246	2
5	76340247	76342878	0
5	76342879	76369088	2
5	76369089	76380091	0
5	76380092	76393484	1
5	76393485	76447268	0
5	76447269	76462455	2
5	76462456	76463904	0
5	76463905	76490124	1
5	76490125	76490374	3
5	76490375	76544269	2
5	76544270	76554850	0
5	76554851	76612209	2
5	76612210	76615450	0
5	76615451	76629868	1
5	76629869	76635216	0
5	76635217	76737421	1
5	76737422	76742266	0
5	76742267	77045476	1
5	77045477	77118493	0
5	77118494	77121262	1
5	77121263	77189495	0
5	77189496	77205699	2
5	77205700	77231824	0
5	77231825	77235517	1
5	77235518	77246056	0
5	77246057	77254267	1
5	77254268	77270834	0
5	77270835	77272683	1
5	77272684	77285021	0
5	77285022	77286997	1
5	77286998	77331340	0
5	77331341	77339968	2
5	77339969	77356170	0
5	77356171	77356475	2
5	77356476	77365070	0
5	77365071	77411482	1
5	77411483	77412801	3
5	77412802	77420239	2
5	77420240	77424974	0
5	77424975	77425576	2
5	77425577	77427650	0
5	77427651	77506130	1
5	77506131	77513403	0
5	77513404	77565781	1
5	77565782	77619859	0
5	77619860	77621922	2
5	77621923	77629520	0
5	77629521	77646627	1
5	77646628	77681513	0
5	77681514	77693275	2
5	77693276	77693384	0
5	77693385	77754472	1
5	77754473	77758591	0
5	77758592	77767682	2
5	77767683	77795314	0
5	77795315	77799902	2
5	77799903	77803573	0
5	77803574	77807622	1
5	77807623	77813390	0
5	77813391	77830223	2
5	77830224	77832815	0
5	77832816	77873742	1
5	77873743	78450490	0
5	78450491	78609985	1
5	78609986	79785720	0
5	79785721	79798066	2
5	79798067	79808298	0
5	79808299	79958224	1
5	79958225	79958280	3
5	79958281	79968023	2
5	79968024	79985472	0
5	79985473	79989646	2
5	79989647	80003596	0
5	80003597	80115097	1
5	80115098	80278394	0
5	80278395	80304275	2
5	80304276	80307220	0
5	80307221	80313103	2
5	80313104	80314809	0
5	80314810	80316272	1
5	80316273	80316470	0
5	80316471	80323246	2
5	80323247	80323679	0
5	80323680	80325276	2
5	80325277	80327195	0
5	80327196	80340434	1
5	80340435	80352532	0
5	80352533	80461619	1
5	80461620	80473793	0
5	80473794	80477447	1
5	80477448	80481940	0
5	80481941	80508979	1
5	80508980	80519075	0
5	80519076	80519866	2
5	80519867	80523366	0
5	80523367	80529432	1
5	80529433	80549387	0
5	80549388	80748418	1
5	80748419	80759107	0
5	80759108	80930550	1
5	80930551	80990157	0
5	80990158	81010476	1
5	81010477	81142886	0
5	81142887	81169329	2
5	81169330	81173195	0
5	81173196	81214874	1
5	81214875	81216507	0
5	81216508	81227119	2
5	81227120	81231678	0
5	81231679	81252293	1
5	81252294	81269912	0
5	81269913	81280698	1
5	81280699	81285723	0
5	81285724	81286889	1
5	81286890	81287423	0
5	81287424	81292918	2
5	81292919	81296759	0
5	81296760	81433956	1
5	81433957	81439801	0
5	81439802	81476751	1
5	81476752	81489731	0
5	81489732	81491314	2
5	81491315	81505056	0
5	81505057	81522086	2
5	81522087	81533533	0
5	81533534	81555472	2
5	81555473	81556125	0
5	81556126	81559290	2
5	81559291	81561173	0
5	81561174	81563510	2
5	81563511	81565409	0
5	81565410	81567416	2
5	81567417	81569622	0
5	81569623	81596615	1
5	81596616	81600962	0
5	81600963	81613095	1
5	81613096	81632452	0
5	81632453	81635968	2
5	81635969	81636900	3
5	81636901	81647208	2
5	81647209	81658806	3
5	81658807	81781825	2
5	81781826	81783618	3
5	81783619	81784955	2
5	81784956	81789710	3
5	81789711	81792601	2
5	81792602	81792733	0
5	81792734	81804150	1
5	81804151	81809846	0
5	81809847	81834210	1
5	81834211	81879650	0
5	81879651	81887961	1
5	81887962	81888503	3
5	81888504	81888584	2
5	81888585	81925053	0
5	81925054	81925840	2
5	81925841	81926698	0
5	81926699	81966172	2
5	81966173	81966341	0
5	81966342	81968301	1
5	81968302	81985564	0
5	81985565	82006681	2
5	82006682	82007865	0
5	82007866	82010196	1
5	82010197	82010956	3
5	82010957	82061645	1
5	82061646	82066304	0
5	82066305	82093123	2
5	82093124	82093889	0
5	82093890	82102166	1
5	82102167	82109538	0
5	82109539	82128122	1
5	82128123	82129963	0
5	82129964	82145351	2
5	82145352	82145840	0
5	82145841	82147120	1
5	82147121	82147755	0
5	82147756	82162061	2
5	82162062	82164712	0
5	82164713	82175546	1
5	82175547	82176958	0
5	82176959	82180283	2
5	82180284	82185459	0
5	82185460	82189377	2
5	82189378	82191215	0
5	82191216	82191998	1
5	82191999	82196618	0
5	82196619	82201149	1
5	82201150	82202052	0
5	82202053	82204371	1
5	82204372	82208906	0
5	82208907	82211465	2
5	82211466	82212749	0
5	82212750	82213463	1
5	82213464	82214677	3
5	82214678	82244191	1
5	82244192	82255675	0
5	82255676	82313498	1
5	82313499	82372633	0
5	82372634	82383680	1
5	82383681	82384775	0
5	82384776	82386525	2
5	82386526	82392465	0
5	82392466	82395627	2
5	82395628	82398185	0
5	82398186	82411340	2
5	82411341	82424976	0
5	82424977	82426571	1
5	82426572	82435923	0
5	82435924	82436952	2
5	82436953	82446202	0
5	82446203	82455321	1
5	82455322	82462671	0
5	82462672	82563820	2
5	82563821	82640257	0
5	82640258	82654496	2
5	82654497	82661812	0
5	82661813	82667402	1
5	82667403	82678117	0
5	82678118	82696684	1
5	82696685	82697064	0
5	82697065	82709381	1
5	82709382	82709860	0
5	82709861	82726776	1
5	82726777	82730620	0
5	82730621	82756440	2
5	82756441	82772684	0
5	82772685	82799060	1
5	82799061	82831937	0
5	82831938	82864028	1
5	82864029	84076738	0
5	84076739	84124243	2
5	84124244	86401906	0
5	86401907	86743694	2
