<CHROM>	<START>	<END>	<TSB>
6	0	368899	0
6	368900	370742	1
6	370743	445429	0
6	445430	447053	2
6	447054	451621	0
6	451622	484813	2
6	484814	493515	0
6	493516	499094	1
6	499095	546371	0
6	546372	556559	2
6	556560	557865	0
6	557866	568945	2
6	568946	571738	3
6	571739	578037	1
6	578038	582177	0
6	582178	585212	1
6	585213	590408	0
6	590409	590704	1
6	590705	719496	0
6	719497	725220	2
6	725221	729623	0
6	729624	743948	1
6	743949	753203	0
6	753204	753730	1
6	753731	760407	0
6	760408	778846	1
6	778847	807034	0
6	807035	842063	2
6	842064	949832	0
6	949833	1046300	2
6	1046301	1064619	0
6	1064620	1161285	2
6	1161286	1211713	0
6	1211714	1220725	2
6	1220726	1255977	0
6	1255978	1262735	1
6	1262736	1263848	0
6	1263849	1469958	2
6	1469959	1555951	0
6	1555952	2067121	2
6	2067122	2132917	0
6	2132918	2562788	1
6	2562789	2563652	3
6	2563653	2575848	2
6	2575849	2749186	0
6	2749187	2831958	1
6	2831959	3875301	0
6	3875302	3875609	1
6	3875610	5583490	0
6	5583491	5597877	2
6	5597878	5606040	0
6	5606041	5632469	1
6	5632470	5657887	0
6	5657888	5699480	2
6	5699481	5700830	0
6	5700831	5719437	1
6	5719438	5722965	0
6	5722966	5811963	1
6	5811964	5819089	0
6	5819090	5819382	2
6	5819383	5843956	0
6	5843957	5844195	2
6	5844196	5885983	0
6	5885984	5963865	1
6	5963866	6028217	0
6	6028218	6090772	1
6	6090773	6136602	0
6	6136603	6159024	2
6	6159025	6164645	0
6	6164646	6171314	1
6	6171315	6180062	0
6	6180063	6192328	1
6	6192329	6264546	0
6	6264547	6285908	1
6	6285909	6304621	0
6	6304622	6321740	1
6	6321741	6472518	0
6	6472519	6474967	1
6	6474968	6488346	0
6	6488347	6492869	2
6	6492870	6493511	0
6	6493512	6494143	1
6	6494144	6534227	0
6	6534228	6535235	2
6	6535236	6550964	0
6	6550965	6556269	2
6	6556270	6574689	0
6	6574690	6581690	2
6	6581691	6583467	0
6	6583468	6595279	1
6	6595280	6595292	0
6	6595293	6595972	2
6	6595973	6602417	0
6	6602418	6606914	1
6	6606915	6633048	0
6	6633049	6652555	2
6	6652556	6656044	0
6	6656045	6674948	2
6	6674949	6680476	0
6	6680477	6701629	2
6	6701630	6709695	0
6	6709696	6778184	2
6	6778185	6782772	0
6	6782773	6784556	1
6	6784557	6836041	0
6	6836042	6868431	1
6	6868432	6874153	0
6	6874154	6883099	2
6	6883100	6887594	0
6	6887595	6899404	2
6	6899405	6904646	0
6	6904647	6926286	1
6	6926287	6957692	0
6	6957693	7009914	1
6	7009915	7150739	0
6	7150740	7154680	1
6	7154681	7167261	0
6	7167262	7179453	1
6	7179454	7218728	0
6	7218729	7231104	2
6	7231105	7263572	0
6	7263573	7315405	2
6	7315406	7318038	3
6	7318039	7321016	1
6	7321017	7322625	0
6	7322626	7389388	1
6	7389389	7389840	3
6	7389841	7405127	2
6	7405128	7426562	0
6	7426563	7480459	2
6	7480460	7487248	0
6	7487249	7490094	2
6	7490095	7507606	0
6	7507607	7532407	1
6	7532408	7555076	0
6	7555077	7564717	1
6	7564718	7586178	0
6	7586179	7594612	2
6	7594613	7605381	0
6	7605382	7645025	2
6	7645026	7645979	0
6	7645980	7652429	2
6	7652430	7662678	0
6	7662679	7666482	2
6	7666483	7682982	0
6	7682983	7705475	2
6	7705476	7707464	0
6	7707465	7710694	2
6	7710695	7711182	0
6	7711183	7717097	1
6	7717098	7717280	0
6	7717281	7723753	2
6	7723754	7728503	0
6	7728504	7734599	1
6	7734600	7741621	0
6	7741622	7771690	1
6	7771691	7795704	0
6	7795705	7807088	1
6	7807089	7821007	0
6	7821008	7829888	1
6	7829889	7847616	0
6	7847617	8106023	1
6	8106024	8325061	0
6	8325062	8333355	2
6	8333356	8379680	0
6	8379681	8392821	1
6	8392822	8577695	0
6	8577696	8584879	2
6	8584880	8642126	0
6	8642127	8645602	2
6	8645603	8647948	0
6	8647949	8652648	2
6	8652649	8658520	0
6	8658521	8663383	1
6	8663384	8664410	0
6	8664411	8671677	2
6	8671678	8674930	0
6	8674931	8679203	2
6	8679204	8702019	0
6	8702020	8703872	2
6	8703873	8705967	0
6	8705968	8712377	1
6	8712378	8719544	0
6	8719545	8727275	1
6	8727276	8791041	0
6	8791042	8842707	1
6	8842708	8874676	0
6	8874677	8878175	2
6	8878176	8892946	3
6	8892947	8894530	2
6	8894531	8898091	3
6	8898092	8898939	2
6	8898940	8907186	3
6	8907187	8915270	2
6	8915271	8925149	0
6	8925150	8945890	2
6	8945891	8946290	3
6	8946291	8979237	1
6	8979238	8994209	0
6	8994210	8995952	1
6	8995953	9005890	0
6	9005891	9006312	1
6	9006313	9023134	0
6	9023135	9029915	2
6	9029916	9032909	0
6	9032910	9035277	1
6	9035278	9045173	0
6	9045174	9059172	2
6	9059173	9059493	0
6	9059494	9078227	2
6	9078228	9079782	0
6	9079783	9081802	1
6	9081803	9085215	0
6	9085216	9090095	1
6	9090096	9091376	0
6	9091377	9099736	1
6	9099737	9102421	0
6	9102422	9114172	2
6	9114173	9114542	0
6	9114543	9115462	2
6	9115463	9120022	0
6	9120023	9144216	1
6	9144217	9185637	0
6	9185638	9191910	1
6	9191911	9197195	0
6	9197196	9211651	2
6	9211652	9231357	0
6	9231358	9232211	1
6	9232212	9233263	3
6	9233264	9238422	1
6	9238423	9246231	0
6	9246232	9271151	2
6	9271152	9272711	0
6	9272712	9288869	1
6	9288870	9318722	0
6	9318723	9319430	1
6	9319431	9322248	0
6	9322249	9352987	1
6	9352988	9353212	3
6	9353213	9361361	2
6	9361362	9366356	0
6	9366357	9367378	2
6	9367379	9368198	0
6	9368199	9372979	2
6	9372980	9375384	3
6	9375385	9376014	2
6	9376015	9431430	0
6	9431431	9440509	2
6	9440510	9451976	0
6	9451977	9468983	2
6	9468984	9475903	0
6	9475904	9479298	1
6	9479299	9479498	3
6	9479499	9488425	2
6	9488426	9488805	0
6	9488806	9492227	1
6	9492228	9492652	0
6	9492653	9500836	2
6	9500837	9503367	3
6	9503368	9503772	2
6	9503773	9524956	0
6	9524957	9533697	1
6	9533698	9539200	0
6	9539201	9543489	1
6	9543490	9569665	0
6	9569666	9587009	1
6	9587010	9621154	0
6	9621155	9623263	2
6	9623264	9629617	3
6	9629618	9655884	2
6	9655885	9661192	0
6	9661193	9679716	2
6	9679717	9688450	0
6	9688451	9689409	2
6	9689410	9722710	0
6	9722711	9743586	1
6	9743587	9777661	0
6	9777662	9815343	1
6	9815344	9836674	0
6	9836675	9869350	1
6	9869351	9908090	0
6	9908091	9909034	2
6	9909035	9931499	0
6	9931500	9940549	1
6	9940550	9949532	0
6	9949533	9976944	1
6	9976945	9982573	0
6	9982574	9993402	1
6	9993403	10002408	0
6	10002409	10004081	2
6	10004082	10011334	0
6	10011335	10030187	1
6	10030188	10031710	0
6	10031711	10047075	2
6	10047076	10053073	0
6	10053074	10067674	1
6	10067675	10090722	0
6	10090723	10102596	1
6	10102597	10133797	0
6	10133798	10136252	2
6	10136253	10151833	3
6	10151834	10169614	2
6	10169615	10174962	3
6	10174963	10176311	1
6	10176312	10178360	0
6	10178361	10188506	2
6	10188507	10192599	0
6	10192600	10198292	1
6	10198293	10211397	0
6	10211398	10245015	1
6	10245016	10257422	0
6	10257423	10305403	1
6	10305404	10321641	3
6	10321642	10363661	2
6	10363662	10465141	0
6	10465142	10495075	2
6	10495076	10506463	0
6	10506464	10507212	2
6	10507213	10516026	0
6	10516027	10516544	2
6	10516545	10519677	0
6	10519678	10632774	1
6	10632775	10639422	0
6	10639423	10656977	2
6	10656978	10805530	0
6	10805531	10817313	1
6	10817314	10967965	0
6	10967966	11053331	2
6	11053332	11055517	0
6	11055518	11064135	1
6	11064136	11090052	0
6	11090053	11114692	2
6	11114693	11115255	3
6	11115256	11115368	2
6	11115369	11117183	0
6	11117184	11192742	1
6	11192743	11193212	3
6	11193213	11201624	1
6	11201625	11305799	0
6	11305800	11309280	2
6	11309281	11318951	0
6	11318952	11349724	2
6	11349725	11352256	0
6	11352257	11408488	1
6	11408489	11409820	0
6	11409821	11438565	1
6	11438566	11438909	0
6	11438910	11446176	2
6	11446177	11447223	0
6	11447224	11453289	1
6	11453290	11456633	3
6	11456634	11478609	1
6	11478610	11500409	0
6	11500410	11500606	2
6	11500607	11508683	0
6	11508684	11557287	2
6	11557288	11557509	0
6	11557510	11579039	1
6	11579040	11693447	0
6	11693448	11694229	1
6	11694230	11708464	0
6	11708465	11710100	1
6	11710101	11724635	0
6	11724636	11757067	2
6	11757068	11757284	0
6	11757285	11791963	1
6	11791964	11796481	0
6	11796482	11816097	1
6	11816098	11835959	0
6	11835960	11870107	1
6	11870108	11894446	0
6	11894447	11909361	2
6	11909362	11910876	0
6	11910877	11924474	2
6	11924475	11952304	0
6	11952305	11959546	2
6	11959547	11970467	0
6	11970468	11971192	1
6	11971193	11974687	0
6	11974688	11986989	2
6	11986990	12005872	0
6	12005873	12024985	2
6	12024986	12037102	0
6	12037103	12048567	1
6	12048568	12056638	0
6	12056639	12065337	1
6	12065338	12073895	0
6	12073896	12097478	2
6	12097479	12122547	0
6	12122548	12129345	1
6	12129346	12185858	0
6	12185859	12348884	2
6	12348885	12360843	0
6	12360844	12371127	1
6	12371128	12421733	0
6	12421734	12424677	2
6	12424678	12434925	0
6	12434926	12479726	2
6	12479727	12521014	0
6	12521015	12547521	2
6	12547522	12548525	3
6	12548526	12608711	2
6	12608712	12609024	3
6	12609025	12620279	1
6	12620280	12660037	0
6	12660038	12698705	1
6	12698706	12718324	0
6	12718325	12845214	2
6	12845215	12846785	0
6	12846786	12858207	1
6	12858208	12870177	0
6	12870178	13031430	1
6	13031431	13131214	0
6	13131215	13698795	1
6	13698796	14287454	0
6	14287455	14332069	2
6	14332070	14375079	0
6	14375080	14411185	2
6	14411186	14411655	3
6	14411656	14476640	2
6	14476641	14485539	0
6	14485540	14509325	1
6	14509326	14515202	0
6	14515203	14529567	1
6	14529568	14532326	0
6	14532327	14579197	2
6	14579198	14595148	0
6	14595149	14622414	2
6	14622415	14629604	0
6	14629605	14640150	1
6	14640151	14669908	0
6	14669909	14675207	2
6	14675208	14705425	0
6	14705426	14706684	1
6	14706685	14780258	0
6	14780259	14802999	1
6	14803000	14831681	0
6	14831682	14874593	2
6	14874594	14876469	3
6	14876470	14882702	1
6	14882703	14884121	0
6	14884122	14886999	2
6	14887000	14888953	0
6	14888954	15236460	2
6	15236461	15403184	0
6	15403185	15404032	2
6	15404033	15412636	0
6	15412637	15419432	2
6	15419433	15424093	0
6	15424094	15425547	1
6	15425548	15453275	0
6	15453276	15483539	2
6	15483540	15500653	0
6	15500654	15513540	2
6	15513541	15653011	0
6	15653012	15657014	1
6	15657015	15725865	0
6	15725866	15737000	2
6	15737001	15747427	0
6	15747428	15751005	2
6	15751006	15751886	3
6	15751887	15792895	2
6	15792896	15794049	3
6	15794050	15803245	2
6	15803246	15804234	3
6	15804235	15824115	2
6	15824116	15825116	3
6	15825117	15881844	2
6	15881845	15883506	0
6	15883507	15889184	1
6	15889185	15897772	0
6	15897773	15904991	2
6	15904992	15921924	0
6	15921925	15973625	2
6	15973626	15976760	0
6	15976761	15994703	1
6	15994704	15997578	0
6	15997579	16048361	1
6	16048362	16073944	0
6	16073945	16121237	1
6	16121238	16122145	3
6	16122146	16122272	1
6	16122273	16135713	0
6	16135714	16249029	2
6	16249030	16270225	0
6	16270226	16293440	2
6	16293441	16448010	0
6	16448011	16498804	1
6	16498805	16744859	0
6	16744860	16745865	1
6	16745866	16752463	0
6	16752464	16765880	2
6	16765881	16766203	0
6	16766204	16772110	1
6	16772111	16775834	0
6	16775835	16779683	1
6	16779684	16783007	0
6	16783008	16788969	1
6	16788970	16807153	0
6	16807154	16807717	2
6	16807718	16808969	0
6	16808970	16833973	1
6	16833974	16860798	0
6	16860799	16885923	1
6	16885924	16898141	0
6	16898142	16927501	1
6	16927502	16940976	0
6	16940977	16996533	1
6	16996534	17031911	0
6	17031912	17038982	1
6	17038983	17049735	0
6	17049736	17050082	2
6	17050083	17060221	0
6	17060222	17071111	1
6	17071112	17096994	0
6	17096995	17107412	2
6	17107413	17110018	0
6	17110019	17113814	2
6	17113815	17125283	1
6	17125284	17128165	0
6	17128166	17132919	1
6	17132920	17140654	0
6	17140655	17142387	2
6	17142388	17144152	0
6	17144153	17148631	2
6	17148632	17149401	0
6	17149402	17156224	1
6	17156225	17163828	0
6	17163829	17166736	2
6	17166737	17183911	0
6	17183912	17189663	1
6	17189664	17209897	0
6	17209898	17210428	1
6	17210429	17216532	3
6	17216533	17305826	1
6	17305827	17309395	3
6	17309396	17392778	1
6	17392779	17395536	3
6	17395537	17414814	1
6	17414815	17418807	3
6	17418808	17462344	1
6	17462345	17468062	3
6	17468063	17470754	1
6	17470755	17498832	0
6	17498833	17508336	1
6	17508337	17512060	0
6	17512061	17516556	1
6	17516557	17539080	0
6	17539081	17542456	2
6	17542457	17554037	0
6	17554038	17555320	2
6	17555321	17565756	0
6	17565757	17570846	2
6	17570847	17577484	0
6	17577485	17581903	2
6	17581904	17596690	0
6	17596691	17600228	2
6	17600229	17605758	0
6	17605759	17644938	1
6	17644939	17679755	0
6	17679756	17683448	2
6	17683449	17686003	0
6	17686004	17696080	1
6	17696081	17703760	0
6	17703761	17708231	1
6	17708232	17715406	0
6	17715407	17718916	2
6	17718917	17719681	0
6	17719682	17721748	1
6	17721749	17731829	0
6	17731830	17734408	2
6	17734409	17736452	1
6	17736453	17736758	0
6	17736759	17742949	2
6	17742950	17770911	0
6	17770912	17772422	2
6	17772423	17779437	0
6	17779438	17798518	2
6	17798519	17812838	0
6	17812839	17813338	1
6	17813339	17836014	0
6	17836015	17842201	2
6	17842202	17853226	0
6	17853227	17866108	2
6	17866109	17867489	0
6	17867490	17870085	2
6	17870086	17873583	0
6	17873584	17875191	2
6	17875192	17877093	0
6	17877094	17903700	2
6	17903701	17908490	0
6	17908491	17914651	1
6	17914652	17921465	0
6	17921466	17938543	1
6	17938544	17941054	0
6	17941055	17943299	2
6	17943300	17945215	3
6	17945216	17959230	1
6	17959231	18000930	0
6	18000931	18008657	2
6	18008658	18014715	0
6	18014716	18028450	2
6	18028451	18030291	0
6	18030292	18032701	1
6	18032702	18033419	0
6	18033420	18037033	2
6	18037034	18041247	3
6	18041248	18045903	1
6	18045904	18052771	0
6	18052772	18053634	2
6	18053635	18071018	0
6	18071019	18084387	2
6	18084388	18085404	0
6	18085405	18092914	2
6	18092915	18093168	0
6	18093169	18096258	1
6	18096259	18098996	0
6	18098997	18102113	1
6	18102114	18102283	0
6	18102284	18108531	1
6	18108532	18110620	0
6	18110621	18115186	1
6	18115187	18161830	0
6	18161831	18167796	2
6	18167797	18171218	0
6	18171219	18174465	2
6	18174466	18176397	0
6	18176398	18179550	2
6	18179551	18182595	3
6	18182596	18204152	1
6	18204153	18222578	0
6	18222579	18223180	2
6	18223181	18244104	0
6	18244105	18247772	2
6	18247773	18248066	3
6	18248067	18248124	2
6	18248125	18251237	1
6	18251238	18252529	3
6	18252530	18253677	1
6	18253678	18255035	0
6	18255036	18266077	2
6	18266078	18276732	0
6	18276733	18300519	2
6	18300520	18343153	0
6	18343154	18357414	2
6	18357415	18357456	3
6	18357457	18360706	1
6	18360707	18374133	0
6	18374134	18380556	2
6	18380557	18384230	0
6	18384231	18397930	2
6	18397931	18401135	3
6	18401136	18413726	1
6	18413727	18418307	0
6	18418308	18425666	2
6	18425667	18432856	0
6	18432857	18444199	2
6	18444200	18450219	0
6	18450220	18458492	2
6	18458493	18458569	0
6	18458570	18462765	2
6	18462766	18494029	0
6	18494030	18516142	1
6	18516143	18599276	0
6	18599277	18673894	2
6	18673895	18699621	0
6	18699622	18899856	2
6	18899857	18905045	0
6	18905046	19048691	1
6	19048692	19100309	0
6	19100310	19175305	2
6	19175306	19179572	0
6	19179573	19217895	1
6	19217896	19253629	0
6	19253630	19272155	1
6	19272156	19330767	0
6	19330768	19363130	2
6	19363131	19367329	0
6	19367330	19389565	1
6	19389566	19496165	0
6	19496166	19496641	1
6	19496642	20957307	0
6	20957308	20958248	2
6	20958249	20958393	0
6	20958394	20977670	2
6	20977671	20984496	0
6	20984497	20992575	1
6	20992576	21026102	0
6	21026103	21067009	1
6	21067010	21075180	0
6	21075181	21078488	1
6	21078489	21081881	0
6	21081882	21180396	2
6	21180397	21183587	0
6	21183588	21226000	1
6	21226001	21247415	0
6	21247416	21354281	1
6	21354282	21480384	0
6	21480385	21512459	1
6	21512460	21627545	0
6	21627546	21711269	1
6	21711270	21749697	0
6	21749698	22064313	1
6	22064314	22127418	0
6	22127419	22129665	1
6	22129666	22150055	0
6	22150056	22150594	2
6	22150595	22165205	3
6	22165206	22176448	1
6	22176449	22189179	0
6	22189180	22209618	1
6	22209619	22209680	0
6	22209681	22237811	2
6	22237812	22242421	0
6	22242422	22252259	2
6	22252260	22264110	0
6	22264111	22275988	1
6	22275989	22276228	0
6	22276229	22296932	2
6	22296933	22309533	0
6	22309534	22345047	2
6	22345048	22355294	0
6	22355295	22437154	2
6	22437155	22440180	0
6	22440181	22481452	1
6	22481453	22565043	0
6	22565044	22593476	1
6	22593477	22622401	0
6	22622402	22723959	2
6	22723960	22814210	0
6	22814211	22906021	1
6	22906022	23106758	0
6	23106759	23168378	1
6	23168379	23181064	0
6	23181065	23185459	1
6	23185460	23194417	3
6	23194418	23296147	1
6	23296148	23315417	3
6	23315418	23358539	1
6	23358540	23367752	0
6	23367753	23433918	1
6	23433919	23437436	0
6	23437437	23437768	2
6	23437769	23474671	0
6	23474672	23532908	1
6	23532909	23545370	0
6	23545371	23607798	1
6	23607799	23614910	0
6	23614911	23626989	2
6	23626990	23631895	0
6	23631896	23653835	1
6	23653836	23657102	0
6	23657103	24187176	1
6	24187177	24206098	3
6	24206099	24217824	1
6	24217825	24230199	0
6	24230200	24242449	2
6	24242450	24255929	0
6	24255930	24268182	1
6	24268183	24273188	0
6	24273189	24437651	2
6	24437652	24438691	0
6	24438692	24460329	1
6	24460330	24484663	0
6	24484664	24495253	2
6	24495254	24505800	0
6	24505801	24549343	1
6	24549344	24549867	0
6	24549868	24556709	2
6	24556710	24558188	0
6	24558189	24576485	1
6	24576486	24607121	0
6	24607122	24612659	2
6	24612660	24616939	0
6	24616940	24639224	1
6	24639225	24742803	0
6	24742804	24743803	2
6	24743804	24862964	0
6	24862965	24894122	1
6	24894123	24906840	0
6	24906841	24940990	1
6	24940991	24951699	0
6	24951700	24985747	2
6	24985748	24991457	0
6	24991458	25006788	2
6	25006789	25009114	0
6	25009115	25027535	2
6	25027536	25249911	0
6	25249912	25289716	2
6	25289717	25413038	0
6	25413039	25432633	2
6	25432634	25436640	0
6	25436641	25565112	1
6	25565113	25567850	0
6	25567851	25580281	2
6	25580282	25594962	0
6	25594963	25710142	1
6	25710143	25714446	0
6	25714447	25734481	1
6	25734482	25740911	0
6	25740912	25757996	2
6	25757997	25765904	0
6	25765905	25831877	1
6	25831878	25854512	0
6	25854513	25910018	2
6	25910019	25912534	0
6	25912535	25921987	2
6	25921988	25949566	0
6	25949567	25951170	2
6	25951171	26004365	0
6	26004366	26107298	2
6	26107299	26224898	0
6	26224899	26301969	2
6	26301970	26309071	0
6	26309072	26329527	2
6	26329528	26742851	0
6	26742852	26948548	1
6	26948549	27738219	0
6	27738220	27793514	1
6	27793515	27800107	0
6	27800108	27849425	2
6	27849426	27855700	0
6	27855701	27989558	1
6	27989559	28015846	0
6	28015847	28035190	2
6	28035191	28058470	0
6	28058471	28143242	2
6	28143243	28160704	3
6	28160705	28186049	1
6	28186050	28194222	0
6	28194223	28232106	2
6	28232107	28242118	0
6	28242119	28356039	1
6	28356040	28382785	0
6	28382786	28393581	1
6	28393582	28412321	0
6	28412322	28463037	2
6	28463038	28465185	0
6	28465186	28472315	1
6	28472316	28478525	0
6	28478526	28507770	1
6	28507771	28574385	0
6	28574386	28591704	2
6	28591705	28592701	0
6	28592702	28625212	1
6	28625213	28629130	0
6	28629131	28784519	2
6	28784520	28918655	0
6	28918656	29098218	1
6	29098219	29196687	0
6	29196688	29226885	1
6	29226886	29799927	0
6	29799928	29828449	1
6	29828450	29918633	0
6	29918634	29925140	1
6	29925141	29925238	3
6	29925239	30083417	1
6	30083418	30150245	0
6	30150246	30251460	2
6	30251461	30317096	0
6	30317097	30822477	1
6	30822478	30840832	0
6	30840833	30846137	1
6	30846138	30931556	0
6	30931557	30967041	2
6	30967042	30982469	0
6	30982470	30994876	2
6	30994877	31042369	0
6	31042370	31069629	2
6	31069630	31072974	0
6	31072975	31137700	2
6	31137701	31140376	0
6	31140377	31140636	1
6	31140637	31249399	0
6	31249400	31260446	2
6	31260447	31326221	0
6	31326222	31345438	2
6	31345439	31376392	0
6	31376393	31441515	2
6	31441516	31445287	3
6	31445288	31501130	2
6	31501131	31511022	0
6	31511023	31511555	2
6	31511556	31560789	0
6	31560790	31757679	1
6	31757680	31760109	0
6	31760110	31760396	2
6	31760397	31775806	0
6	31775807	31813544	1
6	31813545	31871310	0
6	31871311	31900833	2
6	31900834	31901667	0
6	31901668	31922165	1
6	31922166	31936651	0
6	31936652	31976072	2
6	31976073	32051199	0
6	32051200	32057590	2
6	32057591	32079815	0
6	32079816	32118666	1
6	32118667	32522643	0
6	32522644	32668846	2
6	32668847	33127810	0
6	33127811	33151449	1
6	33151450	33277442	0
6	33277443	33315659	2
6	33315660	33340386	0
6	33340387	33343497	2
6	33343498	33346754	0
6	33346755	33371234	1
6	33371235	33388928	0
6	33388929	33425868	1
6	33425869	33492097	0
6	33492098	33507297	1
6	33507298	33510449	0
6	33510450	33511012	1
6	33511013	33549372	0
6	33549373	33550986	2
6	33550987	34220931	0
6	34220932	34555874	1
6	34555875	36317918	0
6	36317919	36350389	2
6	36350390	36354728	0
6	36354729	36369069	2
6	36369070	36369453	0
6	36369454	36381245	1
6	36381246	36388164	0
6	36388165	36402847	2
6	36402848	36415675	0
6	36415676	36425955	2
6	36425956	36437714	0
6	36437715	36479890	1
6	36479891	36497460	0
6	36497461	36541296	2
6	36541297	36544445	0
6	36544446	36581795	1
6	36581796	36582187	0
6	36582188	36616937	2
6	36616938	36618701	0
6	36618702	36623992	2
6	36623993	36630575	0
6	36630576	36641754	2
6	36641755	36655167	0
6	36655168	36662066	2
6	36662067	36665593	0
6	36665594	36676039	1
6	36676040	36682373	0
6	36682374	36712492	2
6	36712493	36713102	3
6	36713103	36713891	1
6	36713892	36716061	0
6	36716062	36750090	1
6	36750091	36786697	0
6	36786698	36787450	2
6	36787451	36813603	0
6	36813604	36822225	1
6	36822226	36876756	0
6	36876757	36879998	2
6	36879999	36881650	0
6	36881651	36885173	1
6	36885174	36918505	0
6	36918506	36927473	2
6	36927474	36930345	0
6	36930346	36967676	1
6	36967677	36980294	0
6	36980295	37015331	2
6	37015332	37017349	3
6	37017350	37038192	2
6	37038193	37040625	0
6	37040626	37047645	2
6	37047646	37050254	0
6	37050255	37054748	1
6	37054749	37075122	0
6	37075123	37160810	2
6	37160811	37213154	0
6	37213155	37335093	2
6	37335094	37409923	0
6	37409924	37538005	2
6	37538006	37544897	0
6	37544898	37596733	2
6	37596734	37598727	3
6	37598728	37599825	1
6	37599826	37647779	0
6	37647780	37667848	2
6	37667849	37686503	0
6	37686504	37703188	2
6	37703189	37709192	0
6	37709193	37745354	1
6	37745355	37754117	0
6	37754118	37756171	2
6	37756172	37761601	0
6	37761602	37769058	1
6	37769059	37793335	0
6	37793336	37803291	2
6	37803292	37817601	0
6	37817602	37828236	1
6	37828237	37844710	0
6	37844711	37845648	1
6	37845649	37916753	0
6	37916754	37929795	1
6	37929796	37934887	0
6	37934888	37937459	2
6	37937460	37942780	0
6	37942781	37948605	1
6	37948606	37970546	0
6	37970547	37983735	2
6	37983736	37988371	0
6	37988372	38004292	2
6	38004293	38063597	0
6	38063598	38073990	1
6	38073991	38085229	0
6	38085230	38093673	1
6	38093674	38111523	0
6	38111524	38115350	2
6	38115351	38130090	0
6	38130091	38139963	1
6	38139964	38155268	0
6	38155269	38161156	2
6	38161157	38161580	0
6	38161581	38164184	1
6	38164185	38164600	0
6	38164601	38165670	2
6	38165671	38166718	0
6	38166719	38168131	1
6	38168132	38170606	0
6	38170607	38171271	2
6	38171272	38172548	0
6	38172549	38173201	1
6	38173202	38184585	0
6	38184586	38192331	1
6	38192332	38200357	0
6	38200358	38210319	2
6	38210320	38211314	0
6	38211315	38214329	1
6	38214330	38214845	0
6	38214846	38215219	2
6	38215220	38218297	3
6	38218298	38218738	2
6	38218739	38229592	0
6	38229593	38236864	1
6	38236865	38254572	0
6	38254573	38264980	1
6	38264981	38295307	0
6	38295308	38309980	2
6	38309981	38311141	0
6	38311142	38314570	1
6	38314571	38319210	0
6	38319211	38335488	1
6	38335489	38339005	0
6	38339006	38371387	2
6	38371388	38374285	3
6	38374286	38399806	2
6	38399807	38404751	0
6	38404752	38426124	1
6	38426125	38431800	0
6	38431801	38471003	1
6	38471004	38507100	0
6	38507101	38519954	1
6	38519955	38520396	0
6	38520397	38525060	1
6	38525061	38536067	0
6	38536068	38542576	1
6	38542577	38558940	0
6	38558941	38561321	1
6	38561322	38567772	0
6	38567773	38570472	1
6	38570473	38574237	0
6	38574238	38592433	1
6	38592434	38595115	0
6	38595116	38659405	1
6	38659406	38679322	0
6	38679323	38712110	2
6	38712111	38722476	0
6	38722477	38728614	2
6	38728615	38730564	0
6	38730565	38740476	2
6	38740477	38742321	1
6	38742322	38744307	0
6	38744308	38746717	1
6	38746718	38756618	0
6	38756619	38757480	2
6	38757481	38760405	0
6	38760406	38761613	2
6	38761614	38762101	0
6	38762102	38765546	1
6	38765547	38776707	0
6	38776708	38786566	2
6	38786567	38786725	3
6	38786726	38798213	1
6	38798214	38807565	0
6	38807566	38812377	1
6	38812378	38837962	0
6	38837963	38865501	2
6	38865502	38865573	0
6	38865574	38899043	1
6	38899044	38899124	0
6	38899125	38904427	2
6	38904428	38905728	0
6	38905729	38907071	1
6	38907072	38908378	3
6	38908379	38915072	1
6	38915073	38920416	0
6	38920417	38920781	1
6	38920782	38928804	0
6	38928805	38939167	2
6	38939168	38940785	0
6	38940786	38944124	1
6	38944125	38947848	0
6	38947849	38951701	1
6	38951702	38953775	0
6	38953776	38955999	2
6	38956000	38956200	0
6	38956201	38962124	1
6	38962125	38963036	0
6	38963037	38964639	1
6	38964640	38966852	0
6	38966853	38968701	2
6	38968702	38968898	0
6	38968899	38971097	1
6	38971098	39001860	0
6	39001861	39002468	2
6	39002469	39050801	0
6	39050802	39075674	2
6	39075675	39084390	0
6	39084391	39093719	2
6	39093720	39095158	3
6	39095159	39105466	2
6	39105467	39115662	0
6	39115663	39118650	2
6	39118651	39118846	0
6	39118847	39121806	1
6	39121807	39123077	0
6	39123078	39127050	2
6	39127051	39130542	0
6	39130543	39131712	2
6	39131713	39131838	1
6	39131839	39132634	3
6	39132635	39180727	1
6	39180728	39181032	0
6	39181033	39202029	1
6	39202030	39202128	0
6	39202129	39245909	1
6	39245910	39259954	0
6	39259955	39275371	2
6	39275372	39289709	3
6	39289710	39308671	2
6	39308672	39309421	0
6	39309422	39320092	1
6	39320093	39322918	0
6	39322919	39324649	2
6	39324650	39326172	0
6	39326173	39326834	2
6	39326835	39337942	0
6	39337943	39364034	2
6	39364035	39373226	0
6	39373227	39373685	2
6	39373686	39376630	0
6	39376631	39403608	2
6	39403609	39403883	3
6	39403884	39418778	1
6	39418779	39418961	3
6	39418962	39422219	2
6	39422220	39422662	3
6	39422663	39430779	1
6	39430780	39442791	0
6	39442792	39451395	1
6	39451396	39477691	0
6	39477692	39479809	2
6	39479810	39505055	0
6	39505056	39506953	2
6	39506954	39508620	0
6	39508621	39533751	1
6	39533752	39590835	0
6	39590836	39596729	2
6	39596730	39609033	0
6	39609034	39610130	1
6	39610131	39667821	0
6	39667822	39672434	1
6	39672435	39672636	3
6	39672637	39673261	2
6	39673262	39682040	0
6	39682041	39732957	2
6	39732958	39762718	3
6	39762719	39806526	1
6	39806527	39806866	3
6	39806867	39815303	1
6	39815304	39819110	3
6	39819111	39820850	1
6	39820851	39827283	3
6	39827284	39832344	1
6	39832345	39846869	0
6	39846870	39853290	2
6	39853291	39854036	0
6	39854037	39856381	1
6	39856382	39857302	0
6	39857303	39862215	2
6	39862216	39865571	0
6	39865572	39866943	1
6	39866944	39880399	0
6	39880400	39885848	2
6	39885849	39887943	0
6	39887944	39891739	2
6	39891740	39891897	0
6	39891898	39895683	2
6	39895684	39896327	0
6	39896328	39899250	1
6	39899251	39899723	0
6	39899724	39901630	1
6	39901631	39904216	3
6	39904217	39905848	1
6	39905849	39905864	2
6	39905865	39922318	3
6	39922319	39933771	2
6	39933772	39934169	0
6	39934170	39936404	1
6	39936405	39971030	0
6	39971031	39982406	1
6	39982407	39984085	0
6	39984086	39984492	1
6	39984493	39986372	0
6	39986373	39988627	1
6	39988628	39996587	0
6	39996588	40003458	1
6	40003459	40020483	0
6	40020484	40044289	1
6	40044290	40111232	0
6	40111233	40115711	1
6	40115712	40119852	0
6	40119853	40122400	1
6	40122401	40122429	3
6	40122430	40122996	2
6	40122997	40137823	0
6	40137824	40145807	2
6	40145808	40145874	0
6	40145875	40147775	2
6	40147776	40158248	0
6	40158249	40218387	2
6	40218388	40218662	0
6	40218663	40221795	1
6	40221796	40222101	0
6	40222102	40223074	1
6	40223075	40225979	0
6	40225980	40233301	2
6	40233302	40235625	0
6	40235626	40271908	1
6	40271909	40274400	0
6	40274401	40309873	2
6	40309874	40324261	0
6	40324262	40326349	1
6	40326350	40326457	0
6	40326458	40329855	1
6	40329856	40330681	0
6	40330682	40332694	1
6	40332695	40342560	0
6	40342561	40343502	1
6	40343503	40352961	0
6	40352962	40377077	2
6	40377078	40377871	3
6	40377872	40389094	2
6	40389095	40389487	3
6	40389488	40394806	1
6	40394807	40396109	0
6	40396110	40398731	2
6	40398732	40399639	3
6	40399640	40410590	2
6	40410591	40413356	3
6	40413357	40416968	1
6	40416969	40417064	0
6	40417065	40419587	2
6	40419588	40425257	0
6	40425258	40438101	2
6	40438102	40461879	0
6	40461880	40467532	1
6	40467533	40468131	3
6	40468132	40472253	1
6	40472254	40539628	0
6	40539629	40540278	2
6	40540279	40613726	0
6	40613727	40625947	1
6	40625948	40626213	0
6	40626214	40634201	2
6	40634202	40641919	0
6	40641920	40655253	2
6	40655254	40708493	0
6	40708494	40718477	2
6	40718478	40730078	0
6	40730079	40750932	1
6	40750933	40754917	0
6	40754918	40766593	1
6	40766594	40821964	0
6	40821965	40836277	2
6	40836278	40839244	0
6	40839245	40869773	1
6	40869774	40883473	0
6	40883474	40903261	2
6	40903262	41023785	0
6	41023786	41039779	2
6	41039780	41066859	0
6	41066860	41068308	1
6	41068309	41070932	0
6	41070933	41089261	1
6	41089262	41127836	0
6	41127837	41128783	1
6	41128784	41343608	0
6	41343609	41344906	2
6	41344907	41407068	0
6	41407069	41408801	2
6	41408802	41495717	0
6	41495718	41497252	2
6	41497253	41517165	0
6	41517166	41528214	1
6	41528215	41546145	0
6	41546146	41550601	1
6	41550602	41605318	0
6	41605319	41629697	2
6	41629698	41646089	0
6	41646090	41653040	1
6	41653041	41740500	0
6	41740501	41764562	1
6	41764563	41773311	0
6	41773312	41822506	1
6	41822507	41822943	3
6	41822944	41822974	1
6	41822975	41859093	0
6	41859094	41859632	1
6	41859633	41899286	0
6	41899287	41899975	2
6	41899976	41903462	0
6	41903463	41906961	2
6	41906962	41913581	0
6	41913582	41930524	1
6	41930525	41947214	0
6	41947215	41983986	1
6	41983987	42028057	0
6	42028058	42045407	1
6	42045408	42167101	0
6	42167102	42177010	2
6	42177011	42188439	0
6	42188440	42191180	2
6	42191181	42202576	0
6	42202577	42207942	1
6	42207943	42240609	0
6	42240610	42251306	1
6	42251307	42259700	0
6	42259701	42268080	2
6	42268081	42277539	0
6	42277540	42315410	1
6	42315411	42319763	0
6	42319764	42324677	1
6	42324678	42351859	0
6	42351860	42353340	2
6	42353341	42363663	0
6	42363664	42365478	1
6	42365479	42367105	0
6	42367106	42375739	1
6	42375740	42375997	0
6	42375998	42424969	1
6	42424970	42430273	0
6	42430274	42452094	2
6	42452095	42453940	0
6	42453941	42517286	2
6	42517287	42523740	0
6	42523741	42535132	2
6	42535133	42541126	0
6	42541127	42547535	2
6	42547536	42551039	3
6	42551040	42573405	1
6	42573406	42585024	0
6	42585025	42605754	1
6	42605755	42609057	0
6	42609058	42680957	1
6	42680958	42682108	0
6	42682109	42692025	2
6	42692026	42698624	0
6	42698625	42699728	1
6	42699729	42702425	0
6	42702426	42703243	2
6	42703244	42716156	0
6	42716157	42723886	2
6	42723887	42744053	0
6	42744054	42800548	2
6	42800549	42807026	0
6	42807027	42827775	2
6	42827776	42828832	0
6	42828833	42868684	1
6	42868685	42901704	0
6	42901705	42941211	2
6	42941212	42947413	0
6	42947414	42998208	1
6	42998209	43003191	0
6	43003192	43032307	1
6	43032308	43041534	0
6	43041535	43052545	1
6	43052546	43071428	0
6	43071429	43077209	2
6	43077210	43179136	0
6	43179137	43256167	1
6	43256168	43296809	0
6	43296810	43342303	2
6	43342304	43354906	0
6	43354907	43404354	2
6	43404355	43440410	0
6	43440411	43475037	2
6	43475038	43729779	0
6	43729780	44000435	2
6	44000436	44092069	0
6	44092070	44398007	1
6	44398008	44477028	0
6	44477029	44478158	1
6	44478159	46954281	0
6	46954282	46955932	1
6	46955933	47016176	0
6	47016177	47044154	1
6	47044155	47425305	0
6	47425306	47622223	2
6	47622224	48403121	0
6	48403122	48446361	2
6	48446362	48897855	0
6	48897856	48900035	1
6	48900036	48935355	0
6	48935356	48936843	2
6	48936844	49096225	0
6	49096226	49130475	2
6	49130476	49148588	0
6	49148589	49232136	1
6	49232137	49235804	0
6	49235805	49255107	2
6	49255108	49339271	0
6	49339272	49360066	1
6	49360067	49475537	0
6	49475538	49476679	1
6	49476680	49495643	0
6	49495644	49671661	1
6	49671662	49689758	0
6	49689759	49690225	2
6	49690226	49716719	0
6	49716720	49747434	1
6	49747435	49752690	0
6	49752691	49804748	2
6	49804749	49818901	0
6	49818902	49838939	2
6	49838940	49839168	0
6	49839169	49852323	1
6	49852324	49859180	0
6	49859181	49900755	2
6	49900756	49903702	0
6	49903703	49927635	1
6	49927636	49954146	0
6	49954147	49999478	1
6	49999479	50039480	0
6	50039481	50112277	1
6	50112278	50149086	0
6	50149087	50149541	1
6	50149542	50170721	0
6	50170722	50219024	2
6	50219025	50230190	0
6	50230191	50265016	1
6	50265017	50553726	0
6	50553727	50594383	1
6	50594384	50848850	0
6	50848851	50931568	2
6	50931569	51025097	0
6	51025098	51094549	1
6	51094550	51160394	0
6	51160395	51160824	1
6	51160825	51814571	0
6	51814572	52578211	2
6	52578212	52872329	0
6	52872330	52949311	1
6	52949312	54025321	0
6	54025322	54025725	2
6	54025726	54077493	0
6	54077494	54085604	1
6	54085605	54136955	0
6	54136956	54181247	1
6	54181248	54206899	0
6	54206900	54207300	2
6	54207301	54235295	0
6	54235296	54325916	2
6	54325917	54398884	0
6	54398885	54405554	2
6	54405555	54406062	3
6	54406063	54498428	1
6	54498429	54709520	0
6	54709521	54720795	2
6	54720796	54742208	0
6	54742209	54870057	1
6	54870058	54964696	0
6	54964697	55023838	2
6	55023839	55058359	0
6	55058360	55186261	2
6	55186262	55227528	0
6	55227529	55240232	2
6	55240233	55247955	0
6	55247956	55263688	2
6	55263689	55325830	0
6	55325831	55352320	1
6	55352321	55419434	0
6	55419435	55527649	2
6	55527650	55535524	0
6	55535525	55642461	1
6	55642462	55693795	0
6	55693796	55716378	1
6	55716379	55816249	0
6	55816250	55917391	1
6	55917392	55917748	3
6	55917749	55932149	2
6	55932150	55951375	0
6	55951376	55976359	1
6	55976360	56174717	0
6	56174718	56203394	2
6	56203395	56205739	3
6	56205740	56214874	1
6	56214875	56250302	0
6	56250303	56450993	2
6	56450994	56472945	0
6	56472946	56484763	2
6	56484764	56555329	0
6	56555330	56556368	2
6	56556369	56568483	0
6	56568484	56643618	1
6	56643619	56644304	3
6	56644305	56677705	2
6	56677706	56680675	3
6	56680676	56723650	1
6	56723651	56754468	0
6	56754469	56849673	1
6	56849674	56861015	0
6	56861016	56900072	1
6	56900073	56919283	0
6	56919284	56977417	1
6	56977418	57047784	0
6	57047785	57220333	2
6	57220334	57332969	0
6	57332970	57362557	1
6	57362558	57435895	0
6	57435896	57537843	2
6	57537844	57686394	0
6	57686395	57791628	2
6	57791629	57971340	0
6	57971341	57976922	2
6	57976923	58598414	0
6	58598415	58632774	1
6	58632775	58692790	0
6	58692791	58695366	1
6	58695367	58895568	0
6	58895569	58932727	1
6	58932728	59026669	0
6	59026670	59048716	1
6	59048717	59150612	0
6	59150613	59173771	2
6	59173772	59273711	0
6	59273712	59292612	2
6	59292613	59383896	0
6	59383897	59474865	2
6	59474866	59492124	0
6	59492125	59527276	2
6	59527277	59534480	0
6	59534481	59536928	2
6	59536929	59557007	0
6	59557008	59638886	1
6	59638887	60892484	0
6	60892485	60906442	1
6	60906443	61123252	0
6	61123253	61298603	1
6	61298604	61439613	0
6	61439614	61471569	1
6	61471570	61510739	0
6	61510740	61530992	1
6	61530993	61559221	0
6	61559222	61584175	1
6	61584176	61620993	0
6	61620994	61650163	1
6	61650164	61664850	0
6	61664851	61704720	1
6	61704721	61727558	0
6	61727559	61757401	2
6	61757402	61930846	0
6	61930847	62316767	2
6	62316768	62335294	0
6	62335295	62394773	2
6	62394774	62443286	0
6	62443287	62446467	1
6	62446468	62549150	0
6	62549151	62684300	2
6	62684301	62712904	0
6	62712905	62722366	2
6	62722367	62729157	0
6	62729158	62740631	2
6	62740632	62774218	0
6	62774219	62823157	2
6	62823158	62844384	0
6	62844385	62914808	1
6	62914809	62927872	0
6	62927873	63008526	2
6	63008527	63035744	0
6	63035745	63114739	2
6	63114740	63188770	0
6	63188771	63189504	1
6	63189505	63225322	0
6	63225323	63270187	2
6	63270188	63308418	0
6	63308419	63341528	2
6	63341529	63342257	3
6	63342258	63389859	1
6	63389860	63399291	0
6	63399292	63419366	1
6	63419367	63465483	0
6	63465484	63481654	1
6	63481655	63482310	0
6	63482311	63514566	2
6	63514567	63527967	0
6	63527968	63563680	1
6	63563681	63615147	0
6	63615148	63677645	1
6	63677646	63829766	0
6	63829767	63922410	2
6	63922411	65596758	0
6	65596759	65784482	1
6	65784483	65786097	3
6	65786098	65823808	2
6	65823809	67533800	0
6	67533801	67534039	1
6	67534040	68077793	0
6	68077794	68189877	2
6	68189878	68364492	0
6	68364493	68400783	1
6	68400784	68449154	0
6	68449155	68499400	1
6	68499401	68768106	0
6	68768107	68867872	1
6	68867873	68876345	0
6	68876346	68888671	1
6	68888672	68922784	0
6	68922785	68960364	2
6	68960365	68964683	0
6	68964684	69015592	1
6	69015593	69019890	0
6	69019891	69107058	1
6	69107059	69118733	0
6	69118734	69170908	2
6	69170909	69223850	0
6	69223851	69277594	2
6	69277595	69284286	0
6	69284287	69521021	1
6	69521022	69572497	0
6	69572498	69683029	2
6	69683030	69709115	0
6	69709116	69867029	1
6	69867030	70060169	0
6	70060170	70350919	1
6	70350920	70724466	0
6	70724467	70741602	2
6	70741603	70742644	0
6	70742645	70822969	1
6	70822970	70825255	0
6	70825256	70833469	1
6	70833470	70842102	0
6	70842103	70843522	1
6	70843523	70850283	0
6	70850284	70879972	1
6	70879973	70956189	0
6	70956190	71295635	2
6	71295636	71329661	0
6	71329662	71355628	1
6	71355629	71631706	0
6	71631707	71655815	1
6	71655816	71675690	3
6	71675691	71689753	1
6	71689754	71706905	0
6	71706906	71802885	2
6	71802886	71825311	0
6	71825312	72107832	1
6	72107833	72130563	0
6	72130564	72138906	1
6	72138907	72138913	0
6	72138914	72305778	2
6	72305779	74164155	0
6	74164156	74634070	2
6	74634071	74869029	0
6	74869030	74884451	2
6	74884452	74932787	0
6	74932788	75043936	2
6	75043937	75324279	0
6	75324280	75348242	1
6	75348243	75409482	0
6	75409483	75472094	2
6	75472095	75473594	0
6	75473595	75515638	1
6	75515639	75560618	3
6	75560619	76004569	1
6	76004570	76848104	0
6	76848105	76866946	2
6	76866947	76887397	0
6	76887398	76911144	2
6	76911145	77053125	0
6	77053126	77146635	2
6	77146636	77372606	0
6	77372607	77374655	2
6	77374656	77391623	0
6	77391624	77396498	1
