<CHROM>	<START>	<END>	<TSB>
3	0	307202	0
3	307203	307978	2
3	307979	401427	0
3	401428	471632	1
3	471633	574090	0
3	574091	574590	1
3	574591	904763	0
3	904764	937100	1
3	937101	1095881	0
3	1095882	1116675	1
3	1116676	1285662	0
3	1285663	1291863	2
3	1291864	1331224	0
3	1331225	1335773	2
3	1335774	1366117	0
3	1366118	1371624	1
3	1371625	1385652	0
3	1385653	1392273	2
3	1392274	1413669	0
3	1413670	1416597	2
3	1416598	1452642	0
3	1452643	1468612	2
3	1468613	1478523	0
3	1478524	1514932	2
3	1514933	1527277	0
3	1527278	1584944	1
3	1584945	1740022	0
3	1740023	1924825	1
3	1924826	1960955	0
3	1960956	2123818	1
3	2123819	2129877	0
3	2129878	2136934	1
3	2136935	2158993	0
3	2158994	2168368	2
3	2168369	2170531	0
3	2170532	2179008	2
3	2179009	2181043	0
3	2181044	2181960	1
3	2181961	2182955	0
3	2182956	2261876	2
3	2261877	2262251	0
3	2262252	2270993	2
3	2270994	2288665	0
3	2288666	2299689	2
3	2299690	2302780	3
3	2302781	2309177	1
3	2309178	2396141	0
3	2396142	2398687	2
3	2398688	2407855	0
3	2407856	2411542	1
3	2411543	2414449	0
3	2414450	2431146	1
3	2431147	2432688	0
3	2432689	2434255	1
3	2434256	2438087	0
3	2438088	2441704	2
3	2441705	2441731	0
3	2441732	2444279	1
3	2444280	2448379	0
3	2448380	2453931	1
3	2453932	2455569	0
3	2455570	2456039	1
3	2456040	2458293	0
3	2458294	2459383	1
3	2459384	2462464	0
3	2462465	2463788	2
3	2463789	2466542	0
3	2466543	2474911	1
3	2474912	2474970	0
3	2474971	2475798	2
3	2475799	2480230	0
3	2480231	2487708	2
3	2487709	2489040	0
3	2489041	2490390	1
3	2490391	2490516	0
3	2490517	2502246	2
3	2502247	2504692	0
3	2504693	2505664	2
3	2505665	2506424	0
3	2506425	2506894	2
3	2506895	2507750	3
3	2507751	2512490	1
3	2512491	2513489	3
3	2513490	2534661	1
3	2534662	2547984	0
3	2547985	2569047	2
3	2569048	2569133	0
3	2569134	2573385	1
3	2573386	2579256	0
3	2579257	2584521	1
3	2584522	2591329	0
3	2591330	2596581	2
3	2596582	2617803	0
3	2617804	2623443	2
3	2623444	2625013	0
3	2625014	2630668	2
3	2630669	2642529	0
3	2642530	2646646	2
3	2646647	2648883	0
3	2648884	2668807	2
3	2668808	2676294	0
3	2676295	2678954	2
3	2678955	2680563	3
3	2680564	2680620	1
3	2680621	2686121	0
3	2686122	2689082	1
3	2689083	2716532	0
3	2716533	2719511	1
3	2719512	2724614	0
3	2724615	2727252	1
3	2727253	2727614	3
3	2727615	2731210	2
3	2731211	2746073	0
3	2746074	2770618	1
3	2770619	2781167	0
3	2781168	2785472	2
3	2785473	2786521	0
3	2786522	2795107	1
3	2795108	2796995	0
3	2796996	2798468	1
3	2798469	2800648	0
3	2800649	2803572	1
3	2803573	2806775	0
3	2806776	2832695	1
3	2832696	2832845	0
3	2832846	2841329	1
3	2841330	2843633	0
3	2843634	2845591	1
3	2845592	2849982	0
3	2849983	2853270	1
3	2853271	2872029	0
3	2872030	2875013	2
3	2875014	2877291	0
3	2877292	2881303	2
3	2881304	2888101	0
3	2888102	2893493	2
3	2893494	2894700	0
3	2894701	2898252	2
3	2898253	2910081	0
3	2910082	2913360	2
3	2913361	2916660	0
3	2916661	2917419	2
3	2917420	2935396	0
3	2935397	2938881	1
3	2938882	2945502	0
3	2945503	2947316	1
3	2947317	2970088	0
3	2970089	2991283	2
3	2991284	2993554	3
3	2993555	3211908	2
3	3211909	3236868	0
3	3236869	3240035	2
3	3240036	3255636	0
3	3255637	3266258	1
3	3266259	3272191	0
3	3272192	3274545	2
3	3274546	3291082	0
3	3291083	3295099	1
3	3295100	3310952	0
3	3310953	3365338	2
3	3365339	3373969	0
3	3373970	3389610	1
3	3389611	3390441	3
3	3390442	3434025	1
3	3434026	3453399	0
3	3453400	3476213	1
3	3476214	3510039	0
3	3510040	3574785	1
3	3574786	3590781	0
3	3590782	3594473	1
3	3594474	3654753	0
3	3654754	3661808	1
3	3661809	3662322	0
3	3662323	3691970	1
3	3691971	3699824	0
3	3699825	3700198	1
3	3700199	3724654	0
3	3724655	3747438	1
3	3747439	3767392	0
3	3767393	3794357	2
3	3794358	3796478	0
3	3796479	3798225	1
3	3798226	3798345	0
3	3798346	3806711	1
3	3806712	3809405	0
3	3809406	3824282	1
3	3824283	3827496	0
3	3827497	3834076	1
3	3834077	3834184	3
3	3834185	3842076	2
3	3842077	3843305	0
3	3843306	3855979	1
3	3855980	3856216	0
3	3856217	3890756	1
3	3890757	3905451	0
3	3905452	3951023	1
3	3951024	4034919	0
3	4034920	4043934	2
3	4043935	4044540	0
3	4044541	4055804	1
3	4055805	4083862	0
3	4083863	4092287	2
3	4092288	4106475	0
3	4106476	4108611	2
3	4108612	4138266	0
3	4138267	4142569	1
3	4142570	4217258	0
3	4217259	4221328	1
3	4221329	4233109	0
3	4233110	4236958	2
3	4236959	4282234	0
3	4282235	4282812	2
3	4282813	4285386	0
3	4285387	4288534	2
3	4288535	4341247	0
3	4341248	4341769	1
3	4341770	4374600	0
3	4374601	4394426	1
3	4394427	4398931	0
3	4398932	4405192	1
3	4405193	4861751	0
3	4861752	4866831	1
3	4866832	4867231	0
3	4867232	4869654	2
3	4869655	4869793	0
3	4869794	4872495	1
3	4872496	4872630	3
3	4872631	4876315	2
3	4876316	5118954	0
3	5118955	5126899	2
3	5126900	5167683	0
3	5167684	5170543	2
3	5170544	5277963	0
3	5277964	5281346	1
3	5281347	5304014	0
3	5304015	5308485	2
3	5308486	5325975	0
3	5325976	5330464	1
3	5330465	5386432	0
3	5386433	5402664	1
3	5402665	5441407	0
3	5441408	5452154	1
3	5452155	5453612	0
3	5453613	5458780	1
3	5458781	5459158	0
3	5459159	5461581	2
3	5461582	5461768	0
3	5461769	5464422	1
3	5464423	5468242	3
3	5468243	5481520	1
3	5481521	5483237	3
3	5483238	5500581	2
3	5500582	5500587	0
3	5500588	5510906	1
3	5510907	5519988	0
3	5519989	5568319	2
3	5568320	5572062	3
3	5572063	5575134	1
3	5575135	5608241	0
3	5608242	5617223	1
3	5617224	5624504	0
3	5624505	5654908	2
3	5654909	5656161	0
3	5656162	5693145	1
3	5693146	5709234	0
3	5709235	5731896	2
3	5731897	5737198	0
3	5737199	5802127	1
3	5802128	5811502	0
3	5811503	5976242	1
3	5976243	5997313	0
3	5997314	6054481	1
3	6054482	6061938	0
3	6061939	6080678	2
3	6080679	6211787	0
3	6211788	6295906	2
3	6295907	6430199	0
3	6430200	6578880	2
3	6578881	6617749	0
3	6617750	6626282	1
3	6626283	6773811	0
3	6773812	6798735	2
3	6798736	7035167	0
3	7035168	7038419	2
3	7038420	7047601	0
3	7047602	7051693	1
3	7051694	7051951	3
3	7051952	7058519	2
3	7058520	7109918	0
3	7109919	7130546	2
3	7130547	7134019	0
3	7134020	7141520	1
3	7141521	7144248	0
3	7144249	7164652	1
3	7164653	7190720	0
3	7190721	7203418	1
3	7203419	7237190	0
3	7237191	7265143	2
3	7265144	7269851	0
3	7269852	7278756	1
3	7278757	7279338	0
3	7279339	7394511	2
3	7394512	7404839	0
3	7404840	7422736	1
3	7422737	7422818	0
3	7422819	7488615	2
3	7488616	7491232	0
3	7491233	7498553	1
3	7498554	7508494	0
3	7508495	7632343	1
3	7632344	7635931	0
3	7635932	7660671	2
3	7660672	7686501	0
3	7686502	7730537	2
3	7730538	7742529	0
3	7742530	7796383	1
3	7796384	7884820	0
3	7884821	8059001	2
3	8059002	8192573	0
3	8192574	8304974	2
3	8304975	8315639	0
3	8315640	8315908	1
3	8315909	8322699	0
3	8322700	8325078	2
3	8325079	8338482	0
3	8338483	8348744	1
3	8348745	8349183	0
3	8349184	8357869	2
3	8357870	8363935	0
3	8363936	8376856	2
3	8376857	8389022	0
3	8389023	8405866	2
3	8405867	8430827	0
3	8430828	8432045	2
3	8432046	8432591	3
3	8432592	8444849	2
3	8444850	8450273	0
3	8450274	8496006	2
3	8496007	8498120	0
3	8498121	8526769	2
3	8526770	8534438	0
3	8534439	8599146	2
3	8599147	8599256	3
3	8599257	8599258	2
3	8599259	8615530	1
3	8615531	8628031	0
3	8628032	8656410	2
3	8656411	8659100	3
3	8659101	8659115	2
3	8659116	8662577	0
3	8662578	8690303	1
3	8690304	8701853	0
3	8701854	8717513	2
3	8717514	8741764	0
3	8741765	8743880	2
3	8743881	8744590	3
3	8744591	8751322	1
3	8751323	8752623	0
3	8752624	8766431	1
3	8766432	8802850	0
3	8802851	8828531	2
3	8828532	8832738	0
3	8832739	8846123	2
3	8846124	8850152	0
3	8850153	8852190	1
3	8852191	8873931	0
3	8873932	8908436	2
3	8908437	8909234	0
3	8909235	8924030	1
3	8924031	8928532	0
3	8928533	8951187	2
3	8951188	8955327	0
3	8955328	8955536	1
3	8955537	8958088	0
3	8958089	8966615	2
3	8966616	8968415	0
3	8968416	8981360	1
3	8981361	8982120	0
3	8982121	9012583	2
3	9012584	9036371	0
3	9036372	9037940	1
3	9037941	9227821	0
3	9227822	9236734	1
3	9236735	9237942	0
3	9237943	9262626	1
3	9262627	9267120	0
3	9267121	9326991	1
3	9326992	9366051	0
3	9366052	9396448	2
3	9396449	9403838	0
3	9403839	9404212	2
3	9404213	9410659	0
3	9410660	9448165	1
3	9448166	9629840	0
3	9629841	9636056	1
3	9636057	9643045	0
3	9643046	9659628	2
3	9659629	9659708	0
3	9659709	9664316	1
3	9664317	9681869	0
3	9681870	9718049	2
3	9718050	9727406	0
3	9727407	9738750	1
3	9738751	9792897	0
3	9792898	9798921	2
3	9798922	9800320	0
3	9800321	9807326	1
3	9807327	9813910	0
3	9813911	9822184	1
3	9822185	9822578	0
3	9822579	9856055	2
3	9856056	9861235	0
3	9861236	9936403	1
3	9936404	9998456	0
3	9998457	10031528	2
3	10031529	10036459	0
3	10036460	10036839	2
3	10036840	10041824	0
3	10041825	10144386	1
3	10144387	10151282	0
3	10151283	10161987	1
3	10161988	10181922	0
3	10181923	10196624	1
3	10196625	10221393	0
3	10221394	10269691	1
3	10269692	10327412	0
3	10327413	10375824	1
3	10375825	10553587	0
3	10553588	10602670	1
3	10602671	10632894	0
3	10632895	10694647	1
3	10694648	10893586	0
3	10893587	10922111	1
3	10922112	10999184	0
3	10999185	11070634	2
3	11070635	11087297	0
3	11087298	11102513	1
3	11102514	11114549	0
3	11114550	11130423	2
3	11130424	11198399	0
3	11198400	11248556	2
3	11248557	11254024	0
3	11254025	11271870	2
3	11271871	11271883	0
3	11271884	11277755	1
3	11277756	11307979	0
3	11307980	11317047	1
3	11317048	11317181	0
3	11317182	11336456	2
3	11336457	11338081	0
3	11338082	11382041	1
3	11382042	11392789	0
3	11392790	11408346	2
3	11408347	11408915	3
3	11408916	11410178	2
3	11410179	11410730	1
3	11410731	11414184	0
3	11414185	11417544	1
3	11417545	11424097	0
3	11424098	11431400	2
3	11431401	11442395	0
3	11442396	11452527	1
3	11452528	11476881	0
3	11476882	11481742	2
3	11481743	11554455	0
3	11554456	11586301	2
3	11586302	11587939	0
3	11587940	11590526	2
3	11590527	11593653	0
3	11593654	11597408	2
3	11597409	11607223	0
3	11607224	11619591	2
3	11619592	11629554	0
3	11629555	11641464	2
3	11641465	11653527	0
3	11653528	11659125	2
3	11659126	11679528	0
3	11679529	11717483	2
3	11717484	11717665	0
3	11717666	11723325	1
3	11723326	11742264	0
3	11742265	11747111	1
3	11747112	11756382	0
3	11756383	11793591	2
3	11793592	11795627	0
3	11795628	11799610	2
3	11799611	11799691	3
3	11799692	11810899	1
3	11810900	11811960	0
3	11811961	11813573	2
3	11813574	11820547	3
3	11820548	11823783	2
3	11823784	11825638	3
3	11825639	11885415	1
3	11885416	11921713	0
3	11921714	11971325	2
3	11971326	11972811	0
3	11972812	12007568	1
3	12007569	12009576	0
3	12009577	12011664	2
3	12011665	12020227	0
3	12020228	12029875	1
3	12029876	12034411	0
3	12034412	12155096	1
3	12155097	12178851	0
3	12178852	12262820	1
3	12262821	12292661	3
3	12292662	12415071	1
3	12415072	12448279	0
3	12448280	12467660	1
3	12467661	12493177	0
3	12493178	12502857	1
3	12502858	12609572	0
3	12609573	12686867	1
3	12686868	12780098	0
3	12780099	12944492	1
3	12944493	13182022	0
3	13182023	13484836	1
3	13484837	13525981	3
3	13525982	13701755	2
3	13701756	13753163	0
3	13753164	13824868	1
3	13824869	13838302	0
3	13838303	13842760	2
3	13842761	13845359	0
3	13845360	13865841	1
3	13865842	13871515	0
3	13871516	13896836	1
3	13896837	13916201	0
3	13916202	13933656	1
3	13933657	13936781	0
3	13936782	13955649	2
3	13955650	13957134	0
3	13957135	13978222	1
3	13978223	14003338	0
3	14003339	14022670	1
3	14022671	14049993	0
3	14049994	14192059	1
3	14192060	14202269	3
3	14202270	14229078	1
3	14229079	14299477	0
3	14299478	14371679	2
3	14371680	14373273	0
3	14373274	14395360	1
3	14395361	14467328	0
3	14467329	14508909	2
3	14508910	14514866	0
3	14514867	14538239	1
3	14538240	14556031	0
3	14556032	14571638	1
3	14571639	14588868	0
3	14588869	14591972	2
3	14591973	14593676	0
3	14593677	14610544	1
3	14610545	14614120	0
3	14614121	14644949	1
3	14644950	14889508	0
3	14889509	15060284	2
3	15060285	15084632	0
3	15084633	15278643	1
3	15278644	15362822	0
3	15362823	15379107	1
3	15379108	15379379	3
3	15379380	15407250	2
3	15407251	15411937	0
3	15411938	15433250	1
3	15433251	15444041	0
3	15444042	15463879	1
3	15463880	15463951	0
3	15463952	15520616	2
3	15520617	15560710	0
3	15560711	15582342	2
3	15582343	15688990	0
3	15688991	15689928	2
3	15689929	15749689	0
3	15749690	15750627	2
3	15750628	15788776	0
3	15788777	15789705	2
3	15789706	15823218	0
3	15823219	15824147	2
3	15824148	15856287	0
3	15856288	15857210	2
3	15857211	15895189	0
3	15895190	15896118	2
3	15896119	15930516	0
3	15930517	15931454	2
3	15931455	16001205	0
3	16001206	16002143	2
3	16002144	16039247	0
3	16039248	16040170	2
3	16040171	16117226	0
3	16117227	16118164	2
3	16118165	16183320	0
3	16183321	16184255	2
3	16184256	16241571	0
3	16241572	16242509	2
3	16242510	16287054	0
3	16287055	16287992	2
3	16287993	16311576	0
3	16311577	16312517	2
3	16312518	16318427	0
3	16318428	16319365	2
3	16319366	16413078	0
3	16413079	16413630	2
3	16413631	16440422	0
3	16440423	16441028	1
3	16441029	16495746	0
3	16495747	16496342	2
3	16496343	16536905	0
3	16536906	16537431	1
3	16537432	16571600	0
3	16571601	16572180	2
3	16572181	16590242	0
3	16590243	16590849	2
3	16590850	16610084	0
3	16610085	16749940	2
3	16749941	16752351	3
3	16752352	16884016	2
3	16884017	16999130	0
3	16999131	16999718	1
3	16999719	17009087	0
3	17009088	17009706	2
3	17009707	17080902	0
3	17080903	17081508	1
3	17081509	17107859	0
3	17107860	17108469	2
3	17108470	17139668	0
3	17139669	17139985	2
3	17139986	17180409	0
3	17180410	17181237	2
3	17181238	17345497	0
3	17345498	17346056	2
3	17346057	17546564	0
3	17546565	17547289	2
3	17547290	17889970	0
3	17889971	17890700	2
3	17890701	18244241	0
3	18244242	18244533	1
3	18244534	18315318	0
3	18315319	18315608	2
3	18315609	18706986	0
3	18706987	18707276	2
3	18707277	18787604	0
3	18787605	18787891	2
3	18787892	18805218	0
3	18805219	18805716	2
3	18805717	18970572	0
3	18970573	18970859	2
3	18970860	19045212	0
3	19045213	19045735	2
3	19045736	19071978	0
3	19071979	19072265	2
3	19072266	19128398	0
3	19128399	19128927	2
3	19128928	19141131	0
3	19141132	19141660	2
3	19141661	19174025	0
3	19174026	19174557	2
3	19174558	19205458	0
3	19205459	19205733	2
3	19205734	19274271	0
3	19274272	19274822	2
3	19274823	19320302	0
3	19320303	19320913	1
3	19320914	19366368	0
3	19366369	19366655	2
3	19366656	19441602	0
3	19441603	19441886	2
3	19441887	19495626	0
3	19495627	19495913	2
3	19495914	19557831	0
3	19557832	19559814	1
3	19559815	19690014	0
3	19690015	19690542	2
3	19690543	19772054	0
3	19772055	19772380	2
3	19772381	20007190	0
3	20007191	20007492	2
3	20007493	20050206	0
3	20050207	20050484	1
3	20050485	20163335	0
3	20163336	20163640	2
3	20163641	20303977	0
3	20303978	20304267	2
3	20304268	20375697	0
3	20375698	20376171	2
3	20376172	20418942	0
3	20418943	20419415	1
3	20419416	20456943	0
3	20456944	20457552	1
3	20457553	20479686	0
3	20479687	20479997	1
3	20479998	20517792	0
3	20517793	20518103	1
3	20518104	20641662	0
3	20641663	20641976	2
3	20641977	20695660	0
3	20695661	20695950	1
3	20695951	20852765	0
3	20852766	20853706	1
3	20853707	20878699	0
3	20878700	20879637	2
3	20879638	20882322	0
3	20882323	20883263	1
3	20883264	20893185	0
3	20893186	20894132	2
3	20894133	20913666	0
3	20913667	20914601	1
3	20914602	20965749	0
3	20965750	20966702	2
3	20966703	20981644	0
3	20981645	20982576	1
3	20982577	20993203	0
3	20993204	20994150	2
3	20994151	21016264	0
3	21016265	21017190	2
3	21017191	21026953	0
3	21026954	21027945	1
3	21027946	21060115	0
3	21060116	21061068	1
3	21061069	21114854	0
3	21114855	21115840	2
3	21115841	21130498	0
3	21130499	21131490	1
3	21131491	21147942	0
3	21147943	21148895	1
3	21148896	21208598	0
3	21208599	21209521	2
3	21209522	21276211	0
3	21276212	21277146	2
3	21277147	21292024	0
3	21292025	21292953	2
3	21292954	21313225	0
3	21313226	21314067	2
3	21314068	21363283	0
3	21363284	21364266	2
3	21364267	21521163	0
3	21521164	21521910	2
3	21521911	21555339	0
3	21555340	21586252	2
3	21586253	21601814	0
3	21601815	21609851	1
3	21609852	21623039	0
3	21623040	21670012	1
3	21670013	21680725	0
3	21680726	21684130	1
3	21684131	21687931	0
3	21687932	21697943	1
3	21697944	21698030	0
3	21698031	21815377	2
3	21815378	21828296	0
3	21828297	21904268	1
3	21904269	21983839	0
3	21983840	21984330	2
3	21984331	22038355	0
3	22038356	22058398	2
3	22058399	22058869	3
3	22058870	22500763	1
3	22500764	22640543	0
3	22640544	22658444	2
3	22658445	22811925	0
3	22811926	22871103	2
3	22871104	22888596	3
3	22888597	22952061	1
3	22952062	22964228	0
3	22964229	22964730	2
3	22964731	22999614	0
3	22999615	23020439	1
3	23020440	23033773	0
3	23033774	23066656	1
3	23066657	23223477	0
3	23223478	23259319	2
3	23259320	23290817	0
3	23290818	23294668	2
3	23294669	23294812	0
3	23294813	23297772	1
3	23297773	23301453	0
3	23301454	23309070	2
3	23309071	23309316	0
3	23309317	23353423	1
3	23353424	23362705	0
3	23362706	23474168	1
3	23474169	23480264	0
3	23480265	23510957	1
3	23510958	24600601	0
3	24600602	24601061	1
3	24601062	25201594	0
3	25201595	25212047	1
3	25212048	25921425	0
3	25921426	26056816	1
3	26056817	28416952	0
3	28416953	28566926	2
3	28566927	28627082	0
3	28627083	29236217	2
3	29236218	29410424	0
3	29410425	29705983	1
3	29705984	29862471	0
3	29862472	29996863	1
3	29996864	30929846	0
3	30929847	30930139	1
3	30930140	31802997	0
3	31802998	31803290	2
3	31803291	32947376	0
3	32947377	33034280	2
3	33034281	33037032	0
3	33037033	33075683	1
3	33075684	33440189	0
3	33440190	33504236	2
3	33504237	33641614	0
3	33641615	33740459	2
3	33740460	35014536	0
3	35014537	35257405	2
3	35257406	35271784	0
3	35271785	35437294	2
3	35437295	35679748	0
3	35679749	35707408	2
3	35707409	35783621	0
3	35783622	35801612	1
3	35801613	36173000	0
3	36173001	36220653	2
3	36220654	36642585	0
3	36642586	36660756	1
3	36660757	37146953	0
3	37146954	37147942	2
3	37147943	37434618	0
3	37434619	37445905	1
3	37445906	37458888	0
3	37458889	37480982	1
3	37480983	37545236	0
3	37545237	37564697	2
3	37564698	37599726	0
3	37599727	37647629	2
3	37647630	37658561	0
3	37658562	37854559	1
3	37854560	37924791	0
3	37924792	37947281	1
3	37947282	37955067	0
3	37955068	38090524	1
3	38090525	38230616	0
3	38230617	38277438	1
3	38277439	38280487	0
3	38280488	38281148	2
3	38281149	38367554	0
3	38367555	38367901	2
3	38367902	38559912	0
3	38559913	38675876	2
3	38675877	38682144	0
3	38682145	38741111	1
3	38741112	38742070	0
3	38742071	38768006	2
3	38768007	39595299	0
3	39595300	39596716	1
3	39596717	40038334	0
3	40038335	40477101	2
3	40477102	40477752	3
3	40477753	40624528	2
3	40624529	41019896	0
3	41019897	41181068	2
3	41181069	43111238	0
3	43111239	43119157	1
3	43119158	43255565	0
3	43255566	43359072	2
3	43359073	44025298	0
3	44025299	44068055	2
3	44068056	44074676	3
3	44074677	44086020	1
3	44086021	44150990	0
3	44150991	44177687	1
3	44177688	44270651	0
3	44270652	44342353	1
3	44342354	44432469	0
3	44432470	44522928	1
3	44522929	44806104	0
3	44806105	44846462	2
3	44846463	44892217	0
3	44892218	45210472	1
3	45210473	45277346	0
3	45277347	45414611	2
3	45414612	45498088	0
3	45498089	45498325	1
3	45498326	45538795	0
3	45538796	45559329	2
3	45559330	45683991	0
3	45683992	45699132	2
3	45699133	45699340	3
3	45699341	45917743	2
3	45917744	45925006	0
3	45925007	45955447	1
3	45955448	45968823	0
3	45968824	46153369	1
3	46153370	46185358	0
3	46185359	46234329	2
3	46234330	46286710	0
3	46286711	46324055	2
3	46324056	46327381	0
3	46327382	46361090	1
3	46361091	46365163	0
3	46365164	46457199	1
3	46457200	46488184	0
3	46488185	46621871	1
3	46621872	46652621	0
3	46652622	46726956	1
3	46726957	46803353	0
3	46803354	47025126	1
3	47025127	47439074	0
3	47439075	47515698	2
3	47515699	47578382	0
3	47578383	47673336	2
3	47673337	47677718	0
3	47677719	47685900	2
3	47685901	47995957	0
3	47995958	48287908	2
3	48287909	48291053	0
3	48291054	48372670	1
3	48372671	48442633	0
3	48442634	48451648	1
3	48451649	48467779	0
3	48467780	48536233	1
3	48536234	48557694	0
3	48557695	48604095	1
3	48604096	48626036	0
3	48626037	48661315	2
3	48661316	48671077	0
3	48671078	48831465	1
3	48831466	49992395	0
3	49992396	50120390	1
3	50120391	50937667	0
3	50937668	51054376	1
3	51054377	51137074	0
3	51137075	51297850	1
3	51297851	51371921	0
3	51371922	51416644	1
3	51416645	51508571	0
3	51508572	51687807	1
3	51687808	51822248	3
3	51822249	51883557	1
3	51883558	51890747	3
3	51890748	52120288	2
3	52120289	52175545	0
3	52175546	52212410	1
3	52212411	52286792	0
3	52286793	52361058	1
3	52361059	52381973	0
3	52381974	52510505	1
3	52510506	52583949	0
3	52583950	52588286	1
3	52588287	52600523	3
3	52600524	52664207	1
3	52664208	52777212	0
3	52777213	52849905	1
3	52849906	52997920	0
3	52997921	52998648	1
3	52998649	53316024	0
3	53316025	53316479	2
3	53316480	53563192	0
3	53563193	53658130	2
3	53658131	54253947	0
3	54253948	54267290	2
3	54267291	54359449	0
3	54359450	54625412	1
3	54625413	54734013	0
3	54734014	54742974	2
3	54742975	55094635	0
3	55094636	55338443	2
3	55338444	55369212	0
3	55369213	55433841	2
3	55433842	55438534	0
3	55438535	55451796	1
3	55451797	55461418	0
3	55461419	55467116	2
3	55467117	55480022	0
3	55480023	55587944	1
3	55587945	55623632	0
3	55623633	55648323	2
3	55648324	55665143	0
3	55665144	55822549	1
3	55822550	55886693	0
3	55886694	55907714	2
3	55907715	55910175	0
3	55910176	55923301	2
3	55923302	55925597	0
3	55925598	55951582	1
3	55951583	55960065	0
3	55960066	55988966	2
3	55988967	55996497	0
3	55996498	56030742	1
3	56030743	56030913	0
3	56030914	56038073	2
3	56038074	56056923	0
3	56056924	56070612	2
3	56070613	56092499	0
3	56092500	56101578	2
3	56101579	56101999	3
3	56102000	56113855	1
3	56113856	56125922	0
3	56125923	56281053	2
3	56281054	56355429	0
3	56355430	56584545	2
3	56584546	56766473	0
3	56766474	56769275	2
3	56769276	56802712	0
3	56802713	56838916	2
3	56838917	56861394	0
3	56861395	56902155	2
3	56902156	56966652	0
3	56966653	56995367	2
3	56995368	57013023	0
3	57013024	57118999	1
3	57119000	57191509	0
3	57191510	57192123	1
3	57192124	57257392	0
3	57257393	57270034	1
3	57270035	57286890	0
3	57286891	57300838	2
3	57300839	57318795	0
3	57318796	57389899	1
3	57389900	57569994	0
3	57569995	57646570	1
3	57646571	57646809	0
3	57646810	57673416	2
3	57673417	57718362	0
3	57718363	57743032	2
3	57743033	57743184	3
3	57743185	57746095	2
3	57746096	57770946	0
3	57770947	57772026	2
3	57772027	57817691	0
3	57817692	57868852	2
3	57868853	57882368	0
3	57882369	57957344	1
3	57957345	58009030	0
3	58009031	58009512	1
3	58009513	58022236	0
3	58022237	58070066	2
3	58070067	58084604	0
3	58084605	58162673	2
3	58162674	58164929	0
3	58164930	58169519	2
3	58169520	58180086	0
3	58180087	58181969	1
3	58181970	58380141	0
3	58380142	58386373	2
3	58386374	58443099	0
3	58443100	58515122	2
3	58515123	58530868	0
3	58530869	58558025	2
3	58558026	58632474	0
3	58632475	58924036	2
3	58924037	58965550	0
3	58965551	59067367	2
3	59067368	59153278	0
3	59153279	59163911	2
3	59163912	59165351	0
3	59165352	59166354	1
3	59166355	59408544	0
3	59408545	59410209	2
3	59410210	59646013	0
3	59646014	59688690	1
3	59688691	59802006	0
3	59802007	59819155	1
3	59819156	59839927	3
3	59839928	59920933	1
3	59920934	59981957	0
3	59981958	59984487	2
3	59984488	59994179	0
3	59994180	60023911	1
3	60023912	60024011	0
3	60024012	60048744	2
3	60048745	60051533	0
3	60051534	60105240	1
3	60105241	60150019	0
3	60150020	60166011	1
3	60166012	60445664	0
3	60445665	60460722	1
3	60460723	60513075	0
3	60513076	60611922	1
3	60611923	60721133	0
3	60721134	60795949	1
3	60795950	60811208	0
3	60811209	60813867	1
3	60813868	61433861	0
3	61433862	61494776	1
3	61494777	61578227	0
3	61578228	61581596	1
3	61581597	61590374	0
3	61590375	61593690	2
3	61593691	61597380	0
3	61597381	61598501	2
3	61598502	61604670	0
3	61604671	61606398	2
3	61606399	61613772	0
3	61613773	61617365	2
3	61617366	61620190	0
3	61620191	61622357	2
3	61622358	61627381	0
3	61627382	61628626	2
3	61628627	61634003	0
3	61634004	61635677	2
3	61635678	61636036	3
3	61636037	61651054	2
3	61651055	61658243	0
3	61658244	61670280	2
3	61670281	61685617	0
3	61685618	61687756	2
3	61687757	61756146	0
3	61756147	61818996	2
3	61818997	62481321	0
3	62481322	62487225	2
3	62487226	62497569	0
3	62497570	62524994	1
3	62524995	62648445	0
3	62648446	62749151	2
3	62749152	62758756	0
3	62758757	62761323	1
3	62761324	62800933	0
3	62800934	62803371	1
3	62803372	62818500	0
3	62818501	63211843	1
3	63211844	63220645	0
3	63220646	63235646	2
3	63235647	63353176	0
3	63353177	63454965	2
3	63454966	63489072	0
3	63489073	63507924	1
3	63507925	63510291	0
3	63510292	63518145	2
3	63518146	63522401	0
3	63522402	63535989	1
3	63535990	63536164	0
3	63536165	63557359	2
3	63557360	63566182	0
3	63566183	63568462	1
3	63568463	63820755	0
3	63820756	63836015	1
3	63836016	63863949	0
3	63863950	64024203	1
3	64024204	64044110	0
3	64044111	64095118	1
3	64095119	64190971	0
3	64190972	64191876	2
3	64191877	64269815	0
3	64269816	64543098	1
3	64543099	64554631	0
3	64554632	64554951	1
3	64554952	64731379	0
3	64731380	64766470	1
3	64766471	65672056	0
3	65672057	65673452	2
3	65673453	65815078	0
3	65815079	65871361	2
3	65871362	66193057	0
3	66193058	66263958	2
3	66263959	66268945	0
3	66268946	66394762	1
3	66394763	66414306	0
3	66414307	66417739	1
3	66417740	66593932	0
3	66593933	66631721	2
3	66631722	66673069	0
3	66673070	66780073	2
3	66780074	66803245	0
3	66803246	66885092	1
3	66885093	67538287	0
3	67538288	67578304	2
3	67578305	67635605	0
3	67635606	67668770	1
3	67668771	67725945	0
3	67725946	67787988	1
3	67787989	67849964	0
3	67849965	67862473	2
3	67862474	67870109	0
3	67870110	67896151	2
3	67896152	69549671	0
3	69549672	69573418	2
3	69573419	69636992	0
3	69636993	69637375	1
3	69637376	70285217	0
3	70285218	70356566	2
3	70356567	71012274	0
3	71012275	71012858	1
3	71012859	71020532	0
3	71020533	71040155	2
3	71040156	71114098	0
3	71114099	71202409	2
3	71202410	71210299	0
3	71210300	71262613	2
3	71262614	71274335	0
3	71274336	71295627	1
3	71295628	71437239	0
3	71437240	71450805	2
3	71450806	71747954	0
3	71747955	71845230	1
3	71845231	71852742	0
3	71852743	71893616	1
3	71893617	72002150	0
3	72002151	72053047	1
3	72053048	72063502	0
3	72063503	72069532	2
3	72069533	72070388	0
3	72070389	72071893	1
3	72071894	72073429	0
3	72073430	72080628	1
3	72080629	72081077	3
3	72081078	72091148	2
3	72091149	72091313	0
3	72091314	72113678	1
3	72113679	72125271	0
3	72125272	72128971	1
3	72128972	72134729	0
3	72134730	72141033	2
3	72141034	72161187	0
3	72161188	72171076	1
3	72171077	72191531	0
3	72191532	72206186	2
3	72206187	72207111	0
3	72207112	72219244	1
3	72219245	72226611	0
3	72226612	72230082	2
3	72230083	72238979	0
3	72238980	72264464	2
3	72264465	72273422	0
3	72273423	72289308	1
3	72289309	72329965	0
3	72329966	72351109	2
3	72351110	72385664	0
3	72385665	72389274	2
3	72389275	72395216	0
3	72395217	72401316	2
3	72401317	72403232	0
3	72403233	72403534	1
3	72403535	72403991	0
3	72403992	72447535	1
3	72447536	72447799	3
3	72447800	72457647	2
3	72457648	72460887	0
3	72460888	72483215	2
3	72483216	72540536	0
3	72540537	72544180	2
3	72544181	72589840	0
3	72589841	72602546	1
3	72602547	72739588	0
3	72739589	72740517	1
3	72740518	72768981	0
3	72768982	72769910	1
3	72769911	72807479	0
3	72807480	72808423	1
3	72808424	72817894	0
3	72817895	72818841	1
3	72818842	72854473	0
3	72854474	72895738	1
3	72895739	72974272	0
3	72974273	72975216	2
3	72975217	72990356	0
3	72990357	72991300	2
3	72991301	72997803	0
3	72997804	72998747	2
3	72998748	73003104	0
3	73003105	73004138	2
3	73004139	73010784	0
3	73010785	73011728	2
3	73011729	73039091	0
3	73039092	73040047	1
3	73040048	73048311	0
3	73048312	73049249	1
3	73049250	73064090	0
3	73064091	73064992	2
3	73064993	73089267	0
3	73089268	73090211	2
3	73090212	73115050	0
3	73115051	73115985	2
3	73115986	73123707	0
3	73123708	73124642	1
3	73124643	73138227	0
3	73138228	73139141	2
3	73139142	73161630	0
3	73161631	73162568	2
3	73162569	73177654	0
3	73177655	73178583	1
3	73178584	73204444	0
3	73204445	73205379	2
3	73205380	73225693	0
3	73225694	73226625	1
3	73226626	73235592	0
3	73235593	73236545	2
3	73236546	73249708	0
3	73249709	73250661	2
3	73250662	73254544	0
3	73254545	73255491	2
3	73255492	73274420	0
3	73274421	73275355	2
3	73275356	73302569	0
3	73302570	73303507	2
3	73303508	73307898	0
3	73307899	73308821	2
3	73308822	73327826	0
3	73327827	73328803	2
3	73328804	73335147	0
3	73335148	73336121	2
3	73336122	73344445	0
3	73344446	73345383	2
3	73345384	73352350	0
3	73352351	73353333	2
3	73353334	73366153	0
3	73366154	73367085	2
3	73367086	73390266	0
3	73390267	73391198	2
3	73391199	73400107	0
3	73400108	73401072	1
3	73401073	73425799	0
3	73425800	73426758	2
3	73426759	73455629	0
3	73455630	73456570	1
3	73456571	73474665	0
3	73474666	73475606	1
3	73475607	73483730	0
3	73483731	73484674	1
3	73484675	73492675	0
3	73492676	73493619	1
3	73493620	73509054	0
3	73509055	73510013	1
3	73510014	73522094	0
3	73522095	73523041	1
3	73523042	73542136	0
3	73542137	73543086	1
3	73543087	73560662	0
3	73560663	73561621	1
3	73561622	73579666	0
3	73579667	73580592	1
3	73580593	73623576	0
3	73623577	73624517	1
3	73624518	73635602	0
3	73635603	73636540	1
3	73636541	73652640	0
3	73652641	73653581	1
3	73653582	73668050	0
3	73668051	73668997	1
3	73668998	73676460	0
3	73676461	73677401	1
3	73677402	73716798	0
3	73716799	73717739	1
3	73717740	73735316	0
3	73735317	73736269	1
3	73736270	73754567	0
3	73754568	73755508	1
3	73755509	73779039	0
3	73779040	73779980	1
3	73779981	73800528	0
3	73800529	73801469	1
3	73801470	73838584	0
3	73838585	73839525	1
3	73839526	73853420	0
3	73853421	73854361	1
3	73854362	73878713	0
3	73878714	73879645	1
3	73879646	73896426	0
3	73896427	73896557	1
3	73896558	73933271	0
3	73933272	73934206	1
3	73934207	73949650	0
3	73949651	73950591	1
3	73950592	73988943	0
3	73988944	73989908	2
3	73989909	74013858	0
3	74013859	74014793	1
3	74014794	74058253	0
3	74058254	74059245	2
3	74059246	74255118	0
3	74255119	74256065	1
3	74256066	74341749	0
3	74341750	74342717	1
3	74342718	74370433	0
3	74370434	74371383	1
3	74371384	74411666	0
3	74411667	74412631	2
3	74412632	74447330	0
3	74447331	74448277	1
3	74448278	74474559	0
3	74474560	74475500	1
3	74475501	74502160	0
3	74502161	74503104	1
3	74503105	74523696	0
3	74523697	74524661	2
3	74524662	74544295	0
3	74544296	74545239	1
3	74545240	74566718	0
3	74566719	74567683	1
3	74567684	74574073	0
3	74574074	74575008	1
3	74575009	74589516	0
3	74589517	74590457	1
3	74590458	74596459	0
3	74596460	74597391	1
3	74597392	74606119	0
3	74606120	74607057	1
3	74607058	74630943	0
3	74630944	74631881	1
3	74631882	74669452	0
3	74669453	74670390	1
3	74670391	74700772	0
3	74700773	74701710	1
3	74701711	74737423	0
3	74737424	74738364	1
3	74738365	74749020	0
3	74749021	74749958	1
3	74749959	74766058	0
3	74766059	74766999	1
3	74767000	74781468	0
3	74781469	74782415	1
3	74782416	74789879	0
3	74789880	74790820	1
3	74790821	74814566	0
3	74814567	74815507	1
3	74815508	74867635	0
3	74867636	74868573	1
3	74868574	74906022	0
3	74906023	74906987	1
3	74906988	74990228	0
3	74990229	74991166	1
3	74991167	74997156	0
3	74997157	74998094	1
3	74998095	75088124	0
3	75088125	75089062	1
3	75089063	75167454	0
3	75167455	75168419	1
3	75168420	75184077	0
3	75184078	75185015	1
3	75185016	75234499	0
3	75234500	75235437	1
3	75235438	75265523	0
3	75265524	75266473	2
3	75266474	75299281	0
3	75299282	75300261	2
3	75300262	75322882	0
3	75322883	75323805	2
3	75323806	75354235	0
3	75354236	75355257	2
3	75355258	75379449	0
3	75379450	75380369	2
3	75380370	75390028	0
3	75390029	75390972	2
3	75390973	75412370	0
3	75412371	75413350	2
3	75413351	75437831	0
3	75437832	75438802	2
3	75438803	75465397	0
3	75465398	75466353	2
3	75466354	75477977	0
3	75477978	75478921	2
3	75478922	75518278	0
3	75518279	75519222	2
3	75519223	75545521	0
3	75545522	75548481	1
3	75548482	75559773	0
3	75559774	75563245	2
3	75563246	75575251	0
3	75575252	75576518	1
3	75576519	75582315	0
3	75582316	75583244	2
3	75583245	75643052	0
3	75643053	75644952	2
3	75644953	75712481	0
3	75712482	75713410	2
3	75713411	75719204	0
3	75719205	75720297	1
3	75720298	75733030	0
3	75733031	75733968	1
3	75733969	75751567	0
3	75751568	75752499	1
3	75752500	75768697	0
3	75768698	75769741	2
3	75769742	75771587	0
3	75771588	75772519	2
3	75772520	75809443	0
3	75809444	75810381	2
3	75810382	75834768	0
3	75834769	75835700	2
3	75835701	75848902	0
3	75848903	75849834	2
3	75849835	75878776	0
3	75878777	75879714	1
3	75879715	75906943	0
3	75906944	75907878	2
3	75907879	75922860	0
3	75922861	75923795	1
3	75923796	75936793	0
3	75936794	75937737	2
3	75937738	75957590	0
3	75957591	75958522	2
3	75958523	75970591	0
3	75970592	75971526	2
3	75971527	75987794	0
3	75987795	75988729	2
3	75988730	75999479	0
3	75999480	76000384	2
3	76000385	76007553	0
3	76007554	76012927	1
3	76012928	76035196	0
3	76035197	76036562	2
3	76036563	76044493	0
3	76044494	76045425	2
3	76045426	76052228	0
3	76052229	76053160	2
3	76053161	76085016	0
3	76085017	76085969	1
3	76085970	76101842	0
3	76101843	76102780	1
3	76102781	76113962	0
3	76113963	76114900	1
3	76114901	76134517	0
3	76134518	76135473	1
3	76135474	76179212	0
3	76179213	76180138	2
3	76180139	76186102	0
3	76186103	76187043	1
3	76187044	76237605	0
3	76237606	76238546	2
3	76238547	76249888	0
3	76249889	76250838	1
3	76250839	76255177	0
3	76255178	76256127	1
3	76256128	76278122	0
3	76278123	76279102	1
3	76279103	76288438	0
3	76288439	76289388	1
3	76289389	76345262	0
3	76345263	76346194	1
3	76346195	76367957	0
3	76367958	76368907	1
3	76368908	76468292	0
3	76468293	76469263	2
3	76469264	76495325	0
3	76495326	76496281	1
3	76496282	76517763	0
3	76517764	76518599	1
3	76518600	76543919	0
3	76543920	76625668	2
3	76625669	76626603	3
3	76626604	76662953	2
3	76662954	76695155	0
3	76695156	76696105	1
3	76696106	76707490	0
3	76707491	76708428	1
3	76708429	76717762	0
3	76717763	76718682	1
3	76718683	76751601	0
3	76751602	76752512	2
3	76752513	76768049	0
3	76768050	76768990	2
3	76768991	76790184	0
3	76790185	76791113	2
3	76791114	76842896	0
3	76842897	76843837	2
3	76843838	76862320	0
3	76862321	76863249	2
3	76863250	76890790	0
3	76890791	76891731	2
3	76891732	76917715	0
3	76917716	76918644	2
3	76918645	76925241	0
3	76925242	76926149	1
3	76926150	77018184	0
3	77018185	77019104	2
3	77019105	77047464	0
3	77047465	77048399	2
3	77048400	77072408	0
3	77072409	77073343	2
3	77073344	77094707	0
3	77094708	77095633	1
3	77095634	77109903	0
3	77109904	77110829	1
3	77110830	77126259	0
3	77126260	77127188	1
3	77127189	77152423	0
3	77152424	77169154	2
3	77169155	77170083	3
3	77170084	77197009	2
3	77197010	77226108	0
3	77226109	77227034	1
3	77227035	77261332	0
3	77261333	77262261	2
3	77262262	77289803	0
3	77289804	77290744	2
3	77290745	77309225	0
3	77309226	77310154	2
3	77310155	77337696	0
3	77337697	77338637	2
3	77338638	77364959	0
3	77364960	77365885	1
3	77365886	77388587	0
3	77388588	77389519	1
3	77389520	77401648	0
3	77401649	77402577	1
3	77402578	77414997	0
3	77414998	77415926	2
3	77415927	77431387	0
3	77431388	77432310	2
3	77432311	77482394	0
3	77482395	77483320	1
3	77483321	77493174	0
3	77493175	77494106	1
3	77494107	77524581	0
3	77524582	77525516	1
3	77525517	77584988	0
3	77584989	77585923	2
3	77585924	77605025	0
3	77605026	77605960	1
3	77605961	77617581	0
3	77617582	77618516	1
3	77618517	77660926	0
3	77660927	77661861	1
3	77661862	77676412	0
3	77676413	77677347	1
3	77677348	77695357	0
3	77695358	77696292	1
3	77696293	77709149	0
3	77709150	77800135	1
3	77800136	77825569	0
3	77825570	77826504	1
3	77826505	77882133	0
3	77882134	77883065	1
3	77883066	77892710	0
3	77892711	77893645	1
3	77893646	77910624	0
3	77910625	77911559	1
3	77911560	77921703	0
3	77921704	77922512	2
3	77922513	77927291	0
3	77927292	77928226	1
3	77928227	77961061	0
3	77961062	77961990	1
3	77961991	77984968	0
3	77984969	77985885	2
3	77985886	78009496	0
3	78009497	78010431	2
3	78010432	78015972	0
3	78015973	78016904	1
3	78016905	78044442	0
3	78044443	78045377	1
3	78045378	78065186	0
3	78065187	78066121	1
3	78066122	78086941	0
3	78086942	78087891	2
3	78087892	78105411	0
3	78105412	78106328	1
3	78106329	78111842	0
3	78111843	78112768	1
3	78112769	78134016	0
3	78134017	78134945	1
3	78134946	78153767	0
3	78153768	78154702	1
3	78154703	78192559	0
3	78192560	78193479	1
3	78193480	78215413	0
3	78215414	78216336	1
3	78216337	78234645	0
3	78234646	78235758	1
3	78235759	78270956	0
3	78270957	78271873	1
3	78271874	78278331	0
3	78278332	78279272	1
3	78279273	78322667	0
3	78322668	78323602	1
3	78323603	78339842	0
3	78339843	78340786	1
3	78340787	78361165	0
3	78361166	78362118	1
3	78362119	78408338	0
3	78408339	78409261	1
3	78409262	78428661	0
3	78428662	78429581	1
3	78429582	78525076	0
3	78525077	78526020	1
3	78526021	78544078	0
3	78544079	78545133	1
3	78545134	78554584	0
3	78554585	78555528	1
3	78555529	78570760	0
3	78570761	78571713	1
3	78571714	78594853	0
3	78594854	78595776	1
3	78595777	78620113	0
3	78620114	78621305	1
3	78621306	78639309	0
3	78639310	78640259	1
3	78640260	78662661	0
3	78662662	78663605	1
3	78663606	78716470	0
3	78716471	78717399	1
3	78717400	78725037	0
3	78725038	78725948	1
3	78725949	78747999	0
3	78748000	78748928	2
3	78748929	78789769	0
3	78789770	78790689	1
3	78790690	78835927	0
3	78835928	78836859	2
3	78836860	78852652	0
3	78852653	78853613	2
3	78853614	78862092	0
3	78862093	78863021	2
3	78863022	78876607	0
3	78876608	78877683	2
3	78877684	78885168	0
3	78885169	78886094	1
3	78886095	78941625	0
3	78941626	78942533	1
3	78942534	78973700	0
3	78973701	78974629	1
3	78974630	78982728	0
3	78982729	78983657	1
3	78983658	79009432	0
3	79009433	79010361	1
3	79010362	79017556	0
3	79017557	79018485	1
3	79018486	79050175	0
3	79050176	79051101	1
3	79051102	79089717	0
3	79089718	79090634	1
3	79090635	79120692	0
3	79120693	79121618	1
3	79121619	79132750	0
3	79132751	79133667	1
3	79133668	79164773	0
3	79164774	79165696	1
3	79165697	79187053	0
3	79187054	79187982	2
3	79187983	79233523	0
3	79233524	79390954	1
3	79390955	79498177	0
3	79498178	79551126	2
3	79551127	79570623	0
3	79570624	79610452	2
3	79610453	79613169	0
3	79613170	79646696	2
3	79646697	79678199	0
3	79678200	79694004	2
3	79694005	79713565	0
3	79713566	79718023	2
3	79718024	79721692	0
3	79721693	79728794	1
3	79728795	79728877	3
3	79728878	79734959	2
3	79734960	79735836	3
3	79735837	79743735	1
3	79743736	79823943	0
3	79823944	79842080	2
3	79842081	79860177	0
3	79860178	79869522	2
3	79869523	79876936	0
3	79876937	79882317	2
3	79882318	79884522	0
3	79884523	79892427	1
3	79892428	79918967	0
3	79918968	79938299	2
3	79938300	79940559	0
3	79940560	79958728	2
3	79958729	79960299	0
3	79960300	80003030	1
3	80003031	80004128	0
3	80004129	80012748	1
3	80012749	80021438	0
3	80021439	80030361	2
3	80030362	80030435	0
3	80030436	80052951	1
3	80052952	80072487	0
3	80072488	80081045	2
3	80081046	80081645	0
3	80081646	80093656	2
3	80093657	80095040	0
3	80095041	80349143	1
3	80349144	80362856	0
3	80362857	80416677	2
3	80416678	80468152	0
3	80468153	80526591	2
3	80526592	80529426	0
3	80529427	80543029	1
3	80543030	80555194	0
3	80555195	80576854	2
3	80576855	80581245	0
3	80581246	80601408	1
3	80601409	80614935	0
3	80614936	80624203	2
3	80624204	80634468	0
3	80634469	80830066	2
3	80830067	80833270	0
3	80833271	80841003	2
3	80841004	80841004	3
3	80841005	80842914	1
3	80842915	80844003	0
3	80844004	80875815	1
3	80875816	80892433	0
3	80892434	80933281	1
3	80933282	81134503	0
3	81134504	81271847	2
3	81271848	81276026	0
3	81276027	81282155	1
3	81282156	81283135	0
3	81283136	81292571	2
3	81292572	81294273	0
3	81294274	81295022	2
3	81295023	81295025	3
3	81295026	81304179	1
3	81304180	81314147	0
3	81314148	81344108	1
3	81344109	81361054	0
3	81361055	81368440	1
3	81368441	81498020	0
3	81498021	81512805	2
3	81512806	81814259	0
3	81814260	81854603	2
3	81854604	81867436	0
3	81867437	81911195	1
3	81911196	82081904	0
3	82081905	82097054	2
3	82097055	82097066	0
3	82097067	82236662	1
3	82236663	82324352	0
3	82324353	82368355	1
3	82368356	82548957	0
3	82548958	82585529	2
3	82585530	82602783	0
3	82602784	82734531	1
3	82734532	82742829	0
3	82742830	82757202	1
3	82757203	82762860	0
3	82762861	82777812	1
3	82777813	82854775	0
3	82854776	82856169	1
3	82856170	82874246	0
3	82874247	82906579	1
3	82906580	82924685	0
3	82924686	83048433	1
3	83048434	83198819	0
3	83198820	83306779	1
3	83306780	83310882	0
3	83310883	83335958	1
3	83335959	85544825	0
3	85544826	85545307	2
3	85545308	86621203	0
3	86621204	86819373	2
3	86819374	90720919	0
3	90720920	90751053	1
3	90751054	91086184	0
3	91086185	91191835	1
3	91191836	91195979	3
3	91195980	91200132	2
3	91200133	91206392	0
3	91206393	91217489	1
3	91217490	91252827	0
3	91252828	91271605	2
3	91271606	91291873	0
3	91291874	91370165	1
3	91370166	91463658	0
3	91463659	91478095	2
3	91478096	91527655	0
3	91527656	91839007	1
3	91839008	91870206	0
3	91870207	91870688	2
3	91870689	92183554	0
3	92183555	92242316	1
3	92242317	92288816	0
3	92288817	92290917	1
3	92290918	92403580	0
3	92403581	92502087	2
3	92502088	92640750	0
3	92640751	92665642	2
3	92665643	92696311	0
3	92696312	92783656	1
3	92783657	92909723	0
3	92909724	92969048	1
3	92969049	92969139	0
3	92969140	92995481	2
3	92995482	93178161	0
3	93178162	93216493	1
3	93216494	93351617	0
3	93351618	93371654	2
3	93371655	93379872	0
3	93379873	93412056	1
3	93412057	93495104	0
3	93495105	93647719	2
3	93647720	93648341	0
3	93648342	93648655	2
3	93648656	93658115	0
3	93658116	93698134	1
3	93698135	93702485	0
3	93702486	93789615	1
3	93789616	93909154	0
3	93909155	93931869	2
3	93931870	93968853	0
3	93968854	94000861	2
3	94000862	94010473	0
3	94010474	94028619	2
3	94028620	94035903	0
3	94035904	94037885	2
3	94037886	94064232	0
3	94064233	94182712	1
3	94182713	94352967	0
3	94352968	94419046	1
3	94419047	94530584	0
3	94530585	94548552	2
3	94548553	94549178	0
3	94549179	94607586	2
3	94607587	94624069	0
3	94624070	94657375	1
3	94657376	94665715	0
3	94665716	94686987	1
3	94686988	94702661	0
3	94702662	94767237	1
3	94767238	94784006	0
3	94784007	94808859	1
3	94808860	94832874	0
3	94832875	94833404	1
3	94833405	94848821	0
3	94848822	94986261	2
3	94986262	94990066	0
3	94990067	95007710	1
3	95007711	95133260	0
3	95133261	95133319	2
3	95133320	95133711	0
3	95133712	95180562	2
3	95180563	95232164	0
3	95232165	95398592	2
3	95398593	95406282	0
3	95406283	95418677	1
3	95418678	95614560	0
3	95614561	95620079	2
3	95620080	95707384	0
3	95707385	95728622	2
3	95728623	95838260	0
3	95838261	95939258	1
3	95939259	95939590	3
3	95939591	95954981	1
3	95954982	95959701	0
3	95959702	96024834	2
3	96024835	96025394	0
3	96025395	96065709	1
3	96065710	96552060	0
3	96552061	96552713	2
3	96552714	97256879	0
3	97256880	97433649	2
3	97433650	97721666	0
3	97721667	97896420	2
3	97896421	97983684	0
3	97983685	97993682	1
3	97993683	98088322	0
3	98088323	98092129	1
3	98092130	98297552	0
3	98297553	98300678	2
3	98300679	98695501	0
3	98695502	98695746	2
3	98695747	100183403	0
3	100183404	100364398	1
3	100364399	100366166	0
3	100366167	100427028	2
3	100427029	100768635	0
3	100768636	100819208	2
3	100819209	101010897	0
3	101010898	101018431	2
3	101018432	101047205	0
3	101047206	101047339	1
3	101047340	101051953	0
3	101051954	101152117	2
3	101152118	101156210	0
3	101156211	101191361	2
3	101191362	101427053	0
3	101427054	101474888	1
3	101474889	101545206	0
3	101545207	101547476	1
3	101547477	101791335	0
3	101791336	101833042	2
3	101833043	101840628	0
3	101840629	101899066	1
3	101899067	101912917	3
3	101912918	102151487	1
3	102151488	102415954	0
3	102415955	102430149	1
3	102430150	102431539	0
3	102431540	102432477	1
3	102432478	102456936	0
3	102456937	102457874	2
3	102457875	102471247	0
3	102471248	102472185	2
3	102472186	102483604	0
3	102483605	102484515	1
3	102484516	102510337	0
3	102510338	102511275	2
3	102511276	102529182	0
3	102529183	102530114	2
3	102530115	102553315	0
3	102553316	102554232	2
3	102554233	102579444	0
3	102579445	102580361	2
3	102580362	102588344	0
3	102588345	102589258	1
3	102589259	102619670	0
3	102619671	102620587	2
3	102620588	102630017	0
3	102630018	102630952	2
3	102630953	102658571	0
3	102658572	102659509	2
3	102659510	102664389	0
3	102664390	102665285	2
3	102665286	102671354	0
3	102671355	102672292	1
3	102672293	102683146	0
3	102683147	102684274	2
3	102684275	102703485	0
3	102703486	102704402	2
3	102704403	102723400	0
3	102723401	102724335	2
3	102724336	102740878	0
3	102740879	102741816	1
3	102741817	102772861	0
3	102772862	102773799	1
3	102773800	102801398	0
3	102801399	102802336	1
3	102802337	102825439	0
3	102825440	102826377	1
3	102826378	102841613	0
3	102841614	102842551	2
3	102842552	102859813	0
3	102859814	102860757	2
3	102860758	102925469	0
3	102925470	102926407	2
3	102926408	102947728	0
3	102947729	102948666	2
3	102948667	102995374	0
3	102995375	102996312	1
3	102996313	103042801	0
3	103042802	103043739	1
3	103043740	103065452	0
3	103065453	103066390	1
3	103066391	103089450	0
3	103089451	103090388	1
3	103090389	103110867	0
3	103110868	103111793	1
3	103111794	103127303	0
3	103127304	103128241	1
3	103128242	103140032	0
3	103140033	103140970	1
3	103140971	103151158	0
3	103151159	103152120	1
3	103152121	103171735	0
3	103171736	103172673	1
3	103172674	103192681	0
3	103192682	103193331	2
3	103193332	103202359	0
3	103202360	103203297	1
3	103203298	103216588	0
3	103216589	103217526	1
3	103217527	103223660	0
3	103223661	103224622	1
3	103224623	103248394	0
3	103248395	103249329	2
3	103249330	103264119	0
3	103264120	103265057	1
3	103265058	103300448	0
3	103300449	103301386	1
3	103301387	103344393	0
3	103344394	103345331	1
3	103345332	103399332	0
3	103399333	103400270	1
3	103400271	103446776	0
3	103446777	103447714	1
3	103447715	103459589	0
3	103459590	103460527	1
3	103460528	103462870	0
3	103462871	103463805	2
3	103463806	103484866	0
3	103484867	103485804	1
3	103485805	103556672	0
3	103556673	103557622	2
3	103557623	103597192	0
3	103597193	103598154	2
3	103598155	103637467	0
3	103637468	103638405	2
3	103638406	103657113	0
3	103657114	103658048	2
3	103658049	103726236	0
3	103726237	103733352	2
3	103733353	103734433	0
3	103734434	103745234	1
3	103745235	103747652	0
3	103747653	103748737	2
3	103748738	103753236	0
3	103753237	103852137	2
3	103852138	103852684	3
3	103852685	103857156	1
3	103857157	103866142	0
3	103866143	103905934	2
3	103905935	103945327	0
3	103945328	103956005	2
3	103956006	103966449	0
3	103966450	104018859	1
3	104018860	104042166	0
3	104042167	104117190	2
3	104117191	104118061	0
3	104118062	104504202	1
3	104504203	104675171	0
3	104675172	104675455	1
3	104675456	104749049	0
3	104749050	104765434	2
3	104765435	104816985	0
3	104816986	105086434	2
3	105086435	105203307	0
3	105203308	105214987	1
3	105214988	105235048	0
3	105235049	105279460	1
3	105279461	105281825	0
3	105281826	105298106	1
3	105298107	105467478	0
3	105467479	105470473	1
3	105470474	105507401	0
3	105507402	105512937	1
3	105512938	105570290	0
3	105570291	105640461	1
3	105640462	105661042	0
3	105661043	105663455	1
3	105663456	106009354	0
3	106009355	106136613	1
3	106136614	107142760	0
3	107142761	107348648	2
3	107348649	107559995	0
3	107559996	107760587	1
3	107760588	108544929	0
3	108544930	108559474	2
3	108559475	108795233	0
3	108795234	108857554	2
3	108857555	108944139	0
3	108944140	108977719	2
3	108977720	108984027	0
3	108984028	109044418	1
3	109044419	109862115	0
3	109862116	109873464	2
3	109873465	109969150	0
3	109969151	110021147	1
3	110021148	110042851	0
3	110042852	110140754	1
3	110140755	110159706	0
3	110159707	110245934	2
3	110245935	110249215	3
3	110249216	110249625	1
3	110249626	110306065	0
3	110306066	110324082	1
3	110324083	110367937	0
3	110367938	110420456	2
3	110420457	110442635	0
3	110442636	110487524	2
3	110487525	110491224	0
3	110491225	110492396	1
3	110492397	110498112	0
3	110498113	110508401	1
3	110508402	110517161	3
3	110517162	110551231	2
3	110551232	110556806	3
3	110556807	110572813	2
3	110572814	110574415	0
3	110574416	110589919	2
3	110589920	110618296	0
3	110618297	110638044	2
3	110638045	110669310	0
3	110669311	110690171	2
3	110690172	110723479	0
3	110723480	110732058	2
3	110732059	110734103	0
3	110734104	110736160	2
3	110736161	110816335	0
3	110816336	110828877	1
3	110828878	110835681	0
3	110835682	110840066	2
3	110840067	110854998	0
3	110854999	110909805	2
3	110909806	110918241	0
3	110918242	110942915	2
3	110942916	110943824	0
3	110943825	110964450	1
3	110964451	110975921	0
3	110975922	110979955	2
3	110979956	110980072	0
3	110980073	110982551	1
3	110982552	110983096	3
3	110983097	111013587	1
3	111013588	111013854	0
3	111013855	111021839	2
3	111021840	111022921	0
3	111022922	111037423	1
3	111037424	111049116	0
3	111049117	111062009	2
3	111062010	111078617	0
3	111078618	111087345	1
3	111087346	111097324	0
3	111097325	111108293	2
3	111108294	111135019	0
3	111135020	111145984	2
3	111145985	111160203	0
3	111160204	111163423	2
3	111163424	111187709	0
3	111187710	111266540	1
3	111266541	111298711	0
3	111298712	111299187	2
3	111299188	111326478	0
3	111326479	111354417	1
3	111354418	111354504	0
3	111354505	111389987	2
3	111389988	111416534	0
3	111416535	111422201	1
3	111422202	111422265	0
3	111422266	111452969	2
3	111452970	111458570	0
3	111458571	111469516	1
3	111469517	111478380	0
3	111478381	111537939	2
3	111537940	111545005	0
3	111545006	111553602	2
3	111553603	111553678	0
3	111553679	111560554	1
3	111560555	111565648	0
3	111565649	111587149	1
3	111587150	111597100	0
3	111597101	111616140	2
3	111616141	111699019	0
3	111699020	111759909	2
3	111759910	111767159	0
3	111767160	111818087	2
3	111818088	111818148	0
3	111818149	111824209	2
3	111824210	111825160	0
3	111825161	111834208	2
3	111834209	111837696	0
3	111837697	111873972	1
3	111873973	111877851	0
3	111877852	111941839	1
3	111941840	111952346	0
3	111952347	111994335	1
3	111994336	112041531	0
3	112041532	112061794	1
3	112061795	112072328	0
3	112072329	112084142	1
3	112084143	112087675	0
3	112087676	112125316	1
3	112125317	112132349	0
3	112132350	112173905	1
3	112173906	112174267	3
3	112174268	112226021	2
3	112226022	112228718	0
3	112228719	112278406	2
3	112278407	112283110	0
3	112283111	112320760	1
3	112320761	112346625	0
3	112346626	112361214	2
3	112361215	112365936	0
3	112365937	112371675	1
3	112371676	112377704	3
3	112377705	112385526	1
3	112385527	112385599	0
3	112385600	112396030	2
3	112396031	112428393	0
3	112428394	112605766	2
3	112605767	112614501	3
3	112614502	112659138	2
3	112659139	112663381	0
3	112663382	112676554	1
3	112676555	112684150	0
3	112684151	112789287	1
3	112789288	112800555	0
3	112800556	112876771	1
3	112876772	112916215	0
3	112916216	112949726	2
3	112949727	112950888	0
3	112950889	112961612	2
3	112961613	112965651	0
3	112965652	112985316	1
3	112985317	112995566	0
3	112995567	113023530	1
3	113023531	113041775	0
3	113041776	113057789	1
3	113057790	113089645	0
3	113089646	113091768	1
3	113091769	113102088	0
3	113102089	113108652	2
3	113108653	113120701	0
3	113120702	113130169	1
3	113130170	113131325	0
3	113131326	113158718	2
3	113158719	113159998	0
3	113159999	113231788	1
3	113231789	113251776	0
3	113251777	113272184	2
3	113272185	113272848	0
3	113272849	113318561	1
3	113318562	113324459	3
3	113324460	113376981	1
3	113376982	113400705	3
3	113400706	113415772	1
3	113415773	113417476	3
3	113417477	113423691	1
3	113423692	113424844	3
3	113424845	113445433	1
3	113445434	113448875	0
3	113448876	113478213	2
3	113478214	113483267	0
3	113483268	113525862	1
3	113525863	113818870	0
3	113818871	113887493	2
3	113887494	113918627	0
3	113918628	113960099	2
3	113960100	113976685	0
3	113976686	113998920	2
3	113998921	113999717	0
3	113999718	114065168	1
3	114065169	114066838	0
3	114066839	114074801	1
3	114074802	114087285	0
3	114087286	114093307	2
3	114093308	114102873	0
3	114102874	114126521	2
3	114126522	114129587	0
3	114129588	114147924	2
3	114147925	114176307	0
3	114176308	114207364	2
3	114207365	114218191	0
3	114218192	114235931	1
3	114235932	114236716	0
3	114236717	114240084	2
3	114240085	114241055	0
3	114241056	114251645	1
3	114251646	114253635	0
3	114253636	114286800	2
3	114286801	114287716	0
3	114287717	114307248	1
3	114307249	114355796	0
3	114355797	114647380	2
3	114647381	114711560	0
3	114711561	114728408	1
3	114728409	114747408	0
3	114747409	114760407	2
3	114760408	114772601	0
3	114772602	114776153	2
3	114776154	114805920	0
3	114805921	114828152	1
3	114828153	114869457	0
3	114869458	114881588	2
3	114881589	114900341	0
3	114900342	114939368	2
3	114939369	116072292	0
3	116072293	116073365	2
3	116073366	116899876	0
3	116899877	116958048	2
3	116958049	117335210	0
3	117335211	117354380	2
3	117354381	117354478	3
3	117354479	117389559	1
3	117389560	117416343	0
3	117416344	117416784	2
3	117416785	117421602	0
3	117421603	117498365	2
3	117498366	117514442	0
3	117514443	117525444	2
3	117525445	117569695	0
3	117569696	117766118	1
3	117766119	117853997	0
3	117853998	117854479	2
3	117854480	117897736	0
3	117897737	117938498	1
3	117938499	117940217	3
3	117940218	117990287	1
3	117990288	118006149	0
3	118006150	118051287	1
3	118051288	118109404	0
3	118109405	118136836	1
3	118136837	118137189	3
3	118137190	118268737	2
3	118268738	118268834	3
3	118268835	118317759	1
3	118317760	118366870	3
3	118366871	118427849	1
3	118427850	118430509	0
3	118430510	118442096	2
3	118442097	118591878	0
3	118591879	118635266	1
3	118635267	118641218	0
3	118641219	118959848	1
3	118959849	119014618	0
3	119014619	119052529	2
3	119052530	119057515	0
3	119057516	119075617	1
3	119075618	119091742	0
3	119091743	119135389	1
3	119135390	119173816	0
3	119173817	119222482	2
3	119222483	119224941	0
3	119224942	119247447	1
3	119247448	119259465	0
3	119259466	119330343	1
3	119330344	119354902	0
3	119354903	119361653	2
3	119361654	119382752	3
3	119382753	119405451	1
3	119405452	119484675	0
3	119484676	119548619	2
3	119548620	119561288	0
3	119561289	119577804	2
3	119577805	119583646	0
3	119583647	119611134	1
3	119611135	119616943	0
3	119616944	119619863	1
3	119619864	119640296	0
3	119640297	119669637	2
3	119669638	119671777	0
3	119671778	119677573	1
3	119677574	119678090	3
3	119678091	119690364	2
3	119690365	119698650	0
3	119698651	119727345	2
3	119727346	119776923	0
3	119776924	119779097	2
3	119779098	119783715	0
3	119783716	119799448	2
3	119799449	119805939	0
3	119805940	119809985	2
3	119809986	119994535	0
3	119994536	120002362	2
3	120002363	120003088	3
3	120003089	120011362	1
3	120011363	120023915	0
3	120023916	120087134	1
3	120087135	120092580	0
3	120092581	120106695	1
3	120106696	120153616	0
3	120153617	120157864	1
3	120157865	120165911	0
3	120165912	120182534	2
3	120182535	120209645	0
3	120209646	120233653	1
3	120233654	120272581	0
3	120272582	120306549	1
3	120306550	120316045	0
3	120316046	120373498	1
3	120373499	120373602	0
3	120373603	120404908	1
3	120404909	120414289	0
3	120414290	120726334	2
3	120726335	120726904	0
3	120726905	120764190	2
3	120764191	121128366	0
3	121128367	121135716	2
3	121135717	121147545	0
3	121147546	121226123	1
3	121226124	121235117	0
3	121235118	121342442	2
3	121342443	121358001	0
3	121358002	121393441	2
3	121393442	121408144	0
3	121408145	121440785	2
3	121440786	121471808	0
3	121471809	121488538	1
3	121488539	121490810	0
3	121490811	121493712	2
3	121493713	121499193	0
3	121499194	121551431	2
3	121551432	121596789	0
3	121596790	121624046	2
3	121624047	121632041	0
3	121632042	121656504	2
3	121656505	121660108	0
3	121660109	121664494	2
3	121664495	121725857	0
3	121725858	121739171	2
3	121739172	121796236	0
3	121796237	121822434	1
3	121822435	121825410	0
3	121825411	121836084	1
3	121836085	121876261	0
3	121876262	121882724	1
3	121882725	121977348	0
3	121977349	122057630	1
3	122057631	122114106	0
3	122114107	122152475	2
3	122152476	122194327	0
3	122194328	122206669	1
3	122206670	122285241	0
3	122285242	122285609	2
3	122285610	122308023	0
3	122308024	122336466	2
3	122336467	122544786	0
3	122544787	122580903	2
3	122580904	122662084	0
3	122662085	122679126	2
3	122679127	122695937	0
3	122695938	122703732	1
3	122703733	122720767	0
3	122720768	122790098	2
3	122790099	122803770	0
3	122803771	122808556	2
3	122808557	122808562	0
3	122808563	122813581	1
3	122813582	122816922	0
3	122816923	122817299	2
3	122817300	122836444	0
3	122836445	122890661	2
3	122890662	122913884	0
3	122913885	122920682	1
3	122920683	122928962	0
3	122928963	122929834	2
3	122929835	122941394	0
3	122941395	122947073	1
3	122947074	122947911	0
3	122947912	122969539	2
3	122969540	122976102	0
3	122976103	123084861	2
3	123084862	123093262	0
3	123093263	123094925	2
3	123094926	123106692	0
3	123106693	123107532	2
3	123107533	123117490	0
3	123117491	123119458	1
3	123119459	123130247	0
3	123130248	123171873	1
3	123171874	123175858	0
3	123175859	123179642	1
3	123179643	123195578	0
3	123195579	123206826	1
3	123206827	123209606	0
3	123209607	123221267	2
3	123221268	123224240	0
3	123224241	123236533	1
3	123236534	123245479	0
3	123245480	123376453	1
3	123376454	123434407	0
3	123434408	123567916	2
3	123567917	123578995	0
3	123578996	123581516	1
3	123581517	123595558	0
3	123595559	123607350	1
3	123607351	123612065	0
3	123612066	123631107	1
3	123631108	123670273	0
3	123670274	123687689	2
3	123687690	123688632	0
3	123688633	123702730	1
3	123702731	123714562	0
3	123714563	123718430	1
3	123718431	123721484	0
3	123721485	123723522	1
3	123723523	123731537	0
3	123731538	123741337	2
3	123741338	123754055	0
3	123754056	123757357	2
3	123757358	123776179	0
3	123776180	123790565	2
3	123790566	123807950	0
3	123807951	123841795	2
3	123841796	123848823	0
3	123848824	123849786	1
3	123849787	123996658	0
3	123996659	123997275	1
3	123997276	124068863	0
3	124068864	124102238	2
3	124102239	124129556	0
3	124129557	124145564	1
3	124145565	124460728	0
3	124460729	124461330	1
3	124461331	124515976	0
3	124515977	124531314	2
3	124531315	124545362	0
3	124545363	124545898	2
3	124545899	124575619	0
3	124575620	124610265	1
3	124610266	124632490	0
3	124632491	124724250	1
3	124724251	124870867	0
3	124870868	124879214	1
3	124879215	124880696	0
3	124880697	124884568	1
3	124884569	124896616	0
3	124896617	124935224	2
3	124935225	125009258	0
3	125009259	125017375	1
3	125017376	125169133	0
3	125169134	125213605	1
3	125213606	125320678	0
3	125320679	125396819	2
3	125396820	125428258	0
3	125428259	125441592	2
3	125441593	125458690	0
3	125458691	125470411	1
3	125470412	125470549	0
3	125470550	125500793	2
3	125500794	125503636	0
3	125503637	125522439	2
3	125522440	125523779	0
3	125523780	125533598	1
3	125533599	125566641	0
3	125566642	125607733	1
3	125607734	126335861	0
3	126335862	126346316	2
3	126346317	127444900	0
3	127444901	127500707	1
3	127500708	127528432	0
3	127528433	127569091	1
3	127569092	128155067	0
3	128155068	128419543	2
3	128419544	128756797	0
3	128756798	128971744	2
3	128971745	129018590	0
3	129018591	129031519	2
3	129031520	129042740	0
3	129042741	129357489	1
3	129357490	129462736	0
3	129462737	129463029	2
3	129463030	129501103	0
3	129501104	129536420	2
3	129536421	129599351	0
3	129599352	129788398	2
3	129788399	129866543	0
3	129866544	129884808	1
3	129884809	129885824	0
3	129885825	130069388	2
3	130069389	130079359	0
3	130079360	130114768	1
3	130114769	131351585	0
3	131351586	131357927	2
3	131357928	132052610	0
3	132052611	132053611	2
3	132053612	132282626	0
3	132282627	132282877	1
3	132282878	132560504	0
3	132560505	132692735	2
3	132692736	132888770	0
3	132888771	133131190	1
3	133131191	133178559	0
3	133178560	133232320	1
3	133232321	133232430	0
3	133232431	133261971	2
3	133261972	133894082	0
3	133894083	133894567	1
3	133894568	134281805	0
3	134281806	134413168	1
3	134413169	134440269	3
3	134440270	134462651	1
3	134462652	134683063	0
3	134683064	134696652	1
3	134696653	136657478	0
3	136657479	136936672	1
3	136936673	137137978	0
3	137137979	137147573	2
3	137147574	137154084	0
3	137154085	137157339	2
3	137157340	137618896	0
3	137618897	137925603	2
3	137925604	137935343	0
3	137935344	137969656	1
3	137969657	138024506	0
3	138024507	138051296	2
3	138051297	138055238	0
3	138055239	138116662	1
3	138116663	138174052	0
3	138174053	138183694	2
3	138183695	138378200	0
3	138378201	138397868	1
3	138397869	138398009	0
3	138398010	138406664	2
3	138406665	138433988	0
3	138433989	138462061	1
3	138462062	138504212	0
3	138504213	138549435	2
3	138549436	138597636	0
3	138597637	138616129	2
3	138616130	138624553	0
3	138624554	138683316	1
3	138683317	138684683	0
3	138684684	138701053	2
3	138701054	138701584	0
3	138701585	138708330	1
3	138708331	138715568	0
3	138715569	138757109	2
3	138757110	138765025	0
3	138765026	138766513	2
3	138766514	138770572	0
3	138770573	138931547	2
3	138931548	138974869	0
3	138974870	138975619	2
3	138975620	139695026	0
3	139695027	139735022	2
3	139735023	139735395	3
3	139735396	139833965	2
3	139833966	139894329	0
3	139894330	140087676	2
3	140087677	140106764	0
3	140106765	140125218	2
3	140125219	140126795	0
3	140126796	140141677	1
3	140141678	140468699	0
3	140468700	140728127	1
3	140728128	141068021	0
3	141068022	141173856	2
3	141173857	141225288	0
3	141225289	141298263	2
3	141298264	141304003	0
3	141304004	141305469	1
3	141305470	141408796	0
3	141408797	141411168	1
3	141411169	141577502	0
3	141577503	141589847	2
3	141589848	141927398	0
3	141927399	141932915	2
3	141932916	142383276	0
3	142383277	142387479	2
3	142387480	142739779	0
3	142739780	142741642	2
3	142741643	142748672	0
3	142748673	142752323	1
3	142752324	142993656	0
3	142993657	142996576	2
3	142996577	143003794	0
3	143003795	143015902	2
3	143015903	143020452	0
3	143020453	143063981	1
3	143063982	143084561	0
3	143084562	143089629	2
3	143089630	143096054	0
3	143096055	143098778	1
3	143098779	143109314	0
3	143109315	143116050	2
3	143116051	143119685	0
3	143119686	143123580	2
3	143123581	143129246	0
3	143129247	143161489	2
3	143161490	143172684	0
3	143172685	143175498	2
3	143175499	143188659	0
3	143188660	143192406	1
3	143192407	143219684	0
3	143219685	143223613	1
3	143223614	143393665	0
3	143393666	143408602	1
3	143408603	143426002	0
3	143426003	143778351	1
3	143778352	143803862	0
3	143803863	143807321	1
3	143807322	143893004	0
3	143893005	143899368	1
3	143899369	144316593	0
3	144316594	144321600	1
3	144321601	144427205	0
3	144427206	144431804	1
3	144431805	144480310	0
3	144480311	144485302	1
3	144485303	144569500	0
3	144569501	144574110	2
3	144574111	145032198	0
3	145032199	145199354	2
3	145199355	145639153	0
3	145639154	145641652	1
3	145641653	145764930	0
3	145764931	145765448	2
3	145765449	145810434	0
3	145810435	145810832	1
3	145810833	145882817	0
3	145882818	145883208	2
3	145883209	146314961	0
3	146314962	146317008	1
3	146317009	146365090	0
3	146365091	146373363	2
3	146373364	146376826	0
3	146376827	146407250	1
3	146407251	146420344	0
3	146420345	146470291	1
3	146470292	146484236	0
3	146484237	146491835	1
3	146491836	146546385	0
3	146546386	146568823	2
3	146568824	146582750	0
3	146582751	146630297	2
3	146630298	146634533	3
3	146634534	146690373	1
3	146690374	146695342	0
3	146695343	146716814	2
3	146716815	146719909	0
3	146719910	146764013	1
3	146764014	146800017	0
3	146800018	146812987	1
3	146812988	146980921	0
3	146980922	147005437	2
3	147005438	147042942	0
3	147042943	147062722	2
3	147062723	147073158	0
3	147073159	147101909	2
3	147101910	147102392	0
3	147102393	147143574	1
3	147143575	147163836	0
3	147163837	147188927	1
3	147188928	147226002	0
3	147226003	147226700	2
3	147226701	147238112	0
3	147238113	147263273	1
3	147263274	147358856	0
3	147358857	147389696	2
3	147389697	147422093	0
3	147422094	147455668	2
3	147455669	147476578	0
3	147476579	147487168	1
3	147487169	147490494	0
3	147490495	147490664	1
3	147490665	147511404	0
3	147511405	147516453	2
3	147516454	147585945	0
3	147585946	147597658	2
3	147597659	147609093	0
3	147609094	147632799	2
3	147632800	147643248	0
3	147643249	147649502	2
3	147649503	147713819	0
3	147713820	147757860	2
3	147757861	147772163	0
3	147772164	147789156	2
3	147789157	147793015	0
3	147793016	147809917	1
3	147809918	147813471	0
3	147813472	147819569	1
3	147819570	147843075	0
3	147843076	147851766	1
3	147851767	147864372	0
3	147864373	147865391	1
3	147865392	147878934	0
3	147878935	147880136	1
3	147880137	147894556	0
3	147894557	147912482	2
3	147912483	147928199	0
3	147928200	147932411	1
3	147932412	147952877	0
3	147952878	147955500	2
3	147955501	147961816	0
3	147961817	147966095	1
3	147966096	147982211	0
3	147982212	147985614	1
3	147985615	147992752	0
3	147992753	147994614	2
3	147994615	148008849	0
3	148008850	148010174	1
3	148010175	148035164	0
3	148035165	148042631	2
3	148042632	148047636	0
3	148047637	148048950	2
3	148048951	148051261	0
3	148051262	148057521	1
3	148057522	148069920	0
3	148069921	148073552	1
3	148073553	148082788	0
3	148082789	148091617	2
3	148091618	148103641	0
3	148103642	148104481	1
3	148104482	148108537	0
3	148108538	148116989	2
3	148116990	148150696	0
3	148150697	148189621	2
3	148189622	148215538	0
3	148215539	148216716	2
3	148216717	148234191	0
3	148234192	148245414	2
3	148245415	148259594	0
3	148259595	148313808	1
3	148313809	148327963	0
3	148327964	148370185	2
3	148370186	148386187	0
3	148386188	148399499	2
3	148399500	148406511	0
3	148406512	148407776	1
3	148407777	148417991	0
3	148417992	148428492	1
3	148428493	148438937	0
3	148438938	148485358	2
3	148485359	148487057	0
3	148487058	148493223	1
3	148493224	148510777	0
3	148510778	148533402	2
3	148533403	148541907	0
3	148541908	148556742	2
3	148556743	148579918	0
3	148579919	148623031	2
3	148623032	148635773	0
3	148635774	148688551	2
3	148688552	148704898	0
3	148704899	148706970	1
3	148706971	148709529	0
3	148709530	148722740	1
3	148722741	148722953	0
3	148722954	148747206	2
3	148747207	148773257	0
3	148773258	148813291	2
3	148813292	148837812	0
3	148837813	148900450	2
3	148900451	148909824	0
3	148909825	148932876	1
3	148932877	149101241	0
3	149101242	149115207	1
3	149115208	149131783	0
3	149131784	149208784	2
3	149208785	149221375	0
3	149221376	149249271	2
3	149249272	149261331	0
3	149261332	149270248	2
3	149270249	149336236	0
3	149336237	149356190	1
3	149356191	149358879	0
3	149358880	149377865	2
3	149377866	149391927	0
3	149391928	149396128	2
3	149396129	149401888	0
3	149401889	149416504	2
3	149416505	149424390	0
3	149424391	149449348	2
3	149449349	149466768	0
3	149466769	149477905	2
3	149477906	149493653	0
3	149493654	149501611	2
3	149501612	149524665	0
3	149524666	149533246	2
3	149533247	149555634	0
3	149555635	149563474	1
3	149563475	149606938	0
3	149606939	149616756	2
3	149616757	149624710	0
3	149624711	149630611	2
3	149630612	149643479	0
3	149643480	149649396	2
3	149649397	149668100	0
3	149668101	149702397	2
3	149702398	149703846	0
3	149703847	149706073	1
3	149706074	149724350	3
3	149724351	149741310	1
3	149741311	149741951	3
3	149741952	149790854	1
3	149790855	149791495	3
3	149791496	149802619	1
3	149802620	149812181	3
3	149812182	149870411	1
3	149870412	149874028	0
3	149874029	149905942	1
3	149905943	149935729	0
3	149935730	150038255	2
3	150038256	150047824	0
3	150047825	150052481	1
3	150052482	150053668	3
3	150053669	150055747	1
3	150055748	150056787	3
3	150056788	150073719	1
3	150073720	150091628	0
3	150091629	150108896	1
3	150108897	150135819	0
3	150135820	150153773	2
3	150153774	150154675	0
3	150154676	150156837	1
3	150156838	150188453	0
3	150188454	150227403	2
3	150227404	150303034	0
3	150303035	150303222	1
3	150303223	150323114	0
3	150323115	150387330	2
3	150387331	150391458	0
3	150391459	150412177	1
3	150412178	150574471	0
3	150574472	150579868	2
3	150579869	150587831	0
3	150587832	150603080	1
3	150603081	150686636	0
3	150686637	150749825	2
3	150749826	150761327	0
3	150761328	150782491	2
3	150782492	150801287	0
3	150801288	150802933	2
3	150802934	150803095	0
3	150803096	150885614	1
3	150885615	150910396	0
3	150910397	150918523	2
3	150918524	150919315	0
3	150919316	150960028	1
3	150960029	151006529	0
3	151006530	151032300	1
3	151032301	151032950	0
3	151032951	151075854	2
3	151075855	151076252	0
3	151076253	151106555	1
3	151106556	151126589	0
3	151126590	151150342	2
3	151150343	151150394	0
3	151150395	151224121	1
3	151224122	151232749	0
3	151232750	151258578	1
3	151258579	151285247	0
3	151285248	151289593	2
3	151289594	151310596	0
3	151310597	151355399	2
3	151355400	151356866	0
3	151356867	151363113	1
3	151363114	151365809	0
3	151365810	151371499	1
3	151371500	151384952	0
3	151384953	151474133	1
3	151474134	151483247	0
3	151483248	151486691	1
3	151486692	151508359	0
3	151508360	151544672	2
3	151544673	151548435	0
3	151548436	151548993	1
3	151548994	151553576	0
3	151553577	151563362	2
3	151563363	151564602	0
3	151564603	151600138	1
3	151600139	151609600	0
3	151609601	151613940	2
3	151613941	151616035	0
3	151616036	151625642	1
3	151625643	151641093	0
3	151641094	151658415	1
3	151658416	151665812	0
3	151665813	151688147	1
3	151688148	151688452	0
3	151688453	151689709	2
3	151689710	151691512	0
3	151691513	151691513	1
3	151691514	151691846	3
3	151691847	151724652	1
3	151724653	152143809	0
3	152143810	152148027	2
3	152148028	152150150	0
3	152150151	152159747	1
3	152159748	152176093	0
3	152176094	152179191	1
3	152179192	152200934	0
3	152200935	152222645	1
3	152222646	152222724	0
3	152222725	152224324	2
3	152224325	152226068	0
3	152226069	152226259	2
3	152226260	152226708	0
3	152226709	152259154	1
3	152259155	152294654	0
3	152294655	152377168	2
3	152377169	152381663	0
3	152381664	152382527	1
3	152382528	152402518	0
3	152402519	152465226	2
3	152465227	152552820	0
3	152552821	152619720	2
3	152619721	152626755	0
3	152626756	152649607	2
3	152649608	152752089	0
3	152752090	152846116	2
3	152846117	152857590	0
3	152857591	152863958	2
3	152863959	152909187	0
3	152909188	152924375	2
3	152924376	152933769	0
3	152933770	152943775	2
3	152943776	152944450	0
3	152944451	153001307	1
3	153001308	153005739	0
3	153005740	153042393	1
3	153042394	153101034	0
3	153101035	153114518	1
3	153114519	153125618	0
3	153125619	153188913	1
3	153188914	153197642	0
3	153197643	153207814	2
3	153207815	153210827	0
3	153210828	153250639	1
3	153250640	153263690	0
3	153263691	153321350	1
3	153321351	153333217	0
3	153333218	153398128	1
3	153398129	153398787	3
3	153398788	153445630	2
3	153445631	153449123	0
3	153449124	153468792	1
3	153468793	153491149	0
3	153491150	153520733	2
3	153520734	153580859	0
3	153580860	153595640	2
3	153595641	153843204	0
3	153843205	153893845	1
3	153893846	153949213	0
3	153949214	153952106	1
3	153952107	154040164	0
3	154040165	154042097	1
3	154042098	154043871	0
3	154043872	154046328	2
3	154046329	154212200	0
3	154212201	154373167	2
3	154373168	154395185	0
3	154395186	154424623	2
3	154424624	154437569	0
3	154437570	154438320	2
3	154438321	154463107	0
3	154463108	154490849	1
3	154490850	154507033	0
3	154507034	154553310	2
3	154553311	154597166	0
3	154597167	154627255	1
3	154627256	154682280	0
3	154682281	154716237	1
3	154716238	154741629	0
3	154741630	154768638	2
3	154768639	154786213	0
3	154786214	154813462	2
3	154813463	154840840	0
3	154840841	154841432	1
3	154841433	154863070	0
3	154863071	154869458	2
3	154869459	154905139	0
3	154905140	154983019	2
3	154983020	154986057	0
3	154986058	154988950	2
3	154988951	154996748	0
3	154996749	155041814	2
3	155041815	155103148	0
3	155103149	155107815	2
3	155107816	155119040	0
3	155119041	155131827	2
3	155131828	155160479	0
3	155160480	155192172	2
3	155192173	155192804	3
3	155192805	155262939	2
3	155262940	155269345	0
3	155269346	155288531	2
3	155288532	155297564	0
3	155297565	155356460	2
3	155356461	156339002	0
3	156339003	156340911	1
3	156340912	156642462	0
3	156642463	156717684	2
3	156717685	156727640	0
3	156727641	156758305	2
3	156758306	156764749	0
3	156764750	156777997	1
3	156777998	156886452	0
3	156886453	156899434	2
3	156899435	156901075	0
3	156901076	156905890	1
3	156905891	156937731	0
3	156937732	157099304	1
3	157099305	157544581	0
3	157544582	158328879	1
3	158328880	158808791	0
3	158808792	158809738	2
3	158809739	158847201	0
3	158847202	158848130	2
3	158848131	158851434	0
3	158851435	158852366	2
3	158852367	158887410	0
3	158887411	158888351	2
3	158888352	158919860	0
3	158919861	158920792	1
3	158920793	158931298	0
3	158931299	158932230	1
3	158932231	158936038	0
3	158936039	158936970	1
3	158936971	158964144	0
3	158964145	158965652	2
3	158965653	158984877	0
3	158984878	158985812	1
3	158985813	158997832	0
3	158997833	159021580	2
3	159021581	159082344	0
3	159082345	159084619	1
3	159084620	159095874	0
3	159095875	159096669	2
3	159096670	159114426	0
3	159114427	159115448	2
3	159115449	159305343	0
3	159305344	159310666	2
3	159310667	159321308	0
3	159321309	159347629	2
3	159347630	159368271	0
3	159368272	159384773	2
3	159384774	159392191	0
3	159392192	159413573	2
3	159413574	159421669	0
3	159421670	159450084	2
3	159450085	159569361	0
3	159569362	159694754	2
3	159694755	159712323	0
3	159712324	159775641	1
3	159775642	159784126	0
3	159784127	159802950	1
3	159802951	159823876	0
3	159823877	159842276	2
3	159842277	159856992	0
3	159856993	159863504	1
3	159863505	159887034	0
3	159887035	159897803	2
3	159897804	159902439	0
3	159902440	159965001	2
3	159965002	159995062	0
3	159995063	160013272	2
3	160013273	160018644	0
3	160018645	160038076	1
3	160038077	160047294	0
3	160047295	160115175	2
3	160115176	160115840	0
3	160115841	160139945	1
3	160139946	160207911	0
3	160207912	160219329	2
3	160219330	160231912	0
3	160231913	160238130	2
3	160238131	160241617	0
3	160241618	160301550	1
3	160301551	160391104	0
3	160391105	160399929	2
3	160399930	160410755	0
3	160410756	160444938	2
3	160444939	160448296	0
3	160448297	160465141	1
3	160465142	160467550	0
3	160467551	160546538	2
3	160546539	160554423	0
3	160554424	160561739	1
3	160561740	160567803	0
3	160567804	160573976	1
3	160573977	160581447	0
3	160581448	160581796	1
3	160581797	160591510	0
3	160591511	160591889	1
3	160591890	160607054	0
3	160607055	160608306	1
3	160608307	160627608	0
3	160627609	160630455	1
3	160630456	160648447	0
3	160648448	160649469	1
3	160649470	160660747	0
3	160660748	160661542	2
3	160661543	160679299	0
3	160679300	160680321	2
3	160680322	160695909	0
3	160695910	160696730	2
3	160696731	160713726	0
3	160713727	160715309	2
3	160715310	160727908	0
3	160727909	160730358	1
3	160730359	160736673	0
3	160736674	160739135	1
3	160739136	160774853	0
3	160774854	160777090	1
3	160777091	160799979	0
3	160799980	160802431	1
3	160802432	160838630	0
3	160838631	160852162	1
3	160852163	160853648	3
3	160853649	160864532	2
3	160864533	160872501	0
3	160872502	160891188	1
3	160891189	160908767	0
3	160908768	160912505	2
3	160912506	160919343	0
3	160919344	160922339	1
3	160922340	160935707	0
3	160935708	160938465	2
3	160938466	160945357	0
3	160945358	160954737	2
3	160954738	161018509	0
3	161018510	161024207	2
3	161024208	161025489	0
3	161025490	161027941	1
3	161027942	161036701	0
3	161036702	161040509	1
3	161040510	161041725	0
3	161041726	161050555	1
3	161050556	161058215	0
3	161058216	161067356	1
3	161067357	161071017	0
3	161071018	161078171	2
3	161078172	161098546	0
3	161098547	161101626	1
3	161101627	161113061	0
3	161113062	161115311	1
3	161115312	161121695	0
3	161121696	161123067	2
3	161123068	161128587	0
3	161128588	161131810	1
3	161131811	161149933	0
3	161149934	161151503	2
3	161151504	161160918	0
3	161160919	161163718	2
3	161163719	161178115	0
3	161178116	161179742	2
3	161179743	161193767	0
3	161193768	161212154	1
3	161212155	161212186	3
3	161212187	161236119	2
3	161236120	161236896	0
3	161236897	161241157	2
3	161241158	161243585	0
3	161243586	161246349	1
3	161246350	161252721	0
3	161252722	161259733	2
3	161259734	161264816	3
3	161264817	161272383	1
3	161272384	161272458	3
3	161272459	161287665	2
3	161287666	161290389	0
3	161290390	161291756	2
3	161291757	161292171	0
3	161292172	161294123	1
3	161294124	161296302	0
3	161296303	161298960	1
3	161298961	161299022	3
3	161299023	161304467	2
3	161304468	161304623	3
3	161304624	161322287	1
3	161322288	161343881	0
3	161343882	161356813	2
3	161356814	161357276	0
3	161357277	161376117	1
3	161376118	161413296	0
3	161413297	161421518	2
3	161421519	161425986	0
3	161425987	161462877	2
3	161462878	161465741	0
3	161465742	161498949	1
3	161498950	161519741	0
3	161519742	161534702	2
3	161534703	161575629	0
3	161575630	162003586	1
3	162003587	162028382	0
3	162028383	162035612	1
3	162035613	162057480	0
3	162057481	162059522	1
3	162059523	162075338	0
3	162075339	162080190	1
3	162080191	162084313	0
3	162084314	162147391	1
3	162147392	162165075	0
3	162165076	162167596	1
3	162167597	162181972	0
3	162181973	162194802	2
3	162194803	162346488	0
3	162346489	162470063	2
3	162470064	162480802	0
3	162480803	162581608	1
3	162581609	162692183	0
3	162692184	162787546	2
3	162787547	162791353	0
3	162791354	162872829	1
3	162872830	163329973	0
3	163329974	163477713	1
3	163477714	163552164	0
3	163552165	163555594	2
3	163555595	163570530	0
3	163570531	163656624	2
3	163656625	163664134	0
3	163664135	163702058	2
3	163702059	163703202	0
3	163703203	163748994	1
3	163748995	163767171	0
3	163767172	163786443	2
3	163786444	163787099	0
3	163787100	163847669	1
3	163847670	163850783	0
3	163850784	163935615	1
3	163935616	163950775	0
3	163950776	163986057	1
3	163986058	164002480	0
3	164002481	164002692	2
3	164002693	164039729	0
3	164039730	164095876	1
3	164095877	164174355	0
3	164174356	164222327	2
3	164222328	164230850	0
3	164230851	164239248	1
3	164239249	164248729	0
3	164248730	164260495	2
3	164260496	164274708	0
3	164274709	164279376	2
3	164279377	164343831	0
3	164343832	164366682	1
3	164366683	164376628	0
3	164376629	164388490	1
3	164388491	164424513	0
3	164424514	164425908	2
3	164425909	164665530	0
3	164665531	164711846	2
3	164711847	164715911	0
3	164715912	164728336	1
3	164728337	164822109	0
3	164822110	164843393	2
3	164843394	164937196	0
3	164937197	164964700	1
3	164964701	164966635	0
3	164966636	164986178	1
3	164986179	164986419	0
3	164986420	164988367	2
3	164988368	165020228	0
3	165020229	165039705	1
3	165039706	165245236	0
3	165245237	165360290	1
3	165360291	165412801	0
3	165412802	165477769	1
3	165477770	165520390	0
3	165520391	165537938	1
3	165537939	165679305	0
3	165679306	165700487	1
3	165700488	165713018	0
3	165713019	165741965	1
3	165741966	166743542	0
3	166743543	166746595	2
3	166746596	166983218	0
3	166983219	166994284	1
3	166994285	167184951	0
3	167184952	167185346	1
3	167185347	167219091	0
3	167219092	167219758	1
3	167219759	167225028	0
3	167225029	167225530	1
3	167225531	167270004	0
3	167270005	167270510	1
3	167270511	167442527	0
3	167442528	167443036	2
3	167443037	167513757	0
3	167513758	167514436	2
3	167514437	167579738	0
3	167579739	167580132	2
3	167580133	167758878	0
3	167758879	167759271	1
3	167759272	167787109	0
3	167787110	167789661	2
3	167789662	167957992	0
3	167957993	168033455	1
3	168033456	168097483	0
3	168097484	168111918	1
3	168111919	168124671	0
3	168124672	168132784	2
3	168132785	168345150	0
3	168345151	168482439	2
3	168482440	170033164	0
3	170033165	170040951	1
3	170040952	170252899	0
3	170252900	170253996	2
3	170253997	170298715	0
3	170298716	170300392	2
3	170300393	170354139	0
3	170354140	170362511	2
3	170362512	170364179	0
3	170364180	170378208	1
3	170378209	170380717	0
3	170380718	170392158	2
3	170392159	170399300	0
3	170399301	170438991	2
3	170438992	170443853	0
3	170443854	170455490	2
3	170455491	170458674	3
3	170458675	170473454	2
3	170473455	170475829	0
3	170475830	170477514	2
3	170477515	170550312	0
3	170550313	170558192	2
3	170558193	170879971	0
3	170879972	170955397	1
3	170955398	170994036	0
3	170994037	171013183	2
3	171013184	171015615	0
3	171015616	171030382	2
3	171030383	171037955	0
3	171037956	171050473	2
3	171050474	171092944	0
3	171092945	171134653	1
3	171134654	171145582	0
3	171145583	171166452	1
3	171166453	171213934	0
3	171213935	171219869	2
3	171219870	171276060	0
3	171276061	171286535	1
3	171286536	171294854	0
3	171294855	171342644	1
3	171342645	171597239	0
3	171597240	171604141	2
3	171604142	171743927	0
3	171743928	171790556	2
3	171790557	171832498	0
3	171832499	171868645	2
3	171868646	171878141	0
3	171878142	171957994	1
3	171957995	172154752	0
3	172154753	172183730	2
3	172183731	172195842	0
3	172195843	172207683	2
3	172207684	172374955	0
3	172374956	172434611	2
3	172434612	172510872	0
3	172510873	172526738	2
3	172526739	172527105	0
3	172527106	172537875	1
3	172537876	172550256	0
3	172550257	172558112	2
3	172558113	172563103	0
3	172563104	172566008	1
3	172566009	172567730	0
3	172567731	172574331	1
3	172574332	172692450	0
3	172692451	172804914	2
3	172804915	172856731	0
3	172856732	172880448	2
3	172880449	173165973	0
3	173165974	173166367	1
3	173166368	173241486	0
3	173241487	173249554	1
3	173249555	173264786	0
3	173264787	173265184	1
3	173265185	173269674	0
3	173269675	173270070	2
3	173270071	173371323	0
3	173371324	173371833	1
3	173371834	173798543	0
3	173798544	173838718	2
3	173838719	173839431	3
3	173839432	173871902	2
3	173871903	173884285	0
3	173884286	173947016	1
3	173947017	173950611	0
3	173950612	173953682	1
3	173953683	173953867	0
3	173953868	173963627	2
3	173963628	173969271	0
3	173969272	174019764	2
3	174019765	175144493	0
3	175144494	175279759	2
3	175279760	175301877	0
3	175301878	175327687	1
3	175327688	175408627	0
3	175408628	175417608	2
3	175417609	175420037	0
3	175420038	175426393	1
3	175426394	175426750	0
3	175426751	175445220	2
3	175445221	175450977	0
3	175450978	175464115	2
3	175464116	175473076	0
3	175473077	175479393	1
3	175479394	175493696	0
3	175493697	175538961	2
3	175538962	175548172	0
3	175548173	175552945	2
3	175552946	175553043	0
3	175553044	175601125	1
3	175601126	175629372	0
3	175629373	175630046	2
3	175630047	175631879	0
3	175631880	175644986	1
3	175644987	175645279	0
3	175645280	175654705	1
3	175654706	175701278	0
3	175701279	175708517	1
3	175708518	175709120	3
3	175709121	175709463	1
3	175709464	175838992	0
3	175838993	175857981	2
3	175857982	175885892	0
3	175885893	176099985	2
3	176099986	176102349	0
3	176102350	176124304	2
3	176124305	176125480	0
3	176125481	176144529	1
3	176144530	176162884	0
3	176162885	176197751	1
3	176197752	176217126	0
3	176217127	176223643	2
3	176223644	176230376	0
3	176230377	176246951	2
3	176246952	176279995	0
3	176279996	176282209	1
3	176282210	176415912	0
3	176415913	176431421	1
3	176431422	176439197	0
3	176439198	176443193	2
3	176443194	176444542	0
3	176444543	176465160	1
3	176465161	176475891	0
3	176475892	176489923	2
3	176489924	176494766	0
3	176494767	176526016	2
3	176526017	176527514	0
3	176527515	176548206	1
3	176548207	176589904	0
3	176589905	176644949	1
3	176644950	176657105	0
3	176657106	176666280	1
3	176666281	176691327	0
3	176691328	176692269	2
3	176692270	176698303	0
3	176698304	176706894	1
3	176706895	176709741	0
3	176709742	176716144	1
3	176716145	176721825	0
3	176721826	176725835	2
3	176725836	176731767	0
3	176731768	176744375	1
3	176744376	176753858	0
3	176753859	176791958	1
3	176791959	176808015	0
3	176808016	176816160	1
3	176816161	176818435	0
3	176818436	176856529	2
3	176856530	176859149	0
3	176859150	176865101	1
3	176865102	176865154	0
3	176865155	176881547	2
3	176881548	176882025	0
3	176882026	176884348	2
3	176884349	176890804	0
3	176890805	176958878	1
3	176958879	176985898	0
3	176985899	176987794	2
3	176987795	176989670	0
3	176989671	177008417	2
3	177008418	177013602	0
3	177013603	177043900	2
3	177043901	177066012	0
3	177066013	177078592	1
3	177078593	177078707	0
3	177078708	177089197	1
3	177089198	177091455	0
3	177091456	177095595	1
3	177095596	177098071	0
3	177098072	177162914	2
3	177162915	177164357	0
3	177164358	177166735	2
3	177166736	177177308	0
3	177177309	177179125	1
3	177179126	177188042	0
3	177188043	177195892	2
3	177195893	177196685	0
3	177196686	177201523	1
3	177201524	177204832	0
3	177204833	177205834	1
3	177205835	177225735	0
3	177225736	177231661	2
3	177231662	177310751	0
3	177310752	177341545	2
3	177341546	177351516	0
3	177351517	177371466	2
3	177371467	177374810	0
3	177374811	177379006	2
3	177379007	177397890	0
3	177397891	177398383	2
