<CHROM>	<START>	<END>	<TSB>
7	0	380739	0
7	380740	381730	2
7	381731	1122565	0
7	1122566	1188207	1
7	1188208	1206646	0
7	1206647	1288132	2
7	1288133	1390450	0
7	1390451	1392453	1
7	1392454	1720158	0
7	1720159	1722457	2
7	1722458	1737801	0
7	1737802	1738640	1
7	1738641	2300432	0
7	2300433	2301080	2
7	2301081	2351931	0
7	2351932	2353873	1
7	2353874	2412361	0
7	2412362	2431195	1
7	2431196	2435551	0
7	2435552	2451163	2
7	2451164	2458262	0
7	2458263	2470672	2
7	2470673	2479309	0
7	2479310	2497011	2
7	2497012	2504693	0
7	2504694	2511747	2
7	2511748	2529075	0
7	2529076	2547060	2
7	2547061	2554306	0
7	2554307	2588841	1
7	2588842	2605717	0
7	2605718	2621850	2
7	2621851	2621959	0
7	2621960	2623779	1
7	2623780	2635741	0
7	2635742	2642846	2
7	2642847	2643286	0
7	2643287	2667626	2
7	2667627	2675795	0
7	2675796	2677197	1
7	2677198	2689499	0
7	2689500	2690934	2
7	2690935	2691367	0
7	2691368	2707739	2
7	2707740	2710607	0
7	2710608	2712721	1
7	2712722	2718698	0
7	2718699	2736155	2
7	2736156	2737763	0
7	2737764	2742367	2
7	2742368	2752678	0
7	2752679	2778961	2
7	2778962	2780928	0
7	2780929	2786947	1
7	2786948	2795899	0
7	2795900	2813873	2
7	2813874	2813885	3
7	2813886	2819297	1
7	2819298	2820005	0
7	2820006	2825606	1
7	2825607	2827245	0
7	2827246	2852679	2
7	2852680	2875907	0
7	2875908	2904451	2
7	2904452	2906135	0
7	2906136	2909177	1
7	2909178	2909702	0
7	2909703	2912489	1
7	2912490	2924601	0
7	2924602	2941120	1
7	2941121	2961440	0
7	2961441	2961871	1
7	2961872	2968433	0
7	2968434	2972519	1
7	2972520	2972898	0
7	2972899	2973975	1
7	2973976	2979586	0
7	2979587	2987053	1
7	2987054	2989338	0
7	2989339	3010348	1
7	3010349	3061467	0
7	3061468	3074357	1
7	3074358	3098243	0
7	3098244	3102140	1
7	3102141	3104549	0
7	3104550	3123295	1
7	3123296	3124952	0
7	3124953	3132455	1
7	3132456	3133504	0
7	3133505	3143825	2
7	3143826	3143909	3
7	3143910	3170144	1
7	3170145	3173285	0
7	3173286	3193992	2
7	3193993	3216495	0
7	3216496	3224199	2
7	3224200	3224831	0
7	3224832	3229165	1
7	3229166	3230318	0
7	3230319	3242263	2
7	3242264	3242989	0
7	3242990	3246069	1
7	3246070	3246218	0
7	3246219	3300453	2
7	3300454	3306861	0
7	3306862	3315854	1
7	3315855	3320101	0
7	3320102	3335580	2
7	3335581	3335740	0
7	3335741	3342489	1
7	3342490	3342628	0
7	3342629	3346236	1
7	3346237	3355114	0
7	3355115	3383877	2
7	3383878	3384673	3
7	3384674	3386520	1
7	3386521	3425910	0
7	3425911	3426848	2
7	3426849	3450048	0
7	3450049	3450986	1
7	3450987	3498766	0
7	3498767	3499695	1
7	3499696	3630948	0
7	3630949	3631565	2
7	3631566	3706286	0
7	3706287	3707224	1
7	3707225	3751194	0
7	3751195	3752132	1
7	3752133	3804086	0
7	3804087	3805021	1
7	3805022	3874133	0
7	3874134	3875065	1
7	3875066	3900226	0
7	3900227	3901161	2
7	3901162	4182561	0
7	4182562	4183523	1
7	4183524	4215896	0
7	4215897	4216831	1
7	4216832	4292415	0
7	4292416	4293350	1
7	4293351	4620031	0
7	4620032	4621741	2
7	4621742	4713597	0
7	4713598	4714532	2
7	4714533	4951745	0
7	4951746	4952582	2
7	4952583	5105768	0
7	5105769	5106706	1
7	5106707	5167965	0
7	5167966	5168900	1
7	5168901	5195003	0
7	5195004	5195953	1
7	5195954	5250503	0
7	5250504	5251462	1
7	5251463	5324467	0
7	5324468	5325411	2
7	5325412	5401506	0
7	5401507	5402441	2
7	5402442	5450322	0
7	5450323	5451260	1
7	5451261	5593733	0
7	5593734	5594668	2
7	5594669	5655643	0
7	5655644	5658403	2
7	5658404	5817679	0
7	5817680	5818623	1
7	5818624	6068008	0
7	6068009	6068952	2
7	6068953	6096688	0
7	6096689	6097638	2
7	6097639	6215741	0
7	6215742	6216679	2
7	6216680	6625339	0
7	6625340	6626283	1
7	6626284	6644641	0
7	6644642	6645585	2
7	6645586	6690736	0
7	6690737	6691677	1
7	6691678	6753409	0
7	6753410	6754347	1
7	6754348	6802363	0
7	6802364	6803316	1
7	6803317	6935731	0
7	6935732	6936675	1
7	6936676	6970614	0
7	6970615	6971555	1
7	6971556	7068701	0
7	7068702	7069639	2
7	7069640	7188674	0
7	7188675	7189597	1
7	7189598	7310311	0
7	7310312	7311270	1
7	7311271	7461107	0
7	7461108	7461952	2
7	7461953	7616520	0
7	7616521	7617497	1
7	7617498	7753038	0
7	7753039	7753976	1
7	7753977	8059424	0
7	8059425	8060371	1
7	8060372	8210180	0
7	8210181	8211076	2
7	8211077	8809712	0
7	8809713	8810647	1
7	8810648	9103779	0
7	9103780	9104717	1
7	9104718	9135533	0
7	9135534	9136513	1
7	9136514	9173372	0
7	9173373	9174328	1
7	9174329	9192177	0
7	9192178	9193139	1
7	9193140	9262980	0
7	9262981	9263918	2
7	9263919	9279618	0
7	9279619	9280556	2
7	9280557	9294707	0
7	9294708	9295645	2
7	9295646	9341611	0
7	9341612	9342549	2
7	9342550	9392331	0
7	9392332	9393278	1
7	9393279	9426557	0
7	9426558	9427504	1
7	9427505	9464581	0
7	9464582	9465525	1
7	9465526	9484969	0
7	9484970	9485928	1
7	9485929	9591057	0
7	9591058	9591998	1
7	9591999	9629641	0
7	9629642	9630609	1
7	9630610	9699959	0
7	9699960	9711926	1
7	9711927	9747373	0
7	9747374	9834705	1
7	9834706	9897981	0
7	9897982	9900430	2
7	9900431	9974623	0
7	9974624	9976365	1
7	9976366	10064412	0
7	10064413	10068530	1
7	10068531	10418600	0
7	10418601	10430990	1
7	10430991	10498062	0
7	10498063	10500390	1
7	10500391	10585875	0
7	10585876	10588200	1
7	10588201	10771126	0
7	10771127	10773885	1
7	10773886	10894117	0
7	10894118	10896445	1
7	10896446	10917365	0
7	10917366	10936413	1
7	10936414	10937597	0
7	10937598	10943061	2
7	10943062	10962328	0
7	10962329	10988135	2
7	10988136	10988530	0
7	10988531	11003783	1
7	11003784	11013679	0
7	11013680	11018158	1
7	11018159	11033315	0
7	11033316	11047435	2
7	11047436	11054331	0
7	11054332	11077249	2
7	11077250	11077409	0
7	11077410	11079685	2
7	11079686	11081534	0
7	11081535	11091582	2
7	11091583	11095466	0
7	11095467	11119939	2
7	11119940	11152036	0
7	11152037	11177662	2
7	11177663	11181384	0
7	11181385	11182277	2
7	11182278	11183568	0
7	11183569	11186128	1
7	11186129	11191129	0
7	11191130	11195864	1
7	11195865	11201688	0
7	11201689	11213611	2
7	11213612	11215326	0
7	11215327	11216973	2
7	11216974	11217088	3
7	11217089	11223647	1
7	11223648	11238628	0
7	11238629	11243308	2
7	11243309	11245873	0
7	11245874	11250706	2
7	11250707	11253178	0
7	11253179	11257975	1
7	11257976	11261199	0
7	11261200	11266628	1
7	11266629	11267216	0
7	11267217	11294247	1
7	11294248	11295890	0
7	11295891	11314422	2
7	11314423	11315613	3
7	11315614	11319514	1
7	11319515	11321055	0
7	11321056	11323575	2
7	11323576	11325252	0
7	11325253	11330276	1
7	11330277	11335476	0
7	11335477	11353711	1
7	11353712	11356116	0
7	11356117	11380911	2
7	11380912	11383114	0
7	11383115	11386946	2
7	11386947	11392435	0
7	11392436	11400803	1
7	11400804	11401499	0
7	11401500	11406769	1
7	11406770	11414444	0
7	11414445	11428550	2
7	11428551	11432047	0
7	11432048	11444784	1
7	11444785	11458965	0
7	11458966	11478487	1
7	11478488	11490850	0
7	11490851	11499280	2
7	11499281	11501144	0
7	11501145	11513579	1
7	11513580	11521996	0
7	11521997	11539317	2
7	11539318	11545022	0
7	11545023	11553368	2
7	11553369	11556190	0
7	11556191	11561054	2
7	11561055	11582982	0
7	11582983	11628927	2
7	11628928	11646267	0
7	11646268	11648320	1
7	11648321	11660932	0
7	11660933	11675470	2
7	11675471	11677338	0
7	11677339	11678440	2
7	11678441	11678589	0
7	11678590	11699446	1
7	11699447	11712186	0
7	11712187	11724841	1
7	11724842	11724960	0
7	11724961	11727386	2
7	11727387	11737291	0
7	11737292	11746701	2
7	11746702	11752410	0
7	11752411	11754506	1
7	11754507	11769398	0
7	11769399	11774385	2
7	11774386	11775153	0
7	11775154	11777501	1
7	11777502	11777824	0
7	11777825	11783847	1
7	11783848	11784339	0
7	11784340	11786103	2
7	11786104	11786473	3
7	11786474	11824740	1
7	11824741	11838637	0
7	11838638	11873982	2
7	11873983	11875844	0
7	11875845	11878235	1
7	11878236	11878941	0
7	11878942	11896221	2
7	11896222	11908105	0
7	11908106	11919154	2
7	11919155	11930133	0
7	11930134	11942797	2
7	11942798	11944956	0
7	11944957	11963266	1
7	11963267	11969718	0
7	11969719	11982139	1
7	11982140	11992541	0
7	11992542	11998971	2
7	11998972	12006708	0
7	12006709	12016522	2
7	12016523	12022283	0
7	12022284	12041699	2
7	12041700	12043792	0
7	12043793	12063648	2
7	12063649	12068245	0
7	12068246	12085224	1
7	12085225	12144160	0
7	12144161	12168408	2
7	12168409	12171183	0
7	12171184	12175833	2
7	12175834	12179201	0
7	12179202	12186654	2
7	12186655	12192086	0
7	12192087	12198549	2
7	12198550	12212909	0
7	12212910	12221328	1
7	12221329	12229377	0
7	12229378	12233655	2
7	12233656	12234242	3
7	12234243	12234574	2
7	12234575	12240058	0
7	12240059	12246727	1
7	12246728	12247496	0
7	12247497	12255717	2
7	12255718	12256385	0
7	12256386	12258466	2
7	12258467	12258511	3
7	12258512	12275607	1
7	12275608	12282107	0
7	12282108	12283606	1
7	12283607	12290400	0
7	12290401	12311147	1
7	12311148	12314846	0
7	12314847	12317996	2
7	12317997	12318755	0
7	12318756	12326390	1
7	12326391	12331414	0
7	12331415	12346473	1
7	12346474	12382634	0
7	12382635	12393264	1
7	12393265	12398198	0
7	12398199	12399908	1
7	12399909	12401205	0
7	12401206	12405020	1
7	12405021	12414731	0
7	12414732	12424365	1
7	12424366	12426807	0
7	12426808	12432128	1
7	12432129	12433931	0
7	12433932	12440749	2
7	12440750	12441046	3
7	12441047	12457511	1
7	12457512	12471822	0
7	12471823	12516350	2
7	12516351	12518652	3
7	12518653	12519152	1
7	12519153	12532893	0
7	12532894	12536789	2
7	12536790	12541059	0
7	12541060	12542711	1
7	12542712	12632296	3
7	12632297	12652413	1
7	12652414	12663817	3
7	12663818	12764991	1
7	12764992	12771307	3
7	12771308	12782489	1
7	12782490	12787748	3
7	12787749	12793709	1
7	12793710	12798866	0
7	12798867	12804281	2
7	12804282	12804917	0
7	12804918	12810568	1
7	12810569	12820838	0
7	12820839	12828332	2
7	12828333	12829783	0
7	12829784	12831673	1
7	12831674	12840936	0
7	12840937	12851151	2
7	12851152	12851737	0
7	12851738	12874213	1
7	12874214	12875535	0
7	12875536	12882751	1
7	12882752	12893430	0
7	12893431	12899002	1
7	12899003	12899956	0
7	12899957	12905337	1
7	12905338	12912261	0
7	12912262	12918171	1
7	12918172	12918708	0
7	12918709	12922110	1
7	12922111	12941992	0
7	12941993	12946979	2
7	12946980	12948950	0
7	12948951	12971172	2
7	12971173	12974167	0
7	12974168	12976328	2
7	12976329	13013539	0
7	13013540	13023512	2
7	13023513	13039779	0
7	13039780	13055630	2
7	13055631	13062194	0
7	13062195	13070278	2
7	13070279	13104479	0
7	13104480	13108721	1
7	13108722	13151590	0
7	13151591	13184255	2
7	13184256	13318531	0
7	13318532	13337856	2
7	13337857	13378336	0
7	13378337	13379271	2
7	13379272	13403897	0
7	13403898	13404856	1
7	13404857	13424353	0
7	13424354	13425309	1
7	13425310	13460474	0
7	13460475	13461403	1
7	13461404	13488203	0
7	13488204	13489135	1
7	13489136	13530571	0
7	13530572	13531524	1
7	13531525	13553008	0
7	13553009	13553961	1
7	13553962	13587477	0
7	13587478	13588409	1
7	13588410	13631973	0
7	13631974	13632905	2
7	13632906	13673932	0
7	13673933	13674864	2
7	13674865	13698645	0
7	13698646	13699607	2
7	13699608	13730251	0
7	13730252	13751269	1
7	13751270	13881581	0
7	13881582	13887852	2
7	13887853	13913927	0
7	13913928	13919418	2
7	13919419	13938300	0
7	13938301	13945128	2
7	13945129	13996964	0
7	13996965	13997905	2
7	13997906	14037618	0
7	14037619	14043777	2
7	14043778	14044584	0
7	14044585	14054637	1
7	14054638	14116729	0
7	14116730	14117685	1
7	14117686	14138493	0
7	14138494	14170544	1
7	14170545	14170816	3
7	14170817	14189686	1
7	14189687	14212468	0
7	14212469	14217776	1
7	14217777	14222099	0
7	14222100	14303053	1
7	14303054	14324102	0
7	14324103	14369819	1
7	14369820	14374356	0
7	14374357	14402008	1
7	14402009	14403590	0
7	14403591	14418948	1
7	14418949	14429699	0
7	14429700	14435965	1
7	14435966	14441474	0
7	14441475	14515210	2
7	14515211	14529480	0
7	14529481	14574359	2
7	14574360	14589518	0
7	14589519	14614867	2
7	14614868	14643702	0
7	14643703	14644663	2
7	14644664	14743006	0
7	14743007	14743967	2
7	14743968	14821689	0
7	14821690	14828515	2
7	14828516	14865939	0
7	14865940	14880082	2
7	14880083	14890999	0
7	14891000	14907303	2
7	14907304	15024691	0
7	15024692	15027931	1
7	15027932	15069252	0
7	15069253	15073050	1
7	15073051	15159420	0
7	15159421	15163864	1
7	15163865	15179465	0
7	15179466	15190794	1
7	15190795	15198938	0
7	15198939	15225408	1
7	15225409	15242225	0
7	15242226	15250409	2
7	15250410	15279609	0
7	15279610	15283110	2
7	15283111	15298543	0
7	15298544	15301380	1
7	15301381	15360698	0
7	15360699	15364201	1
7	15364202	15385866	0
7	15385867	15386417	2
7	15386418	15422477	0
7	15422478	15425800	2
7	15425801	15479760	0
7	15479761	15483832	1
7	15483833	15523924	0
7	15523925	15621987	1
7	15621988	15622943	3
7	15622944	15628663	1
7	15628664	15629598	3
7	15629599	15706891	1
7	15706892	15722175	0
7	15722176	15723125	1
7	15723126	15785408	0
7	15785409	15790364	2
7	15790365	15821035	0
7	15821036	15821925	1
7	15821926	15850983	0
7	15850984	15852928	1
7	15852929	15856306	0
7	15856307	15856674	1
7	15856675	16009637	0
7	16009638	16010572	1
7	16010573	16035248	0
7	16035249	16036183	1
7	16036184	16067877	0
7	16067878	16068821	1
7	16068822	16304952	0
7	16304953	16305914	2
7	16305915	16363597	0
7	16363598	16364577	2
7	16364578	16394352	0
7	16394353	16395290	2
7	16395291	16404753	0
7	16404754	16405749	2
7	16405750	16431590	0
7	16431591	16432736	1
7	16432737	16461897	0
7	16461898	16462841	2
7	16462842	16958032	0
7	16958033	16966828	2
7	16966829	17502342	0
7	17502343	17520778	1
7	17520779	17852182	0
7	17852183	17859651	1
7	17859652	17956629	0
7	17956630	17957552	2
7	17957553	18068058	0
7	18068059	18069041	2
7	18069042	18120713	0
7	18120714	18121633	2
7	18121634	18174789	0
7	18174790	18180703	1
7	18180704	18310622	0
7	18310623	18311999	2
7	18312000	18409145	0
7	18409146	18439010	2
7	18439011	18440740	0
7	18440741	18491446	2
7	18491447	18497805	0
7	18497806	18500415	2
7	18500416	18510352	0
7	18510353	18515501	2
7	18515502	18516510	0
7	18516511	18554225	1
7	18554226	18559203	0
7	18559204	18585311	1
7	18585312	18598878	0
7	18598879	18612145	1
7	18612146	18627806	0
7	18627807	18634077	1
7	18634078	18668690	0
7	18668691	18681937	2
7	18681938	18682069	0
7	18682070	18683438	1
7	18683439	18683551	0
7	18683552	18696328	2
7	18696329	18700342	0
7	18700343	18706242	2
7	18706243	18792745	0
7	18792746	18793287	1
7	18793288	19074188	0
7	19074189	19088970	1
7	19088971	20068972	0
7	20068973	20070770	1
7	20070771	20117013	0
7	20117014	20118464	1
7	20118465	20262678	0
7	20262679	20480451	2
7	20480452	22927794	0
7	22927795	22943157	1
7	22943158	23012068	0
7	23012069	23017422	2
7	23017423	23403889	0
7	23403890	23544213	2
7	23544214	23594131	3
7	23594132	23808600	2
7	23808601	23815243	0
7	23815244	23843632	1
7	23843633	23854844	0
7	23854845	23911951	2
7	23911952	23913828	0
7	23913829	23933189	2
7	23933190	23947763	0
7	23947764	23948200	1
7	23948201	23952644	0
7	23952645	23953000	1
7	23953001	23960376	0
7	23960377	23985523	2
7	23985524	23988774	0
7	23988775	24004772	1
7	24004773	24043124	0
7	24043125	24313883	1
7	24313884	24534613	0
7	24534614	24634095	2
7	24634096	24638206	0
7	24638207	24647081	2
7	24647082	24648253	3
7	24648254	24668248	1
7	24668249	24745049	0
7	24745050	24851225	1
7	24851226	24859048	0
7	24859049	24885773	1
7	24885774	24939496	0
7	24939497	24947593	2
7	24947594	25039333	0
7	25039334	25113662	2
7	25113663	25737977	0
7	25737978	25743535	1
7	25743536	25808417	0
7	25808418	25907847	2
7	25907848	25919865	0
7	25919866	26012342	2
7	26012343	26139662	0
7	26139663	26144464	1
7	26144465	26256457	0
7	26256458	26306124	2
7	26306125	26311092	0
7	26311093	26361219	1
7	26361220	26375864	0
7	26375865	26425106	2
7	26425107	26440457	0
7	26440458	26457610	2
7	26457611	26472286	0
7	26472287	26478187	1
7	26478188	26522312	0
7	26522313	26607859	2
7	26607860	26645420	0
7	26645421	26859714	1
7	26859715	26946123	0
7	26946124	26984398	1
7	26984399	27081665	0
7	27081666	27097477	2
7	27097478	27108114	0
7	27108115	27136650	1
7	27136651	27174880	0
7	27174881	27192880	2
7	27192881	27193996	0
7	27193997	27214234	1
7	27214235	27221150	0
7	27221151	27224272	2
7	27224273	27226567	0
7	27226568	27240531	1
7	27240532	27240874	0
7	27240875	27307578	2
7	27307579	27309964	0
7	27309965	27363392	2
7	27363393	27369851	0
7	27369852	27438349	1
7	27438350	27442169	3
7	27442170	27552076	1
7	27552077	27620456	0
7	27620457	27786997	2
7	27786998	28038660	0
7	28038661	28040508	1
7	28040509	28066633	0
7	28066634	28129767	2
7	28129768	28412196	0
7	28412197	28486607	2
7	28486608	28654705	0
7	28654706	28654731	1
7	28654732	28657520	3
7	28657521	28701688	1
7	28701689	28715222	3
7	28715223	28743324	2
7	28743325	28762415	0
7	28762416	28809278	2
7	28809279	28898647	0
7	28898648	28932639	1
7	28932640	28956510	0
7	28956511	29022866	2
7	29022867	29029261	0
7	29029262	29043914	2
7	29043915	29044249	3
7	29044250	29070926	1
7	29070927	29086154	0
7	29086155	29171781	1
7	29171782	29225725	0
7	29225726	29233390	1
7	29233391	29281250	0
7	29281251	29282037	1
7	29282038	29282303	0
7	29282304	29293397	2
7	29293398	29296961	0
7	29296962	29378078	1
7	29378079	29435442	0
7	29435443	29477945	2
7	29477946	29492014	0
7	29492015	29701719	1
7	29701720	29909118	0
7	29909119	29909612	2
7	29909613	29949035	0
7	29949036	29949601	1
7	29949602	29959595	0
7	29959596	29986161	1
7	29986162	30003427	0
7	30003428	30162054	1
7	30162055	30216102	0
7	30216103	30274982	1
7	30274983	30291085	0
7	30291086	30344443	1
7	30344444	30377358	0
7	30377359	30397928	1
7	30397929	30408517	0
7	30408518	30455781	2
7	30455782	30699474	0
7	30699475	31681180	2
7	31681181	31699883	0
7	31699884	31784190	1
7	31784191	31784436	0
7	31784437	31803192	2
7	31803193	31816600	0
7	31816601	31824069	1
7	31824070	31847408	0
7	31847409	31872421	1
7	31872422	32193084	0
7	32193085	32193416	2
7	32193417	33543826	0
7	33543827	33584562	1
7	33584563	33702768	0
7	33702769	33793563	1
7	33793564	33858438	0
7	33858439	33916336	1
7	33916337	34001504	0
7	34001505	34079614	2
7	34079615	34086218	0
7	34086219	34121692	1
7	34121693	34288363	0
7	34288364	34320233	2
7	34320234	34326085	0
7	34326086	34356411	2
7	34356412	34361631	0
7	34361632	34402736	1
7	34402737	34406316	3
7	34406317	34477930	2
7	34477931	34478329	0
7	34478330	34485032	1
7	34485033	34533541	0
7	34533542	34649479	2
7	34649480	34744481	0
7	34744482	34759204	2
7	34759205	34762229	0
7	34762230	34789477	1
7	34789478	34888489	0
7	34888490	34951642	1
7	34951643	34952009	0
7	34952010	35063927	2
7	35063928	35069812	0
7	35069813	35122794	2
7	35122795	35125422	0
7	35125423	35167404	2
7	35167405	35309263	0
7	35309264	35543757	2
7	35543758	35549868	0
7	35549869	35550245	1
7	35550246	35773926	0
7	35773927	35847615	2
7	35847616	35850396	0
7	35850397	36000904	1
7	36000905	36290231	0
7	36290232	36290386	2
7	36290387	36395663	0
7	36395664	36408586	1
7	36408587	36495478	0
7	36495479	36499782	1
7	36499783	36573652	0
7	36573653	36597460	1
7	36597461	36610145	0
7	36610146	36640187	2
7	36640188	36643914	0
7	36643915	36660139	1
7	36660140	36826358	0
7	36826359	36826786	2
7	36826787	37018457	0
7	37018458	37186730	2
7	37186731	37812829	0
7	37812830	37815086	2
7	37815087	38742049	0
7	38742050	38782321	2
7	38782322	38819769	0
7	38819770	38826860	2
7	38826861	38858060	0
7	38858061	38865513	2
7	38865514	38897276	0
7	38897277	38934983	2
7	38934984	38945834	0
7	38945835	38947566	2
7	38947567	40171961	0
7	40171962	40217054	1
7	40217055	40217267	0
7	40217268	40304986	2
7	40304987	40306325	3
7	40306326	40316530	1
7	40316531	40316637	0
7	40316638	40350472	2
7	40350473	41114695	0
7	41114696	41220577	2
7	41220578	41304438	0
7	41304439	41404368	2
7	41404369	41475161	0
7	41475162	41479390	2
7	41479391	42269782	0
7	42269783	42351052	2
7	42351053	43601511	0
7	43601512	43602283	2
7	43602284	44009067	0
7	44009068	44024454	2
7	44024455	44111149	0
7	44111150	44121128	1
7	44121129	44146235	0
7	44146236	44181199	2
7	44181200	44751871	0
7	44751872	44771456	1
7	44771457	45056397	0
7	45056398	45185688	1
7	45185689	45328103	0
7	45328104	45382227	2
7	45382228	47181979	0
7	47181980	47586135	1
7	47586136	47847820	0
7	47847821	47928058	1
7	47928059	47928672	3
7	47928673	47934927	2
7	47934928	48867662	0
7	48867663	49042453	2
7	49042454	49047011	0
7	49047012	49250955	1
7	49250956	49385703	0
7	49385704	49656854	2
7	49656855	49729531	0
7	49729532	49732762	1
7	49732763	49739644	0
7	49739645	49741538	1
7	49741539	49763655	0
7	49763656	50034930	1
7	50034931	50084058	0
7	50084059	50638796	1
7	50638797	51273769	0
7	51273770	51353066	1
7	51353067	51404917	0
7	51404918	51515371	1
7	51515372	51794171	0
7	51794172	51935140	2
7	51935141	52165231	0
7	52165232	52404772	1
7	52404773	53275674	0
7	53275675	53316479	2
7	53316480	53630619	0
7	53630620	53649308	2
7	53649309	53653114	0
7	53653115	53714877	1
7	53714878	53878608	0
7	53878609	54027890	2
7	54027891	54031314	0
7	54031315	54034348	2
7	54034349	54213317	0
7	54213318	54236623	2
7	54236624	54247458	0
7	54247459	54249662	2
7	54249663	54756041	0
7	54756042	54767469	2
7	54767470	54767825	0
7	54767826	54778846	1
7	54778847	54795258	0
7	54795259	54823954	1
7	54823955	54828555	0
7	54828556	54855555	1
7	54855556	54859102	0
7	54859103	54917321	2
7	54917322	54980118	0
7	54980119	55159349	2
7	55159350	55600887	0
7	55600888	55604401	1
7	55604402	57253021	0
7	57253022	57679793	1
7	57679794	57800399	0
7	57800400	57816619	1
7	57816620	58042279	0
7	58042280	58149059	1
7	58149060	58164196	0
7	58164197	58219788	1
7	58219789	58261990	0
7	58261991	58286768	1
7	58286769	58316512	0
7	58316513	58343143	1
7	58343144	58354580	0
7	58354581	58365311	1
7	58365312	58366190	0
7	58366191	58423579	2
7	58423580	58448275	0
7	58448276	58570577	1
7	58570578	58580842	3
7	58580843	58587785	1
7	58587786	58814803	0
7	58814804	58847561	2
7	58847562	59039718	0
7	59039719	59138766	2
7	59138767	59139908	3
7	59139909	59325945	2
7	59325946	59326516	0
7	59326517	59425716	2
7	59425717	59461797	0
7	59461798	59462454	1
7	59462455	59463638	3
7	59463639	59514937	1
7	59514938	59527122	0
7	59527123	59587383	1
7	59587384	59762500	0
7	59762501	59763217	1
7	59763218	59799417	0
7	59799418	59882075	1
7	59882076	59928424	0
7	59928425	59957230	1
7	59957231	60015996	0
7	60015997	60057150	2
7	60057151	60087427	0
7	60087428	60088248	2
7	60088249	60099118	0
7	60099119	60100515	2
7	60100516	60109972	0
7	60109973	60122803	1
7	60122804	60128506	0
7	60128507	60210516	1
7	60210517	60287529	0
7	60287530	60294794	1
7	60294795	60305004	0
7	60305005	60309876	1
7	60309877	60316043	0
7	60316044	60323607	2
7	60323608	60335967	0
7	60335968	60341262	1
7	60341263	60385686	0
7	60385687	60416923	1
7	60416924	60654348	0
7	60654349	60714618	2
7	60714619	60719064	0
7	60719065	60743326	1
7	60743327	60765077	0
7	60765078	60778134	1
7	60778135	60781727	0
7	60781728	60825240	1
7	60825241	60853928	0
7	60853929	60860988	1
7	60860989	60987514	0
7	60987515	60988122	1
7	60988123	61165638	0
7	61165639	61200877	2
7	61200878	61236035	0
7	61236036	61240500	2
7	61240501	61337379	0
7	61337380	61341417	2
7	61341418	61786307	0
7	61786308	61798727	1
7	61798728	62124360	0
7	62124361	62162451	1
7	62162452	62317448	0
7	62317449	62317618	1
7	62317619	62850513	0
7	62850514	62972082	1
7	62972083	62996334	0
7	62996335	63045726	1
7	63045727	63094909	0
7	63094910	63165157	2
7	63165158	63352044	0
7	63352045	63352665	2
7	63352666	63361694	0
7	63361695	63407239	1
7	63407240	63467214	0
7	63467215	63499351	2
7	63499352	63513908	0
7	63513909	63578488	1
7	63578489	63655245	0
7	63655246	63687976	1
7	63687977	63690051	0
7	63690052	63728986	1
7	63728987	63747575	0
7	63747576	63860618	2
7	63860619	63922877	0
7	63922878	63936383	2
7	63936384	63973277	0
7	63973278	64251108	1
7	64251109	64292464	0
7	64292465	64293777	2
7	64293778	64326463	0
7	64326464	64341205	1
7	64341206	64672720	0
7	64672721	64860664	2
7	64860665	64864153	3
7	64864154	64864402	2
7	64864403	64887446	1
7	64887447	64923613	0
7	64923614	64982279	1
7	64982280	64987857	0
7	64987858	65002453	2
7	65002454	65005789	0
7	65005790	65008821	2
7	65008822	65159942	0
7	65159943	65275406	1
7	65275407	65616175	0
7	65616176	65653050	2
7	65653051	65718932	0
7	65718933	65720235	2
7	65720236	66017084	0
7	66017085	66172358	1
7	66172359	66595740	0
7	66595741	66687276	2
7	66687277	66717265	0
7	66717266	66792490	2
7	66792491	66843863	0
7	66843864	67116978	1
7	67116979	67341078	0
7	67341079	67345306	1
7	67345307	68446191	0
7	68446192	68549761	1
7	68549762	69070469	0
7	69070470	69104948	1
7	69104949	69213145	0
7	69213146	69263140	2
7	69263141	69982243	0
7	69982244	69982590	1
7	69982591	70183623	0
7	70183624	70198653	1
7	70198654	70283708	0
7	70283709	70288566	2
7	70288567	70292563	0
7	70292564	70310586	2
7	70310587	70311948	0
7	70311949	70319344	1
7	70319345	70321075	0
7	70321076	70328146	1
7	70328147	70328389	0
7	70328390	70333164	2
7	70333165	70335059	0
7	70335060	70340003	2
7	70340004	70343525	0
7	70343526	70348778	1
7	70348779	70349861	0
7	70349862	70352249	2
7	70352250	70352416	3
7	70352417	70355617	1
7	70355618	70364811	0
7	70364812	70377420	2
7	70377421	70380309	0
7	70380310	70407175	1
7	70407176	70445364	0
7	70445365	70445690	2
7	70445691	70452365	0
7	70452366	70452577	1
7	70452578	70452673	3
7	70452674	70459530	2
7	70459531	70459878	3
7	70459879	70467913	1
7	70467914	70469310	0
7	70469311	70476338	1
7	70476339	70476727	0
7	70476728	70481794	1
7	70481795	70483940	0
7	70483941	70498993	1
7	70498994	70513341	0
7	70513342	70556017	1
7	70556018	70556825	3
7	70556826	70571433	2
7	70571434	70572612	3
7	70572613	70577145	1
7	70577146	70580196	0
7	70580197	70585011	2
7	70585012	70585082	3
7	70585083	70602308	1
7	70602309	70612101	0
7	70612102	70620764	2
7	70620765	70620787	3
7	70620788	70620888	2
7	70620889	70630336	1
7	70630337	70640073	0
7	70640074	70643167	1
7	70643168	70646517	0
7	70646518	70661889	1
7	70661890	70697048	0
7	70697049	70805219	2
7	70805220	70807865	0
7	70807866	70815268	2
7	70815269	70821955	0
7	70821956	70824083	2
7	70824084	70824713	0
7	70824714	70829813	1
7	70829814	70833661	0
7	70833662	70842403	1
7	70842404	70846342	0
7	70846343	70926901	1
7	70926902	70946226	0
7	70946227	70961573	2
7	70961574	70963540	3
7	70963541	70964482	2
7	70964483	70969903	1
7	70969904	70980420	0
7	70980421	71045541	2
7	71045542	71048381	3
7	71048382	71072687	2
7	71072688	71124919	0
7	71124920	71157662	1
7	71157663	71170509	3
7	71170510	71226148	1
7	71226149	71264512	0
7	71264513	71269867	1
7	71269868	71273273	0
7	71273274	71293386	1
7	71293387	71293821	3
7	71293822	71356151	2
7	71356152	71572939	0
7	71572940	71686042	2
7	71686043	71709155	0
7	71709156	72167415	2
7	72167416	72326894	0
7	72326895	72328126	1
7	72328127	72599477	0
7	72599478	72599917	2
7	72599918	72772438	0
7	72772439	72827906	2
7	72827907	72924797	0
7	72924798	72968099	2
7	72968100	72985493	0
7	72985494	73123851	2
7	73123852	73130738	3
7	73130739	73207693	2
7	73207694	73213579	0
7	73213580	73216249	1
7	73216250	73222728	0
7	73222729	73242897	2
7	73242898	73256506	0
7	73256507	73270306	1
7	73270307	73270453	0
7	73270454	73298237	2
7	73298238	73339704	0
7	73339705	73450260	1
7	73450261	73588161	0
7	73588162	73590383	2
7	73590384	73618642	0
7	73618643	73883810	1
7	73883811	74047812	0
7	74047813	74055254	2
7	74055255	74326049	0
7	74326050	74328601	1
7	74328602	74350477	0
7	74350478	74406293	2
7	74406294	74723177	0
7	74723178	74735648	1
7	74735649	74783017	0
7	74783018	74901995	1
7	74901996	74925090	0
7	74925091	74938661	1
7	74938662	74989221	0
7	74989222	74992580	2
7	74992581	74994603	0
7	74994604	75054291	2
7	75054292	75058756	0
7	75058757	75098329	1
7	75098330	75279444	0
7	75279445	75288363	1
7	75288364	75309253	0
7	75309254	75364164	1
7	75364165	75409579	0
7	75409580	75422266	1
7	75422267	75544550	0
7	75544551	75569776	1
7	75569777	75574965	0
7	75574966	75597274	1
7	75597275	75801733	0
7	75801734	75809834	1
7	75809835	76034677	0
7	76034678	76035094	1
7	76035095	76059384	0
7	76059385	76197854	2
7	76197855	76199304	0
7	76199305	76488214	1
7	76488215	76750048	0
7	76750049	76780815	1
7	76780816	76789529	0
7	76789530	76853838	1
7	76853839	76980038	0
7	76980039	76980208	2
7	76980209	77066953	0
7	77066954	77074709	2
7	77074710	77156004	0
7	77156005	77162146	1
7	77162147	77345644	0
7	77345645	77372396	1
7	77372397	77678966	0
7	77678967	77716406	2
7	77716407	77763510	0
7	77763511	77837451	2
7	77837452	77899320	0
7	77899321	77931027	2
7	77931028	77966720	0
7	77966721	77977002	2
7	77977003	77987210	0
7	77987211	78004973	1
7	78004974	78005230	0
7	78005231	78040212	2
7	78040213	78092035	0
7	78092036	78594136	2
7	78594137	78649873	0
7	78649874	78650904	2
7	78650905	78732902	0
7	78732903	78741586	2
7	78741587	78769805	0
7	78769806	78847972	1
7	78847973	78859782	0
7	78859783	78930830	1
7	78930831	79138923	0
7	79138924	79139723	2
7	79139724	79638044	0
7	79638045	79964403	2
7	79964404	80351772	0
7	80351773	80457431	2
7	80457432	80457814	3
7	80457815	80788092	2
7	80788093	80792598	0
7	80792599	80796668	1
7	80796669	81342278	0
7	81342279	81592204	1
7	81592205	81924048	0
7	81924049	82059787	1
7	82059788	82284496	0
7	82284497	82284627	1
7	82284628	82338661	0
7	82338662	82377107	2
7	82377108	82686211	0
7	82686212	82687128	1
7	82687129	83113670	0
7	83113671	83153517	2
7	83153518	83301939	0
7	83301940	83348485	1
7	83348486	83348692	0
7	83348693	83357490	2
7	83357491	83373020	0
7	83373021	83545538	2
7	83545539	83564561	0
7	83564562	83582506	2
7	83582507	83600615	0
7	83600616	83670354	1
7	83670355	83682270	0
7	83682271	83701445	1
7	83701446	84015205	0
7	84015206	84023314	1
7	84023315	87919023	0
7	87919024	87919807	1
7	87919808	90090826	0
7	90090827	90318219	1
7	90318220	91384185	0
7	91384186	91389596	2
7	91389597	91511754	0
7	91511755	91538671	1
7	91538672	91588456	0
7	91588457	91593295	2
7	91593296	91756567	0
7	91756568	91756863	1
7	91756864	91832986	0
7	91832987	91867298	2
7	91867299	92234595	0
7	92234596	92256098	2
7	92256099	92605726	0
7	92605727	92882066	1
7	92882067	92993328	0
7	92993329	93376275	1
7	93376276	93376667	3
7	93376668	93502589	1
7	93502590	93798543	0
7	93798544	93826663	1
7	93826664	93975449	0
7	93975450	94035997	2
7	94035998	94130850	0
7	94130851	94163643	2
7	94163644	94375018	0
7	94375019	94383022	2
7	94383023	94480394	0
7	94480395	94562999	1
7	94563000	94698985	0
7	94698986	94755922	1
7	94755923	94758798	0
7	94758799	94774567	1
7	94774568	94777700	0
7	94777701	94778694	2
7	94778695	94795212	0
7	94795213	94995807	2
7	94995808	95074234	0
7	95074235	95273296	2
7	95273297	95288374	0
7	95288375	95309926	1
7	95309927	95310003	3
7	95310004	95387678	2
7	95387679	95397111	0
7	95397112	95669807	1
7	95669808	96195207	0
7	96195208	96196190	2
7	96196191	96438044	0
7	96438045	96464047	1
7	96464048	97040505	0
7	97040506	97071966	1
7	97071967	97559839	0
7	97559840	97601323	2
7	97601324	97605111	3
7	97605112	97695737	2
7	97695738	97737176	0
7	97737177	97759850	1
7	97759851	97760132	0
7	97760133	97839666	2
7	97839667	97855634	0
7	97855635	97881953	2
7	97881954	97889515	0
7	97889516	97944489	1
7	97944490	97957001	0
7	97957002	97984860	1
7	97984861	97994584	3
7	97994585	98026050	2
7	98026051	98063733	0
7	98063734	98098266	1
7	98098267	98186762	0
7	98186763	98197112	1
7	98197113	98217640	0
7	98217641	98270108	1
7	98270109	98302951	0
7	98302952	98342365	2
7	98342366	98432022	0
7	98432023	98553094	2
7	98553095	98605720	0
7	98605721	98709647	1
7	98709648	98734714	0
7	98734715	98735190	1
7	98735191	98748545	0
7	98748546	98750169	2
7	98750170	98770838	0
7	98770839	98782023	2
7	98782024	98782176	0
7	98782177	98804497	1
7	98804498	98813038	0
7	98813039	98819450	2
7	98819451	98820810	0
7	98820811	98960835	1
7	98960836	99142448	0
7	99142449	99181781	2
7	99181782	99609189	0
7	99609190	99624730	2
7	99624731	99625617	0
7	99625618	99677266	1
7	99677267	99677288	0
7	99677289	99757728	2
7	99757729	99808610	3
7	99808611	99900762	2
7	99900763	99954490	0
7	99954491	99961024	2
7	99961025	100381168	0
7	100381169	100382895	1
7	100382896	101069102	0
7	101069103	101072230	2
7	101072231	101108187	0
7	101108188	101138371	1
7	101138372	101138547	0
7	101138548	101138858	1
7	101138859	101139374	0
7	101139375	101140306	1
7	101140307	101146818	0
7	101146819	101147213	2
7	101147214	101198293	0
7	101198294	101214628	1
7	101214629	102294795	0
7	102294796	102298520	1
7	102298521	102586311	0
7	102586312	102591238	2
7	102591239	104474416	0
7	104474417	104486708	1
7	104486709	104501012	0
7	104501013	104511232	2
7	104511233	104516389	0
7	104516390	104556417	1
7	104556418	104669670	0
7	104669671	104801043	1
7	104801044	105353911	0
7	105353912	105592802	1
7	105592803	106441255	0
7	106441256	106465828	1
7	106465829	106535432	0
7	106535433	106616803	2
7	106616804	106619324	0
7	106619325	106653565	1
7	106653566	106663422	0
7	106663423	106695568	1
7	106695569	106717227	0
7	106717228	107009328	1
7	107009329	107130400	0
7	107130401	107223045	1
7	107223046	107262927	0
7	107262928	107392970	1
7	107392971	107406960	0
7	107406961	107442511	2
7	107442512	107467258	0
7	107467259	107584116	2
7	107584117	107634285	3
7	107634286	107652897	2
7	107652898	107695225	0
7	107695226	107723762	2
7	107723763	107734321	0
7	107734322	107775712	1
7	107775713	107895043	0
7	107895044	107963140	1
7	107963141	108613737	0
7	108613738	108756745	2
7	108756746	109037843	0
7	109037844	109205352	1
7	109205353	109411473	0
7	109411474	109411883	2
7	109411884	110031694	0
7	110031695	110179466	2
7	110179467	111722388	0
7	111722389	111722962	1
7	111722963	112057028	0
7	112057029	112058174	2
7	112058175	112673463	0
7	112673464	112833081	1
7	112833082	113015745	0
7	113015746	113228437	1
7	113228438	113681791	0
7	113681792	114305894	1
7	114305895	114323540	0
7	114323541	114326928	2
7	114326929	114339432	0
7	114339433	114380611	1
7	114380612	114437359	0
7	114437360	114590117	1
7	114590118	114690323	0
7	114690324	114690640	1
7	114690641	114724608	0
7	114724609	114812706	2
7	114812707	114821969	0
7	114821970	114848412	1
7	114848413	114997101	0
7	114997102	115002900	2
7	115002901	115033023	0
7	115033024	115045800	1
7	115045801	115907095	0
7	115907096	115910539	1
7	115910540	115942741	0
7	115942742	115946423	1
7	115946424	115956274	0
7	115956275	115959451	2
7	115959452	115961729	0
7	115961730	115963044	1
7	115963045	115967271	0
7	115967272	115969302	1
7	115969303	115977850	0
7	115977851	115981729	1
7	115981730	115986204	0
7	115986205	115988034	1
7	115988035	115993299	0
7	115993300	115994781	1
7	115994782	116003593	0
7	116003594	116010972	1
7	116010973	116034102	0
7	116034103	116090187	1
7	116090188	116091953	3
7	116091954	116106366	1
7	116106367	116156217	0
7	116156218	116255165	1
7	116255166	116275815	0
7	116275816	116284585	1
7	116284586	116355696	0
7	116355697	116359860	2
7	116359861	116419576	0
7	116419577	116425001	1
7	116425002	116501671	0
7	116501672	116504851	1
7	116504852	116605556	0
7	116605557	116607672	1
7	116607673	116632504	0
7	116632505	116634291	2
7	116634292	116653662	0
7	116653663	116661940	2
7	116661941	116671946	0
7	116671947	116677899	2
7	116677900	116688699	0
7	116688700	116712385	1
7	116712386	116739060	0
7	116739061	116748532	2
7	116748533	116780679	0
7	116780680	116781764	1
7	116781765	116787764	0
7	116787765	116872509	1
7	116872510	116889570	0
7	116889571	116894132	2
7	116894133	116915886	0
7	116915887	116920505	1
7	116920506	116922942	0
7	116922943	116926553	1
7	116926554	116928263	0
7	116928264	116936672	1
7	116936673	116943055	0
7	116943056	116945574	2
7	116945575	116949877	0
7	116949878	116955146	1
7	116955147	116958390	0
7	116958391	116963293	1
7	116963294	116980074	0
7	116980075	116981944	2
7	116981945	116997018	0
7	116997019	117007660	2
7	117007661	117026095	0
7	117026096	117032861	2
7	117032862	117039890	0
7	117039891	117041691	1
7	117041692	117055393	0
7	117055394	117061045	2
7	117061046	117062690	0
7	117062691	117070934	1
7	117070935	117105808	0
7	117105809	117128796	1
7	117128797	117129235	0
7	117129236	117140212	1
7	117140213	117145959	0
7	117145960	117151692	1
7	117151693	117180810	0
7	117180811	117187365	1
7	117187366	117230317	0
7	117230318	117289959	1
7	117289960	117291875	0
7	117291876	117300660	1
7	117300661	117304740	0
7	117304741	117307914	2
7	117307915	117325527	0
7	117325528	117326277	1
7	117326278	117326549	3
7	117326550	117349955	2
7	117349956	117351646	0
7	117351647	117353784	2
7	117353785	117354082	3
7	117354083	117369157	1
7	117369158	117390283	0
7	117390284	117393717	2
7	117393718	117394370	0
7	117394371	117397954	2
7	117397955	117409574	0
7	117409575	117411951	2
7	117411952	117413150	0
7	117413151	117417361	1
7	117417362	117417685	0
7	117417686	117420717	2
7	117420718	117420786	0
7	117420787	117429502	2
7	117429503	117434417	0
7	117434418	117437203	2
7	117437204	117437302	0
7	117437303	117440340	1
7	117440341	117445142	0
7	117445143	117514531	2
7	117514532	117514610	3
7	117514611	117519073	1
7	117519074	117521091	3
7	117521092	117538340	1
7	117538341	117538521	0
7	117538522	117565476	2
7	117565477	117566366	0
7	117566367	117576735	1
7	117576736	117583451	0
7	117583452	117587101	1
7	117587102	117602039	0
7	117602040	117605048	1
7	117605049	117605139	3
7	117605140	117608458	2
7	117608459	117643204	0
7	117643205	117661659	2
7	117661660	117661843	3
7	117661844	117672371	1
7	117672372	117675718	0
7	117675719	117680002	1
7	117680003	117684337	0
7	117684338	117688185	1
7	117688186	117688395	0
7	117688396	117703092	1
7	117703093	117706725	0
7	117706726	117722721	1
7	117722722	117723261	0
7	117723262	117730305	2
7	117730306	117730700	3
7	117730701	117732385	1
7	117732386	117734000	0
7	117734001	117757247	2
7	117757248	117759081	0
7	117759082	117761929	2
7	117761930	117763781	0
7	117763782	117766462	2
7	117766463	117773132	1
7	117773133	117773228	0
7	117773229	117779503	2
7	117779504	117779618	0
7	117779619	117788548	1
7	117788549	117788714	0
7	117788715	117880287	1
7	117880288	117909959	0
7	117909960	117940005	1
7	117940006	117948704	0
7	117948705	117956732	2
7	117956733	117963738	0
7	117963739	117964412	2
7	117964413	117967816	0
7	117967817	117969848	2
7	117969849	117974276	0
7	117974277	117978785	1
7	117978786	118023626	0
7	118023627	118025285	2
7	118025286	118101632	0
7	118101633	118108862	1
7	118108863	118156944	0
7	118156945	118396726	1
7	118396727	118473068	0
7	118473069	118474607	1
7	118474608	118490343	0
7	118490344	118497075	2
7	118497076	118502674	0
7	118502675	118504095	2
7	118504096	118507222	0
7	118507223	118509254	2
7	118509255	118513682	0
7	118513683	118518191	1
7	118518192	118685020	0
7	118685021	118719154	2
7	118719155	118728615	0
7	118728616	118732736	1
7	118732737	118741108	0
7	118741109	118792623	1
7	118792624	118816216	0
7	118816217	118816653	1
7	118816654	118836545	0
7	118836546	118840632	1
7	118840633	118895403	0
7	118895404	118927006	2
7	118927007	118933810	3
7	118933811	118970133	2
7	118970134	118979606	0
7	118979607	118983982	1
7	118983983	118992354	0
7	118992355	119071710	1
7	119071711	119144349	0
7	119144350	119158199	1
7	119158200	119170179	0
7	119170180	119185236	1
7	119185237	119188183	0
7	119188184	119200621	1
7	119200622	119228100	0
7	119228101	119352603	1
7	119352604	119393382	0
7	119393383	119409708	1
7	119409709	119429017	0
7	119429018	119441485	1
7	119441486	119482270	0
7	119482271	119499423	2
7	119499424	119554352	0
7	119554353	119568774	2
7	119568775	119598124	0
7	119598125	119605727	1
7	119605728	119616322	0
7	119616323	119623070	1
7	119623071	119626635	0
7	119626636	119631423	2
7	119631424	119647373	0
7	119647374	119658146	2
7	119658147	119659322	0
7	119659323	119689936	1
7	119689937	119701249	0
7	119701250	119716236	1
7	119716237	119746116	0
7	119746117	119753288	1
7	119753289	119760886	0
7	119760887	119768080	1
7	119768081	119783847	0
7	119783848	119797096	1
7	119797097	119820535	0
7	119820536	119845001	2
7	119845002	119894064	0
7	119894065	119896923	1
7	119896924	119978981	0
7	119978982	119996822	1
7	119996823	119999470	0
7	119999471	120027024	1
7	120027025	120067377	0
7	120067378	120071122	2
7	120071123	120071438	3
7	120071439	120077610	1
7	120077611	120106899	0
7	120106900	120119735	2
7	120119736	120125631	0
7	120125632	120138194	2
7	120138195	120140458	0
7	120140459	120145906	2
7	120145907	120153182	0
7	120153183	120156287	2
7	120156288	120161089	0
7	120161090	120167018	2
7	120167019	120176528	0
7	120176529	120282820	2
7	120282821	120295616	3
7	120295617	120373350	2
7	120373351	120380198	3
7	120380199	120393252	2
7	120393253	120403521	3
7	120403522	120430318	2
7	120430319	120465128	0
7	120465129	120484838	2
7	120484839	120486264	0
7	120486265	120490059	1
7	120490060	120492727	0
7	120492728	120518651	1
7	120518652	120519465	0
7	120519466	120559345	1
7	120559346	120580741	0
7	120580742	120592093	2
7	120592094	120593334	0
7	120593335	120636590	1
7	120636591	120651879	0
7	120651880	120672357	1
7	120672358	120717373	0
7	120717374	120744600	1
7	120744601	120749750	0
7	120749751	120760158	2
7	120760159	120761824	0
7	120761825	120780639	1
7	120780640	120796215	0
7	120796216	120839575	1
7	120839576	120846328	0
7	120846329	120882390	1
7	120882391	120891938	0
7	120891939	120897685	2
7	120897686	120901932	0
7	120901933	120903682	2
7	120903683	120905335	0
7	120905336	120919259	1
7	120919260	120923272	0
7	120923273	120947721	2
7	120947722	120951558	0
7	120951559	120967488	1
7	120967489	120987450	0
7	120987451	121000270	1
7	121000271	121011678	0
7	121011679	121029752	1
7	121029753	121050300	0
7	121050301	121058027	1
7	121058028	121109239	0
7	121109240	121128540	2
7	121128541	121135507	0
7	121135508	121135734	2
7	121135735	121136056	0
7	121136057	121153381	1
7	121153382	121214626	0
7	121214627	121232739	1
7	121232740	121297353	0
7	121297354	121311022	1
7	121311023	121311563	3
7	121311564	121334435	2
7	121334436	121350963	0
7	121350964	121382086	2
7	121382087	121408827	0
7	121408828	121435020	2
7	121435021	121462964	0
7	121462965	121478544	2
7	121478545	121480721	0
7	121480722	121482770	2
7	121482771	121485812	0
7	121485813	121489076	1
7	121489077	121669371	0
7	121669372	121783433	1
7	121783434	121841853	0
7	121841854	121864677	2
7	121864678	121889155	0
7	121889156	121918770	2
7	121918771	121930613	0
7	121930614	121942682	2
7	121942683	121943119	3
7	121943120	122147932	2
7	122147933	122157199	0
7	122157200	122192326	2
7	122192327	122203530	0
7	122203531	122232989	2
7	122232990	122234010	0
7	122234011	122403665	1
7	122403666	122433097	0
7	122433098	122433231	2
7	122433232	122456797	0
7	122456798	122459958	2
7	122459959	122539291	0
7	122539292	122581775	1
7	122581776	122585769	0
7	122585770	122635729	1
7	122635730	122636169	0
7	122636170	122642738	2
7	122642739	122644052	3
7	122644053	122688817	2
7	122688818	122700852	0
7	122700853	122709933	2
7	122709934	122818973	0
7	122818974	122861294	2
7	122861295	122896869	0
7	122896870	122918034	2
7	122918035	122922020	0
7	122922021	122926334	1
7	122926335	122940374	0
7	122940375	122967176	1
7	122967177	122979019	0
7	122979020	123027148	2
7	123027149	123043501	0
7	123043502	123058602	2
7	123058603	123079535	0
7	123079536	123088817	1
7	123088818	123095286	0
7	123095287	123101867	1
7	123101868	123102491	0
7	123102492	123145633	2
7	123145634	123146247	0
7	123146248	123156556	1
7	123156557	123168809	0
7	123168810	123183333	2
7	123183334	123183504	0
7	123183505	123193759	1
7	123193760	123222159	0
7	123222160	123222608	2
7	123222609	123238331	0
7	123238332	123259634	1
7	123259635	123259759	0
7	123259760	123280610	2
7	123280611	123282752	0
7	123282753	123287719	1
7	123287720	123296181	0
7	123296182	123304064	2
7	123304065	123308039	0
7	123308040	123361389	2
7	123361390	123364310	0
7	123364311	123376219	2
7	123376220	123381075	0
7	123381076	123438601	2
7	123438602	123440161	0
7	123440162	123445611	1
7	123445612	123453786	0
7	123453787	123456266	1
7	123456267	123464488	0
7	123464489	123476236	1
7	123476237	123482253	0
7	123482254	123490021	2
7	123490022	123510802	0
7	123510803	123526540	2
7	123526541	123531680	0
7	123531681	123548079	2
7	123548080	123563057	0
7	123563058	123572080	1
7	123572081	123573928	0
7	123573929	123578549	2
7	123578550	123578876	0
7	123578877	123580837	2
7	123580838	123583060	0
7	123583061	123586917	1
7	123586918	123599264	0
7	123599265	123608434	1
7	123608435	123616594	0
7	123616595	123621100	1
7	123621101	123625588	0
7	123625589	123638763	1
7	123638764	123651825	0
7	123651826	123655894	1
7	123655895	123671026	0
7	123671027	123767795	1
7	123767796	123856565	0
7	123856566	123892427	1
7	123892428	123908276	0
7	123908277	123908793	1
7	123908794	123963379	0
7	123963380	123980249	2
7	123980250	123990101	3
7	123990102	123990137	1
7	123990138	123992165	0
7	123992166	124020572	1
7	124020573	124023993	0
7	124023994	124041592	1
7	124041593	124085832	0
7	124085833	124089383	1
7	124089384	124149749	0
7	124149750	124198198	1
7	124198199	124223631	0
7	124223632	124317377	1
7	124317378	124338393	0
7	124338394	124367628	1
7	124367629	124391430	0
7	124391431	124410445	2
7	124410446	124412760	0
7	124412761	124423830	1
7	124423831	124460356	0
7	124460357	124470607	2
7	124470608	124472756	0
7	124472757	124491002	1
7	124491003	124501986	0
7	124501987	124620701	1
7	124620702	124680292	0
7	124680293	124751403	2
7	124751404	124758376	0
7	124758377	124929023	1
7	124929024	124958544	0
7	124958545	124982564	1
7	124982565	124988522	0
7	124988523	124999135	1
7	124999136	125034762	0
7	125034763	125055974	2
7	125055975	125058895	0
7	125058896	125082503	2
7	125082504	125189825	0
7	125189826	125277687	2
7	125277688	125288079	0
7	125288080	125306974	2
7	125306975	125340473	0
7	125340474	125407804	1
7	125407805	125465115	0
7	125465116	125465846	1
7	125465847	125496997	0
7	125496998	125497689	1
7	125497690	125576325	0
7	125576326	125613112	2
7	125613113	125649686	0
7	125649687	125718984	2
7	125718985	125731273	0
7	125731274	125795978	1
7	125795979	125833555	0
7	125833556	125850825	2
7	125850826	125857044	0
7	125857045	125893166	1
7	125893167	125920355	0
7	125920356	125925428	2
7	125925429	125937926	0
7	125937927	125964451	2
7	125964452	125966478	0
7	125966479	126028277	1
7	126028278	126028348	0
7	126028349	126043845	2
7	126043846	126096791	0
7	126096792	126176466	2
7	126176467	126228293	0
7	126228294	126351632	2
7	126351633	126381791	0
7	126381792	126382447	1
7	126382448	126420654	0
7	126420655	126465721	1
7	126465722	126619194	0
7	126619195	126681750	2
7	126681751	126687403	0
7	126687404	126691230	1
7	126691231	126695496	0
7	126695497	126701870	1
7	126701871	126711465	0
7	126711466	126735005	2
7	126735006	126736730	0
7	126736731	126753218	2
7	126753219	126756149	0
7	126756150	126772747	2
7	126772748	126775514	0
7	126775515	126913583	1
7	126913584	126939923	0
7	126939924	127013484	2
7	127013485	127015160	0
7	127015161	127058054	1
7	127058055	127081424	0
7	127081425	127081702	1
7	127081703	127081976	0
7	127081977	127223229	2
7	127223230	127964750	0
7	127964751	127965901	2
7	127965902	128500009	0
7	128500010	128728926	2
7	128728927	129595190	0
7	129595191	129596422	2
7	129596423	129676118	0
7	129676119	129724301	1
7	129724302	129749712	0
7	129749713	129787091	2
7	129787092	129798661	0
7	129798662	129812386	1
7	129812387	129812787	0
7	129812788	129819632	2
7	129819633	129860112	0
7	129860113	129863439	2
7	129863440	129885381	0
7	129885382	129947989	1
7	129947990	129949965	0
7	129949966	129970548	1
7	129970549	129973478	0
7	129973479	130037342	2
7	130037343	130042945	0
7	130042946	130053030	2
7	130053031	130058250	0
7	130058251	130069222	2
7	130069223	130071120	0
7	130071121	130080893	2
7	130080894	130082012	3
7	130082013	130101856	1
7	130101857	130102345	0
7	130102346	130107435	1
7	130107436	130109661	0
7	130109662	130120577	1
7	130120578	130121685	0
7	130121686	130128602	1
7	130128603	130135462	0
7	130135463	130151878	1
7	130151879	130164673	0
7	130164674	130176694	1
7	130176695	130227454	0
7	130227455	130259607	2
7	130259608	130261550	0
7	130261551	130288507	1
7	130288508	130296895	0
7	130296896	130298642	2
7	130298643	130308530	0
7	130308531	130313725	2
7	130313726	130322018	0
7	130322019	130326468	1
7	130326469	130326598	0
7	130326599	130342481	2
7	130342482	130342491	3
7	130342492	130347585	1
7	130347586	130347943	0
7	130347944	130350568	1
7	130350569	130357641	0
7	130357642	130359446	2
7	130359447	130360515	0
7	130360516	130368817	1
7	130368818	130395192	0
7	130395193	130408185	1
7	130408186	130431211	0
7	130431212	130440701	2
7	130440702	130446666	0
7	130446667	130451281	1
7	130451282	130474277	0
7	130474278	130534677	2
7	130534678	130542200	0
7	130542201	130548354	2
7	130548355	130556045	0
7	130556046	130564717	1
7	130564718	130768839	0
7	130768840	130827150	1
7	130827151	131330911	0
7	131330912	131336181	2
7	131336182	131623179	0
7	131623180	131798234	1
7	131798235	132071114	0
7	132071115	132143468	1
7	132143469	132294560	0
7	132294561	132343167	1
7	132343168	132378271	0
7	132378272	132417710	2
7	132417711	132430851	0
7	132430852	132757556	1
7	132757557	132857626	0
7	132857627	132983470	2
7	132983471	132984108	3
7	132984109	133018582	2
7	133018583	133048725	0
7	133048726	133078152	2
7	133078153	133089164	0
7	133089165	133166949	2
7	133166950	133400483	0
7	133400484	133586675	2
7	133586676	133856099	0
7	133856100	134004248	2
7	134004249	134447576	0
7	134447577	134495833	1
7	134495834	134505735	0
7	134505736	134560711	1
7	134560712	134588901	0
7	134588902	134602237	1
7	134602238	134603119	0
7	134603120	134695862	2
7	134695863	134702962	0
7	134702963	134722213	1
7	134722214	135466882	0
7	135466883	135630652	1
7	135630653	135765301	0
7	135765302	135800479	1
7	135800480	135803696	0
7	135803697	135832650	2
7	135832651	135838646	0
7	135838647	135850540	1
7	135850541	136037228	0
7	136037229	136076480	2
7	136076481	136182222	0
7	136182223	136403010	2
7	136403011	136526494	0
7	136526495	136853955	1
7	136853956	136967198	0
7	136967199	136997048	1
7	136997049	137142168	0
7	137142169	137335206	2
7	137335207	137680528	0
7	137680529	137795653	2
7	137795654	137804017	0
7	137804018	137856483	1
7	137856484	137975547	0
7	137975548	138039982	1
7	138039983	138088647	0
7	138088648	138100839	1
7	138100840	138459502	0
7	138459503	138512950	1
7	138512951	138704124	0
7	138704125	138707219	1
7	138707220	138707424	0
7	138707425	138846121	2
7	138846122	139047261	0
7	139047262	139063750	1
7	139063751	139167301	0
7	139167302	139196414	1
7	139196415	139201052	0
7	139201053	139223114	1
7	139223115	139232249	0
7	139232250	139254549	1
7	139254550	139271696	0
7	139271697	139279497	2
7	139279498	139281185	0
7	139281186	139318453	1
7	139318454	139342061	0
7	139342062	139394164	1
7	139394165	139444992	0
7	139444993	139450587	2
7	139450588	139455240	0
7	139455241	139483995	1
7	139483996	139523688	0
7	139523689	139542459	1
7	139542460	139630513	0
7	139630514	139675243	1
7	139675244	139685571	0
7	139685572	139722130	2
7	139722131	139724344	0
7	139724345	139734566	1
7	139734567	139762612	0
7	139762613	139764011	2
7	139764012	139781782	0
7	139781783	139784442	1
7	139784443	139802540	0
7	139802541	139803505	1
7	139803506	139834906	0
7	139834907	139835874	1
7	139835875	139871477	0
7	139871478	139872898	1
7	139872899	139899773	0
7	139899774	139907638	1
7	139907639	139928934	0
7	139928935	139929893	1
7	139929894	139953080	0
7	139953081	139953997	1
7	139953998	139977990	0
7	139977991	139978919	1
7	139978920	140032130	0
7	140032131	140033056	2
7	140033057	140054590	0
7	140054591	140055525	2
7	140055526	140088419	0
7	140088420	140090920	1
7	140090921	140107486	0
7	140107487	140108418	2
7	140108419	140132467	0
7	140132468	140147982	1
7	140147983	140154488	0
7	140154489	140172446	1
7	140172447	140196951	0
7	140196952	140213048	1
7	140213049	140219549	0
7	140219550	140245721	1
7	140245722	140248850	0
7	140248851	140270338	2
7	140270339	140270690	0
7	140270691	140291618	1
7	140291619	140315366	0
7	140315367	140324900	2
7	140324901	140325429	0
7	140325430	140342725	1
7	140342726	140349136	0
7	140349137	140356207	1
7	140356208	140383395	0
7	140383396	140397177	2
7	140397178	140398197	0
7	140398198	140437465	1
7	140437466	140448463	0
7	140448464	140454266	1
7	140454267	140464997	0
7	140464998	140469044	2
7	140469045	140479709	0
7	140479710	140483691	1
7	140483692	140489490	0
7	140489491	140546906	1
7	140546907	140552731	0
7	140552732	140556637	1
7	140556638	140575286	0
7	140575287	140580781	1
7	140580782	140585830	0
7	140585831	140600816	1
7	140600817	140608432	0
7	140608433	140609065	2
7	140609066	140614750	0
7	140614751	140617719	1
7	140617720	140637285	0
7	140637286	140640951	1
7	140640952	140716111	0
7	140716112	140723712	2
7	140723713	140742416	0
7	140742417	140746195	2
7	140746196	140758613	0
7	140758614	140766421	2
7	140766422	140767735	0
7	140767736	140770645	1
7	140770646	140781797	0
7	140781798	140786904	2
7	140786905	140788985	0
7	140788986	140910420	2
7	140910421	140910421	0
7	140910422	140919232	1
7	140919233	140935643	0
7	140935644	140951069	1
7	140951070	140967280	0
7	140967281	140981581	2
7	140981582	140983340	0
7	140983341	141001991	1
7	141001992	141034980	0
7	141034981	141069987	2
7	141069988	141081941	0
7	141081942	141095689	1
7	141095690	141132131	0
7	141132132	141136698	1
7	141136699	141157961	0
7	141157962	141185708	1
7	141185709	141237766	0
7	141237767	141245163	2
7	141245164	141249042	0
7	141249043	141252576	2
7	141252577	141258582	0
7	141258583	141261733	2
7	141261734	141277310	0
7	141277311	141307231	1
7	141307232	141326319	0
7	141326320	141354935	2
7	141354936	141355992	0
7	141355993	141366730	2
7	141366731	141370489	0
7	141370490	141377926	2
7	141377927	141380320	0
7	141380321	141380493	2
7	141380494	141386389	0
7	141386390	141424341	1
7	141424342	141428061	0
7	141428062	141528395	1
7	141528396	141569639	0
7	141569640	141624970	1
7	141624971	141642775	0
7	141642776	141656475	2
7	141656476	141666109	0
7	141666110	141676423	2
7	141676424	141702036	0
7	141702037	141879949	2
7	141879950	141882249	0
7	141882250	141924786	2
7	141924787	141953792	0
7	141953793	141966520	2
7	141966521	141973551	0
7	141973552	141981430	2
7	141981431	142001336	0
7	142001337	142020703	2
7	142020704	142025813	0
7	142025814	142063210	1
7	142063211	142106463	0
7	142106464	142116333	2
7	142116334	142119897	3
7	142119898	142132171	1
7	142132172	142138842	0
7	142138843	142180995	1
7	142180996	142204034	0
7	142204035	142210736	1
7	142210737	142239033	0
7	142239034	142243239	2
7	142243240	142244293	0
7	142244294	142260894	1
7	142260895	142273831	0
7	142273832	142300380	1
7	142300381	142305336	0
7	142305337	142318618	1
7	142318619	142322170	0
7	142322171	142352380	1
7	142352381	142397369	0
7	142397370	142464156	2
7	142464157	142575670	0
7	142575671	142684112	2
7	142684113	142756310	0
7	142756311	142759627	2
7	142759628	142776250	0
7	142776251	142787333	2
7	142787334	142817155	0
7	142817156	142860570	2
7	142860571	142869750	0
7	142869751	142878345	2
7	142878346	142905756	0
7	142905757	142920214	2
7	142920215	142929398	0
7	142929399	142938552	2
7	142938553	142941120	0
7	142941121	142941389	2
7	142941390	142994117	0
7	142994118	143016038	1
7	143016039	143059762	0
7	143059763	143075905	2
7	143075906	143078994	0
7	143078995	143085831	1
7	143085832	143092509	0
7	143092510	143102735	2
7	143102736	143107899	0
7	143107900	143112958	1
7	143112959	143122267	0
7	143122268	143128930	2
7	143128931	143135072	0
7	143135073	143141587	1
7	143141588	143161233	0
7	143161234	143167770	1
7	143167771	143179833	0
7	143179834	143187646	1
7	143187647	143196066	0
7	143196067	143206263	1
7	143206264	143208525	0
7	143208526	143217533	1
7	143217534	143219010	0
7	143219011	143228058	1
7	143228059	143290820	0
7	143290821	143291193	1
7	143291194	143316918	0
7	143316919	143317672	1
7	143317673	143319913	0
7	143319914	143453544	1
7	143453545	143461421	0
7	143461422	143473781	1
7	143473782	143488682	0
7	143488683	143497106	1
7	143497107	143518008	0
7	143518009	143523501	1
7	143523502	143528202	0
7	143528203	143538577	1
7	143538578	143545409	0
7	143545410	143552586	1
7	143552587	143596509	0
7	143596510	143603801	1
7	143603802	143629453	0
7	143629454	143633129	2
7	143633130	143679615	0
7	143679616	143701450	2
7	143701451	143707235	0
7	143707236	143720593	2
7	143720594	143721086	0
7	143721087	143738235	1
7	143738236	143749219	0
7	143749220	143754052	2
7	143754053	143754890	0
7	143754891	143767987	2
7	143767988	143781700	0
7	143781701	143793968	1
7	143793969	143810890	0
7	143810891	143820363	2
7	143820364	143820898	0
7	143820899	143837778	1
7	143837779	143839978	0
7	143839979	143863184	1
7	143863185	143874732	0
7	143874733	143878703	2
7	143878704	143881998	0
7	143881999	143884278	2
7	143884279	143897012	0
7	143897013	143923866	2
7	143923867	143924660	0
7	143924661	143929395	2
7	143929396	143929660	0
7	143929661	143936862	2
7	143936863	143937197	0
7	143937198	143956666	1
7	143956667	143958856	0
7	143958857	143967482	1
7	143967483	144014171	0
7	144014172	144044627	2
7	144044628	144052059	0
7	144052060	144060683	2
7	144060684	144064929	0
7	144064930	144101891	2
7	144101892	144102678	0
7	144102679	144109114	1
7	144109115	144121742	0
7	144121743	144126855	2
7	144126856	144127083	0
7	144127084	144127871	1
7	144127872	144136323	0
7	144136324	144223427	1
7	144223428	144264197	0
7	144264198	144272576	1
7	144272577	144307507	0
7	144307508	144322238	1
7	144322239	144503532	0
7	144503533	144503837	2
7	144503838	144531812	0
7	144531813	144537964	2
7	144537965	144547937	0
7	144547938	144549535	2
7	144549536	144565390	0
7	144565391	144567578	2
7	144567579	144577463	0
7	144577464	144582620	2
7	144582621	144595958	0
7	144595959	144598630	2
7	144598631	144605056	0
7	144605057	144608536	2
7	144608537	144623553	0
7	144623554	144625514	2
7	144625515	144628118	0
7	144628119	144631540	2
7	144631541	144647585	0
7	144647586	144650127	2
7	144650128	144774158	0
7	144774159	144778654	1
7	144778655	144819418	0
7	144819419	144837581	1
7	144837582	144865606	0
7	144865607	144871583	2
7	144871584	144872745	0
7	144872746	144880090	1
7	144880091	144886325	0
7	144886326	144886924	1
7	144886925	144899532	0
7	144899533	144926348	2
7	144926349	144934608	0
7	144934609	144936801	1
7	144936802	144939617	0
7	144939618	144966368	1
7	144966369	144970442	0
7	144970443	144993650	1
7	144993651	145029697	0
7	145029698	145048281	1
7	145048282	145056691	0
7	145056692	145062954	1
7	145062955	145068284	0
7	145068285	145113505	2
7	145113506	145117949	0
7	145117950	145145374	2
7	145145375	145146479	0
7	145146480	145154129	1
7	145154130	145172491	0
7	145172492	145174769	1
7	145174770	145325002	0
7	145325003	145338150	1
7	145338151	145435582	0
7	145435583	145450299	1
7	145450300	145573157	0
7	145573158	145575979	1
