<CHROM>	<START>	<END>	<TSB>
8	0	1439338	0
8	1439339	1450136	1
8	1450137	1459524	0
8	1459525	1476835	2
8	1476836	1502875	0
8	1502876	1513601	2
8	1513602	1548144	0
8	1548145	2045815	1
8	2045816	2604960	0
8	2604961	2614629	2
8	2614630	2635849	0
8	2635850	2651650	2
8	2651651	2659863	0
8	2659864	2686158	2
8	2686159	3271954	0
8	3271955	3272304	1
8	3272305	3540359	0
8	3540360	3541273	2
8	3541274	3638919	0
8	3638920	3639869	2
8	3639870	3839026	0
8	3839027	3882075	1
8	3882076	3973632	0
8	3973633	4003591	1
8	4003592	4019720	0
8	4019721	4050515	2
8	4050516	4085827	0
8	4085828	4087173	2
8	4087174	4320228	0
8	4320229	4376286	2
8	4376287	4405225	0
8	4405226	4419382	2
8	4419383	4440874	0
8	4440875	4669012	2
8	4669013	5199424	0
8	5199425	5202358	1
8	5202359	5217215	0
8	5217216	5429579	1
8	5429580	5437069	0
8	5437070	5458150	2
8	5458151	5522737	0
8	5522738	5533016	2
8	5533017	5606590	0
8	5606591	5616491	2
8	5616492	5623196	0
8	5623197	5631012	1
8	5631013	5676663	0
8	5676664	5698577	2
8	5698578	5703204	0
8	5703205	5723589	2
8	5723590	5734346	0
8	5734347	5742241	2
8	5742242	5768809	0
8	5768810	5778700	2
8	5778701	5790032	0
8	5790033	5800340	2
8	5800341	5833357	0
8	5833358	5875230	2
8	5875231	5893247	0
8	5893248	5901047	2
8	5901048	5967461	0
8	5967462	5997381	2
8	5997382	6013205	0
8	6013206	6034140	1
8	6034141	6048967	0
8	6048968	6076596	1
8	6076597	6135491	0
8	6135492	6203577	1
8	6203578	6218391	0
8	6218392	6235965	1
8	6235966	6255848	0
8	6255849	6305031	1
8	6305032	6811541	0
8	6811542	6917533	2
8	6917534	7128654	0
8	7128655	7187794	2
8	7187795	7213820	0
8	7213821	7426609	1
8	7426610	7814893	0
8	7814894	8524641	1
8	8524642	11884901	0
8	11884902	11887797	1
8	11887798	11888589	0
8	11888590	11927917	2
8	11927918	11931765	0
8	11931766	12251097	2
8	12251098	12284526	0
8	12284527	12333314	2
8	12333315	12335430	0
8	12335431	12355089	1
8	12355090	12355765	0
8	12355766	12374687	2
8	12374688	12823153	0
8	12823154	12872703	2
8	12872704	12900828	0
8	12900829	12902260	1
8	12902261	12968191	0
8	12968192	12993649	1
8	12993650	12994153	0
8	12994154	13004955	2
8	13004956	13042639	0
8	13042640	13109485	1
8	13109486	13208772	0
8	13208773	13223500	1
8	13223501	13223777	3
8	13223778	13251810	1
8	13251811	13258766	0
8	13258767	13262727	1
8	13262728	13275268	0
8	13275269	13290771	1
8	13290772	13299559	0
8	13299560	13304242	1
8	13304243	13305150	0
8	13305151	13352487	2
8	13352488	13365581	0
8	13365582	13376068	2
8	13376069	13416391	0
8	13416392	13420437	1
8	13420438	13511803	0
8	13511804	13513335	1
8	13513336	13566737	0
8	13566738	13606038	1
8	13606039	13614798	0
8	13614799	13680868	1
8	13680869	13796019	0
8	13796020	13816107	2
8	13816108	13819561	0
8	13819562	13835166	1
8	13835167	13838570	0
8	13838571	13861210	1
8	13861211	13861457	0
8	13861458	13871211	2
8	13871212	13871352	3
8	13871353	13909186	1
8	13909187	14060392	0
8	14060393	14079970	2
8	14079971	14094730	0
8	14094731	14157139	1
8	14157140	14239592	0
8	14239593	14269160	2
8	14269161	14290506	0
8	14290507	14292696	1
8	14292697	14359268	0
8	14359269	14373892	1
8	14373893	14417582	0
8	14417583	14811625	1
8	14811626	14816729	3
8	14816730	14880642	1
8	14880643	16279390	0
8	16279391	16287802	1
8	16287803	16333601	3
8	16333602	16347543	1
8	16347544	16484533	0
8	16484534	16486417	1
8	16486418	17421555	0
8	17421556	17446163	2
8	17446164	17454120	0
8	17454121	17525904	1
8	17525905	17690955	0
8	17690956	17696987	1
8	17696988	17775421	0
8	17775422	17776359	1
8	17776360	17832833	0
8	17832834	17833771	1
8	17833772	17859381	0
8	17859382	17860346	1
8	17860347	17928356	0
8	17928357	17929702	2
8	17929703	17964478	0
8	17964479	17965416	1
8	17965417	18036843	0
8	18036844	18037772	1
8	18037773	18050185	0
8	18050186	18051126	1
8	18051127	18061995	0
8	18061996	18062969	1
8	18062970	18114507	0
8	18114508	18115454	1
8	18115455	18401033	0
8	18401034	18408177	1
8	18408178	18430300	0
8	18430301	18434693	2
8	18434694	18437785	0
8	18437786	18508969	1
8	18508970	18719442	0
8	18719443	18720383	1
8	18720384	18761982	0
8	18761983	18762920	1
8	18762921	18785116	0
8	18785117	18786081	2
8	18786082	18795523	0
8	18795524	18796461	2
8	18796462	18845577	0
8	18845578	18846515	2
8	18846516	18909897	0
8	18909898	18910835	1
8	18910836	18926416	0
8	18926417	18927829	2
8	18927830	18969476	0
8	18969477	18970414	2
8	18970415	18992897	0
8	18992898	18993859	2
8	18993860	19019408	0
8	19019409	19020376	1
8	19020377	19081538	0
8	19081539	19082476	1
8	19082477	19153901	0
8	19153902	19154830	1
8	19154831	19167235	0
8	19167236	19168176	1
8	19168177	19179045	0
8	19179046	19180019	1
8	19180020	19274453	0
8	19274454	19275391	2
8	19275392	19289504	0
8	19289505	19290397	2
8	19290398	19332107	0
8	19332108	19333045	1
8	19333046	19385465	0
8	19385466	19386382	1
8	19386383	19526573	0
8	19526574	19527511	1
8	19527512	19548486	0
8	19548487	19549424	2
8	19549425	19585838	0
8	19585839	19586809	1
8	19586810	19671811	0
8	19671812	19672728	1
8	19672729	19772303	0
8	19772304	19773241	1
8	19773242	19810957	0
8	19810958	19811895	2
8	19811896	19886380	0
8	19886381	19903740	2
8	19903741	19916453	0
8	19916454	19917394	1
8	19917395	19972791	0
8	19972792	19973720	2
8	19973721	19994666	0
8	19994667	19995595	2
8	19995596	20054420	0
8	20054421	20055349	2
8	20055350	20132898	0
8	20132899	20134005	2
8	20134006	20172167	0
8	20172168	20173105	1
8	20173106	20213107	0
8	20213108	20214048	2
8	20214049	20230080	0
8	20230081	20231009	2
8	20231010	20265889	0
8	20265890	20266827	2
8	20266828	20358270	0
8	20358271	20359226	2
8	20359227	20397604	0
8	20397605	20398542	1
8	20398543	20442071	0
8	20442072	20443066	1
8	20443067	20535476	0
8	20535477	20536471	2
8	20536472	20728815	0
8	20728816	20729744	2
8	20729745	20780896	0
8	20780897	20782007	2
8	20782008	20979894	0
8	20979895	20980892	2
8	20980893	20993741	0
8	20993742	20994658	1
8	20994659	21033787	0
8	21033788	21034743	2
8	21034744	21163996	0
8	21163997	21164964	2
8	21164965	21214141	0
8	21214142	21224735	1
8	21224736	21271188	0
8	21271189	21272114	2
8	21272115	21305248	0
8	21305249	21306210	2
8	21306211	21340467	0
8	21340468	21341429	1
8	21341430	21380502	0
8	21380503	21384129	1
8	21384130	21448616	0
8	21448617	21458377	1
8	21458378	21477327	0
8	21477328	21492799	1
8	21492800	21511837	0
8	21511838	21523538	1
8	21523539	21611317	0
8	21611318	21617734	2
8	21617735	21656637	0
8	21656638	21661257	1
8	21661258	21663323	0
8	21663324	21665036	2
8	21665037	21669234	0
8	21669235	21680613	2
8	21680614	21681264	0
8	21681265	21743336	1
8	21743337	21786322	0
8	21786323	21831666	1
8	21831667	21835101	0
8	21835102	21842372	2
8	21842373	21890317	0
8	21890318	21895522	2
8	21895523	21896029	3
8	21896030	21901827	1
8	21901828	21905863	0
8	21905864	21909840	2
8	21909841	21911623	0
8	21911624	21915714	1
8	21915715	21922513	0
8	21922514	21968493	1
8	21968494	21984912	0
8	21984913	21995804	1
8	21995805	22021211	0
8	22021212	22027226	2
8	22027227	22035254	0
8	22035255	22047057	2
8	22047058	22047695	0
8	22047696	22048791	2
8	22048792	22050220	0
8	22050221	22057207	2
8	22057208	22081698	0
8	22081699	22086093	1
8	22086094	22086532	0
8	22086533	22091448	1
8	22091449	22092092	0
8	22092093	22111861	1
8	22111862	22124558	0
8	22124559	22150003	1
8	22150004	22154065	0
8	22154066	22173802	1
8	22173803	22189598	0
8	22189599	22233746	2
8	22233747	22250516	0
8	22250517	22259777	1
8	22259778	22268655	0
8	22268656	22270645	1
8	22270646	22291443	0
8	22291444	22301329	2
8	22301330	22301496	0
8	22301497	22315337	1
8	22315338	22319329	0
8	22319330	22336792	1
8	22336793	22368743	0
8	22368744	22385862	2
8	22385863	22402888	0
8	22402889	22440883	2
8	22440884	22446659	0
8	22446660	22454437	2
8	22454438	22458897	0
8	22458898	22540422	2
8	22540423	22540522	3
8	22540523	22542995	1
8	22542996	22559096	0
8	22559097	22576152	2
8	22576153	22577713	0
8	22577714	22621780	2
8	22621781	22622558	3
8	22622559	22625872	1
8	22625873	22625957	3
8	22625958	22628841	2
8	22628842	22648321	0
8	22648322	22739466	2
8	22739467	22750334	0
8	22750335	22774901	2
8	22774902	22780723	0
8	22780724	22785669	1
8	22785670	22791993	0
8	22791994	22821395	1
8	22821396	22822410	0
8	22822411	22856537	1
8	22856538	22858563	3
8	22858564	22874643	1
8	22874644	22918697	0
8	22918698	22929292	1
8	22929293	22932173	0
8	22932174	22937907	1
8	22937908	22937914	0
8	22937915	22946356	2
8	22946357	22947150	0
8	22947151	22959552	2
8	22959553	22966559	0
8	22966560	22969457	2
8	22969458	22969743	0
8	22969744	22974319	1
8	22974320	22979179	0
8	22979180	23000483	1
8	23000484	23000870	0
8	23000871	23014497	1
8	23014498	23014954	0
8	23014955	23026501	2
8	23026502	23030116	0
8	23030117	23063039	1
8	23063040	23066574	0
8	23066575	23084877	1
8	23084878	23085588	0
8	23085589	23099040	1
8	23099041	23113046	0
8	23113047	23121759	2
8	23121760	23125986	0
8	23125987	23130875	1
8	23130876	23142732	0
8	23142733	23148394	1
8	23148395	23167972	0
8	23167973	23170207	2
8	23170208	23193179	0
8	23193180	23197317	2
8	23197318	23235592	0
8	23235593	23292680	1
8	23292681	23337619	0
8	23337620	23390771	1
8	23390772	23398028	0
8	23398029	23446604	2
8	23446605	23450109	0
8	23450110	23482937	1
8	23482938	23492619	0
8	23492620	24074534	2
8	24074535	24369914	0
8	24369915	24615477	2
8	24615478	25246290	0
8	25246291	25482645	2
8	25482646	25582936	0
8	25582937	25669392	1
8	25669393	25710470	0
8	25710471	25829567	1
8	25829568	25850960	0
8	25850961	25904568	1
8	25904569	26266758	0
8	26266759	26311348	1
8	26311349	26341730	0
8	26341731	26345752	1
8	26345753	26413231	0
8	26413232	26476609	2
8	26476610	26652119	0
8	26652120	26758323	2
8	26758324	27777177	0
8	27777178	27804513	2
8	27804514	27807299	0
8	27807300	27852994	1
8	27852995	27865348	0
8	27865349	27907909	1
8	27907910	27935383	0
8	27935384	27973978	1
8	27973979	28024121	0
8	28024122	28044874	1
8	28044875	28045091	0
8	28045092	28054038	2
8	28054039	28054405	0
8	28054406	28075512	1
8	28075513	28075549	0
8	28075550	28144739	2
8	28144740	28147109	0
8	28147110	28208464	1
8	28208465	28352770	0
8	28352771	28387381	2
8	28387382	28454960	0
8	28454961	28459833	2
8	28459834	29453641	0
8	29453642	29962823	2
8	29962824	30039406	0
8	30039407	30222034	1
8	30222035	31497637	0
8	31497638	31534075	2
8	31534076	31976999	0
8	31977000	32000376	1
8	32000377	32018558	0
8	32018559	32037529	2
8	32037530	32165808	0
8	32165809	32217474	2
8	32217475	32240131	0
8	32240132	32280867	1
8	32280868	32298530	0
8	32298531	32328837	1
8	32328838	32431578	0
8	32431579	32431985	1
8	32431986	32452883	0
8	32452884	32526349	2
8	32526350	32530410	0
8	32530411	32561953	2
8	32561954	32563872	0
8	32563873	32604363	1
8	32604364	32604845	3
8	32604846	32609210	1
8	32609211	32950873	0
8	32950874	33017852	1
8	33017853	33104626	0
8	33104627	33121000	1
8	33121001	33239137	0
8	33239138	33345012	2
8	33345013	33345377	3
8	33345378	33392303	2
8	33392304	33433903	0
8	33433904	33463465	1
8	33463466	33514040	0
8	33514041	33518163	2
8	33518164	33543256	0
8	33543257	33661047	1
8	33661048	33816384	0
8	33816385	33879623	2
8	33879624	36125997	0
8	36125998	36254751	2
8	36254752	36264748	0
8	36264749	36314809	1
8	36314810	36321991	0
8	36321992	36374671	1
8	36374672	36385351	0
8	36385352	36388222	1
8	36388223	36403491	0
8	36403492	36410610	1
8	36410611	36410681	0
8	36410682	36416294	2
8	36416295	36416995	0
8	36416996	36467625	1
8	36467626	36467704	0
8	36467705	36477187	2
8	36477188	36625731	0
8	36625732	36710947	2
8	36710948	36714806	0
8	36714807	36720808	1
8	36720809	36744665	0
8	36744666	36760740	1
8	36760741	36763479	0
8	36763480	36764420	1
8	36764421	36766975	0
8	36766976	36769160	2
8	36769161	36815005	0
8	36815006	36817745	1
8	36817746	36840357	0
8	36840358	36842368	1
8	36842369	36850322	0
8	36850323	36851607	2
8	36851608	36874698	0
8	36874699	36876929	1
8	36876930	36909431	0
8	36909432	36910662	2
8	36910663	37014745	0
8	37014746	37016114	1
8	37016115	37024361	0
8	37024362	37026140	1
8	37026141	37064311	0
8	37064312	37069462	1
8	37069463	37080430	0
8	37080431	37093080	1
8	37093081	37125724	0
8	37125725	37126807	1
8	37126808	37156617	0
8	37156618	37158500	2
8	37158501	37208465	0
8	37208466	37210076	1
8	37210077	37348082	0
8	37348083	37349692	1
8	37349693	37446782	0
8	37446783	37450338	1
8	37450339	37557065	0
8	37557066	37558455	2
8	37558456	37702229	0
8	37702230	37705042	1
8	37705043	38150657	0
8	38150658	38154342	1
8	38154343	38240204	0
8	38240205	38241591	2
8	38241592	38396530	0
8	38396531	38397921	2
8	38397922	38545713	0
8	38545714	38549266	1
8	38549267	38685413	0
8	38685414	38696295	2
8	38696296	39083325	0
8	39083326	39093275	1
8	39093276	39164914	0
8	39164915	39170734	2
8	39170735	39181161	0
8	39181162	39243880	1
8	39243881	39254887	0
8	39254888	39266957	1
8	39266958	39305126	0
8	39305127	39350268	2
8	39350269	39361456	0
8	39361457	39551698	1
8	39551699	39687267	0
8	39687268	39702900	2
8	39702901	39708636	0
8	39708637	39734592	1
8	39734593	39762033	0
8	39762034	39830304	1
8	39830305	39848446	0
8	39848447	39865128	2
8	39865129	39878953	0
8	39878954	39890940	2
8	39890941	39892790	0
8	39892791	39907476	1
8	39907477	39960540	0
8	39960541	39993628	2
8	39993629	39997873	0
8	39997874	40008807	2
8	40008808	40009689	0
8	40009690	40014732	2
8	40014733	40015047	0
8	40015048	40023191	1
8	40023192	40067074	0
8	40067075	40078163	1
8	40078164	40078267	0
8	40078268	40113512	2
8	40113513	40114790	0
8	40114791	40122448	1
8	40122449	40126340	0
8	40126341	40137388	1
8	40137389	40191900	0
8	40191901	40192829	1
8	40192830	40219065	0
8	40219066	40219994	1
8	40219995	40258983	0
8	40258984	40259915	2
8	40259916	40262829	0
8	40262830	40263761	2
8	40263762	40285635	0
8	40285636	40286570	2
8	40286571	40345158	0
8	40345159	40346093	2
8	40346094	40383916	0
8	40383917	40384964	2
8	40384965	40410602	0
8	40410603	40411646	2
8	40411647	40448950	0
8	40448951	40449897	2
8	40449898	40488790	0
8	40488791	40489734	2
8	40489735	40505437	0
8	40505438	40506168	2
8	40506169	40524731	0
8	40524732	40563535	2
8	40563536	40564554	3
8	40564555	40692463	2
8	40692464	40707066	0
8	40707067	40708137	2
8	40708138	40764919	0
8	40764920	40765851	2
8	40765852	40879540	0
8	40879541	40883878	1
8	40883879	41146255	0
8	41146256	41150311	1
8	41150312	41235154	0
8	41235155	41236086	2
8	41236087	41247534	0
8	41247535	41248487	2
8	41248488	41252454	0
8	41252455	41253395	2
8	41253396	41285448	0
8	41285449	41286386	2
8	41286387	41302629	0
8	41302630	41303570	2
8	41303571	41336338	0
8	41336339	41337321	2
8	41337322	41350180	0
8	41350181	41351335	2
8	41351336	41358305	0
8	41358306	41359243	2
8	41359244	41365982	0
8	41365983	41366923	2
8	41366924	41394882	0
8	41394883	41395823	2
8	41395824	41442897	0
8	41442898	41445720	1
8	41445721	41553232	0
8	41553233	41554797	2
8	41554798	41657564	0
8	41657565	41661236	2
8	41661237	41701848	0
8	41701849	41702597	1
8	41702598	41898622	0
8	41898623	41899554	2
8	41899555	41911002	0
8	41911003	41911955	2
8	41911956	41915922	0
8	41915923	41916863	2
8	41916864	41936957	0
8	41936958	41937895	2
8	41937896	41954138	0
8	41954139	41955079	2
8	41955080	41987847	0
8	41987848	41988830	2
8	41988831	42001910	0
8	42001911	42002851	2
8	42002852	42009814	0
8	42009815	42010752	2
8	42010753	42017491	0
8	42017492	42018432	2
8	42018433	42046391	0
8	42046392	42047332	2
8	42047333	42260373	0
8	42260374	42261326	2
8	42261327	42265293	0
8	42265294	42266234	2
8	42266235	42284652	0
8	42284653	42285581	2
8	42285582	42296301	0
8	42296302	42297230	2
8	42297231	42301470	0
8	42301471	42302402	2
8	42302403	42308952	0
8	42308953	42309884	2
8	42309885	42322811	0
8	42322812	42323743	2
8	42323744	42338408	0
8	42338409	42339340	2
8	42339341	42347809	0
8	42347810	42348729	2
8	42348730	42364885	0
8	42364886	42365817	1
8	42365818	42376323	0
8	42376324	42377255	1
8	42377256	42381063	0
8	42381064	42381995	1
8	42381996	42409185	0
8	42409186	42410117	2
8	42410118	42429991	0
8	42429992	42430926	1
8	42430927	42443440	0
8	42443441	42466905	2
8	42466906	42511518	0
8	42511519	42512465	2
8	42512466	42549928	0
8	42549929	42550860	2
8	42550861	42613599	0
8	42613600	42614534	2
8	42614535	42650436	0
8	42650437	42651389	2
8	42651390	42663631	0
8	42663632	42664566	2
8	42664567	42779543	0
8	42779544	42780472	2
8	42780473	42791935	0
8	42791936	42793482	1
8	42793483	42817106	0
8	42817107	42818065	2
8	42818066	42833017	0
8	42833018	42833952	2
8	42833953	42846094	0
8	42846095	42847023	1
8	42847024	42870822	0
8	42870823	42871757	1
8	42871758	42885571	0
8	42885572	42886506	2
8	42886507	42943136	0
8	42943137	42944068	1
8	42944069	42978368	0
8	42978369	42979303	1
8	42979304	43006453	0
8	43006454	43007388	1
8	43007389	43023620	0
8	43023621	43024555	1
8	43024556	43043092	0
8	43043093	43044024	1
8	43044025	43054238	0
8	43054239	43055173	1
8	43055174	43082020	0
8	43082021	43082946	1
8	43082947	43191964	0
8	43191965	43192908	1
8	43192909	43208311	0
8	43208312	43209237	1
8	43209238	43234271	0
8	43234272	43235206	1
8	43235207	43248932	0
8	43248933	43249885	1
8	43249886	43282826	0
8	43282827	43283764	1
8	43283765	43303623	0
8	43303624	43304558	1
8	43304559	43315590	0
8	43315591	43336302	1
8	43336303	43348971	0
8	43348972	43349903	2
8	43349904	43355058	0
8	43355059	43356002	2
8	43356003	43382174	0
8	43382175	43383118	2
8	43383119	43408633	0
8	43408634	43409568	2
8	43409569	43442612	0
8	43442613	43443529	1
8	43443530	43469440	0
8	43469441	43470375	1
8	43470376	43479934	0
8	43479935	43480775	1
8	43480776	43496455	0
8	43496456	43497372	1
8	43497373	43523283	0
8	43523284	43524218	1
8	43524219	43533777	0
8	43533778	43534618	1
8	43534619	43566786	0
8	43566787	43567724	2
8	43567725	43590246	0
8	43590247	43591184	2
8	43591185	43606674	0
8	43606675	43607612	2
8	43607613	43628180	0
8	43628181	43629118	2
8	43629119	43644820	0
8	43644821	43645752	2
8	43645753	43660729	0
8	43660730	43661664	2
8	43661665	43675948	0
8	43675949	43676883	2
8	43676884	43705214	0
8	43705215	43706303	2
8	43706304	43722226	0
8	43722227	43723149	2
8	43723150	43733543	0
8	43733544	43734481	2
8	43734482	43747546	0
8	43747547	43748481	2
8	43748482	43763857	0
8	43763858	43764780	2
8	43764781	43781919	0
8	43781920	43782851	2
8	43782852	43795293	0
8	43795294	43796222	1
8	43796223	43803006	0
8	43803007	43816213	1
8	43816214	43848056	0
8	43848057	43848991	1
8	43848992	43853831	0
8	43853832	43854763	1
8	43854764	43872726	0
8	43872727	43873679	2
8	43873680	43907965	0
8	43907966	43908912	1
8	43908913	43919474	0
8	43919475	43920418	1
8	43920419	43969457	0
8	43969458	43970392	1
8	43970393	44001094	0
8	44001095	44004042	2
8	44004043	44043043	0
8	44043044	44043981	2
8	44043982	44047590	0
8	44047591	44068001	2
8	44068002	44136494	0
8	44136495	44159008	2
8	44159009	44165365	0
8	44165366	44327549	1
8	44327550	44497558	0
8	44497559	44506453	1
8	44506454	44548420	0
8	44548421	44565859	1
8	44565860	44638554	0
8	44638555	44667874	2
8	44667875	44847155	0
8	44847156	44975455	2
8	44975456	44990012	0
8	44990013	44993177	2
8	44993178	45061668	0
8	45061669	45065428	2
8	45065429	45084318	0
8	45084319	45137891	1
8	45137892	45153306	0
8	45153307	45215972	1
8	45215973	45223990	0
8	45223991	45375433	1
8	45375434	45561388	0
8	45561389	45562572	2
8	45562573	45797313	0
8	45797314	45806636	2
8	45806637	46525398	0
8	46525399	46537048	1
8	46537049	46603726	0
8	46603727	46675542	1
8	46675543	46694304	0
8	46694305	46750896	1
8	46750897	46757096	0
8	46757097	46757779	1
8	46757780	46806145	0
8	46806146	47036148	1
8	47036149	47036764	3
8	47036765	47094350	1
8	47094351	47259402	0
8	47259403	47393501	1
8	47393502	47396739	0
8	47396740	47404008	1
8	47404009	47410218	0
8	47410219	47494980	1
8	47494981	47511717	0
8	47511718	47529687	1
8	47529688	47674319	0
8	47674320	47699063	2
8	47699064	48094671	0
8	48094672	48157303	2
8	48157304	48382119	0
8	48382120	48386933	2
8	48386934	48406258	0
8	48406259	48430883	2
8	48430884	48437916	0
8	48437917	48443419	2
8	48443420	48443765	0
8	48443766	48445635	2
8	48445636	48447111	0
8	48447112	48449309	1
8	48449310	48472822	0
8	48472823	48480999	2
8	48481000	48489034	0
8	48489035	48564720	1
8	48564721	48569326	0
8	48569327	48577853	2
8	48577854	48577950	0
8	48577951	48582351	1
8	48582352	48584069	0
8	48584070	48597865	1
8	48597866	48606401	0
8	48606402	48619590	1
8	48619591	48628338	0
8	48628339	48634795	1
8	48634796	48641799	0
8	48641800	48652069	1
8	48652070	48657793	0
8	48657794	48664858	2
8	48664859	48665650	0
8	48665651	48666979	2
8	48666980	48667273	0
8	48667274	48674746	1
8	48674747	48677490	0
8	48677491	48692293	1
8	48692294	48699767	0
8	48699768	48711908	2
8	48711909	48716937	0
8	48716938	48723022	2
8	48723023	48723189	0
8	48723190	48727152	1
8	48727153	48727616	0
8	48727617	48729578	2
8	48729579	48729833	0
8	48729834	48736504	1
8	48736505	48754734	0
8	48754735	48762340	1
8	48762341	48772904	0
8	48772905	48774896	1
8	48774897	48801846	0
8	48801847	48802202	1
8	48802203	48805682	0
8	48805683	48834310	2
8	48834311	48836955	0
8	48836956	48850669	1
8	48850670	48925602	0
8	48925603	48958024	2
8	48958025	48983800	0
8	48983801	48997182	2
8	48997183	48997189	3
8	48997190	49045152	1
8	49045153	49051244	0
8	49051245	49075890	1
8	49075891	49077051	0
8	49077052	49097684	2
8	49097685	49100757	0
8	49100758	49106175	1
8	49106176	49106372	0
8	49106373	49109979	1
8	49109980	49114988	0
8	49114989	49158969	1
8	49158970	49220441	0
8	49220442	49227271	1
8	49227272	49229715	0
8	49229716	49271832	1
8	49271833	49274958	0
8	49274959	49280899	1
8	49280900	49282458	0
8	49282459	49287108	2
8	49287109	49297606	0
8	49297607	49308804	1
8	49308805	49342065	0
8	49342066	49353078	2
8	49353079	49354113	0
8	49354114	49376685	2
8	49376686	49378642	0
8	49378643	49410086	2
8	49410087	49418963	0
8	49418964	49427687	2
8	49427688	49441104	0
8	49441105	49456277	2
8	49456278	49469501	0
8	49469502	49502645	1
8	49502646	49544856	0
8	49544857	49547416	2
8	49547417	49560033	0
8	49560034	49573740	1
8	49573741	49621566	0
8	49621567	49650858	2
8	49650859	49676538	0
8	49676539	49703417	2
8	49703418	49710475	0
8	49710476	49716953	2
8	49716954	49737796	0
8	49737797	50055558	2
8	50055559	50070577	0
8	50070578	50126411	1
8	50126412	50139995	0
8	50139996	50162359	2
8	50162360	50166503	0
8	50166504	50199976	1
8	50199977	50200067	0
8	50200068	50222628	2
8	50222629	50222894	0
8	50222895	50246654	1
8	50246655	50259246	0
8	50259247	50277795	1
8	50277796	50310403	0
8	50310404	50520171	2
8	50520172	50525089	0
8	50525090	50526581	2
8	50526582	50526841	3
8	50526842	50526873	2
8	50526874	50529316	0
8	50529317	50531496	1
8	50531497	50537007	0
8	50537008	50538640	2
8	50538641	50539329	3
8	50539330	50539374	2
8	50539375	50559124	0
8	50559125	50561734	2
8	50561735	50563045	0
8	50563046	50572619	2
8	50572620	50573024	0
8	50573025	50588856	2
8	50588857	50593206	0
8	50593207	50604766	1
8	50604767	50605051	3
8	50605052	50608361	1
8	50608362	52127397	0
8	52127398	52189720	2
8	52189721	52729001	0
8	52729002	52733502	2
8	52733503	52751852	0
8	52751853	52763596	2
8	52763597	52802593	0
8	52802594	52814319	1
8	52814320	52823094	0
8	52823095	52828132	1
8	52828133	52829083	0
8	52829084	52830607	2
8	52830608	52925173	0
8	52925174	52937970	1
8	52937971	52985311	0
8	52985312	53146951	1
8	53146952	53211436	0
8	53211437	53223802	1
8	53223803	53248703	0
8	53248704	53277857	1
8	53277858	53295220	0
8	53295221	53355570	2
8	53355571	53361321	0
8	53361322	53362004	1
8	53362005	53365855	0
8	53365856	53390928	2
8	53390929	53411314	0
8	53411315	53429418	2
8	53429419	53678775	0
8	53678776	53743640	2
8	53743641	53751089	0
8	53751090	53758772	1
8	53758773	53770679	0
8	53770680	53816445	1
8	53816446	53839096	0
8	53839097	53901356	1
8	53901357	54925605	0
8	54925606	54937175	2
8	54937176	54954224	0
8	54954225	54961263	1
8	54961264	54965581	0
8	54965582	54993857	1
8	54993858	54998862	3
8	54998863	55016297	2
8	55016298	55028123	0
8	55028124	55037602	1
8	55037603	55037748	0
8	55037749	55038595	2
8	55038596	55039126	3
8	55039127	55050192	1
8	55050193	55050282	0
8	55050283	55058472	2
8	55058473	55062549	0
8	55062550	55087830	1
8	55087831	55091233	0
8	55091234	55162419	1
8	55162420	55164734	0
8	55164735	55171716	1
8	55171717	55176845	0
8	55176846	55177816	1
8	55177817	55178287	0
8	55178288	55182543	2
8	55182544	55191083	0
8	55191084	55194690	1
8	55194691	55196756	0
8	55196757	55201197	2
8	55201198	55202723	0
8	55202724	55265476	2
8	55265477	55275622	0
8	55275623	55276068	1
8	55276069	55279371	0
8	55279372	55301318	2
8	55301319	55308755	0
8	55308756	55408462	1
8	55408463	55447707	0
8	55447708	55467686	1
8	55467687	55471699	0
8	55471700	55491150	1
8	55491151	55504357	0
8	55504358	55508257	2
8	55508258	55603966	0
8	55603967	55631444	2
8	55631445	55674838	0
8	55674839	55681928	1
8	55681929	55694802	0
8	55694803	55696599	1
8	55696600	56179635	0
8	56179636	56264261	2
8	56264262	56373721	0
8	56373722	56393231	1
8	56393232	56411909	0
8	56411910	56502067	2
8	56502068	56585394	0
8	56585395	56610610	2
8	56610611	56641806	0
8	56641807	56696966	1
8	56696967	57248618	0
8	57248619	57255261	1
8	57255262	57667470	0
8	57667471	57830502	1
8	57830503	57847514	0
8	57847515	57861540	2
8	57861541	57886166	0
8	57886167	57962706	2
8	57962707	57964986	0
8	57964987	57982598	2
8	57982599	57983554	0
8	57983555	58011960	2
8	58011961	58015938	0
8	58015939	58120043	1
8	58120044	58120177	0
8	58120178	58158050	2
8	58158051	58166988	0
8	58166989	58195882	1
8	58195883	58202819	0
8	58202820	58253686	1
8	58253687	58272096	0
8	58272097	58293100	1
8	58293101	58347734	0
8	58347735	58391597	2
8	58391598	58431405	0
8	58431406	58435652	2
8	58435653	58486076	0
8	58486077	58542842	1
8	58542843	58602125	0
8	58602126	58647931	1
8	58647932	58744847	0
8	58744848	58772406	1
8	58772407	58870514	0
8	58870515	58914601	2
8	58914602	58932578	0
8	58932579	59077688	1
8	59077689	59111269	0
8	59111270	59121537	2
8	59121538	59123077	0
8	59123078	59139944	1
8	59139945	59164570	0
8	59164571	59183906	2
8	59183907	59184111	0
8	59184112	59239952	1
8	59239953	59278260	0
8	59278261	59294001	2
8	59294002	59296344	0
8	59296345	59313572	1
8	59313573	59344081	0
8	59344082	59352130	2
8	59352131	59420121	0
8	59420122	59501116	2
8	59501117	59507988	0
8	59507989	59529364	2
8	59529365	59532387	0
8	59532388	59539915	2
8	59539916	59561719	0
8	59561720	59590170	2
8	59590171	59592401	0
8	59592402	59607273	1
8	59607274	59609691	0
8	59609692	59629131	1
8	59629132	59711547	0
8	59711548	59766887	2
8	59766888	59769992	0
8	59769993	59782972	2
8	59782973	59786063	3
8	59786064	59849488	1
8	59849489	59900649	0
8	59900650	60014361	2
8	60014362	60028787	0
8	60028788	60086401	1
8	60086402	60117727	0
8	60117728	60122209	2
8	60122210	60126622	0
8	60126623	60570056	1
8	60570057	60683181	0
8	60683182	60683630	1
8	60683631	60709849	0
8	60709850	60726934	2
8	60726935	60751563	0
8	60751564	60752045	1
8	60752046	60760076	0
8	60760077	60799359	2
8	60799360	60806847	0
8	60806848	60830446	1
8	60830447	60867817	0
8	60867818	61079524	1
8	61079525	61080101	0
8	61080102	61157609	2
8	61157610	61274015	0
8	61274016	61290238	1
8	61290239	61516266	0
8	61516267	61519505	1
8	61519506	61532463	0
8	61532464	61567508	2
8	61567509	61584654	0
8	61584655	61595030	1
8	61595031	61603989	0
8	61603990	61604378	2
8	61604379	61607013	0
8	61607014	61608455	2
8	61608456	61615648	0
8	61615649	61648388	2
8	61648389	61659443	0
8	61659444	61739432	2
8	61739433	61762766	0
8	61762767	61803097	2
8	61803098	61805675	0
8	61805676	61816798	2
8	61816799	61817256	0
8	61817257	61823100	1
8	61823101	61833324	0
8	61833325	61836943	1
8	61836944	61901126	0
8	61901127	61908509	2
8	61908510	61913587	0
8	61913588	61919872	1
8	61919873	62085545	0
8	62085546	62109164	1
8	62109165	62193703	0
8	62193704	62215291	1
8	62215292	62220890	0
8	62220891	62248015	1
8	62248016	62283334	0
8	62283335	62284714	2
8	62284715	62298356	0
8	62298357	62309763	2
8	62309764	62317263	0
8	62317264	62322881	2
8	62322882	62324090	0
8	62324091	62332113	1
8	62332114	62341611	0
8	62341612	62368212	2
8	62368213	62368996	0
8	62368997	62374502	2
8	62374503	62379500	0
8	62379501	62386262	1
8	62386263	62386804	0
8	62386805	62399646	1
8	62399647	62405713	0
8	62405714	62424301	1
8	62424302	62451327	0
8	62451328	62458299	1
8	62458300	62472093	0
8	62472094	62478145	2
8	62478146	62482138	0
8	62482139	62526200	2
8	62526201	62528223	0
8	62528224	62542620	1
8	62542621	62569526	0
8	62569527	62616826	1
8	62616827	62696718	0
8	62696719	62714015	2
8	62714016	62723786	0
8	62723787	62745866	2
8	62745867	62779873	0
8	62779874	62809891	2
8	62809892	62811171	0
8	62811172	62893085	1
8	62893086	62925355	0
8	62925356	62944435	2
8	62944436	62946730	0
8	62946731	62948718	1
8	62948719	62984550	0
8	62984551	62987180	1
8	62987181	63004868	0
8	63004869	63034224	1
8	63034225	63036974	0
8	63036975	63045028	2
8	63045029	63067298	0
8	63067299	63092007	1
8	63092008	63119393	0
8	63119394	63119605	2
8	63119606	63138800	0
8	63138801	63155823	1
8	63155824	63286771	0
8	63286772	63291609	2
8	63291610	63291964	3
8	63291965	63301912	2
8	63301913	63318017	0
8	63318018	63350267	1
8	63350268	63379085	0
8	63379086	63445642	2
8	63445643	63445684	3
8	63445685	63533544	1
8	63533545	63600661	0
8	63600662	63639652	2
8	63639653	63653264	0
8	63653265	63750529	1
8	63750530	64088911	0
8	64088912	64116830	2
8	64116831	64121390	0
8	64121391	64154394	1
8	64154395	64166358	0
8	64166359	64268553	1
8	64268554	64299644	0
8	64299645	64305328	1
8	64305329	64325433	0
8	64325434	64350771	2
8	64350772	64364739	0
8	64364740	64428384	2
8	64428385	64440212	0
8	64440213	64472441	2
8	64472442	64481170	0
8	64481171	64502720	2
8	64502721	64531592	0
8	64531593	64539365	2
8	64539366	64559013	0
8	64559014	64572848	1
8	64572849	64573356	0
8	64573357	64777541	2
8	64777542	64797516	0
8	64797517	64800465	1
8	64800466	65481590	0
8	65481591	65587656	1
8	65587657	65611568	0
8	65611569	65632704	2
8	65632705	65686646	0
8	65686647	65774987	2
8	65774988	66296881	0
8	66296882	66342174	2
8	66342175	66862141	0
8	66862142	66863474	1
8	66863475	66866080	0
8	66866081	66893194	1
8	66893195	66899988	0
8	66899989	66975930	1
8	66975931	67006590	0
8	67006591	67040003	1
8	67040004	67217800	0
8	67217801	67232296	1
8	67232297	67295725	0
8	67295726	67333245	2
8	67333246	67376292	0
8	67376293	67492035	1
8	67492036	67615633	0
8	67615634	67683971	2
8	67683972	67694902	0
8	67694903	67708302	1
8	67708303	67733213	0
8	67733214	67748170	2
8	67748171	67753277	0
8	67753278	67765356	2
8	67765357	67771718	0
8	67771719	67869017	1
8	67869018	68030619	0
8	68030620	68038531	1
8	68038532	68055970	0
8	68055971	68282588	1
8	68282589	68308266	0
8	68308267	68525922	1
8	68525923	68526091	0
8	68526092	68563016	2
8	68563017	68569528	0
8	68569529	68678347	1
8	68678348	68898294	0
8	68898295	68966106	1
8	68966107	69070992	0
8	69070993	69086990	2
8	69086991	69091953	0
8	69091954	69121190	1
8	69121191	69121680	0
8	69121681	69126803	2
8	69126804	69127706	0
8	69127707	69131537	2
8	69131538	69134221	0
8	69134222	69164756	1
8	69164757	69449799	0
8	69449800	69466616	1
8	69466617	69484172	0
8	69484173	69489035	2
8	69489036	69489889	3
8	69489890	69531213	1
8	69531214	69568514	0
8	69568515	69593221	1
8	69593222	69753371	0
8	69753372	69768303	2
8	69768304	69771195	0
8	69771196	69807824	1
8	69807825	69971776	0
8	69971777	70184740	2
8	70184741	70192973	0
8	70192974	70215717	1
8	70215718	70269099	0
8	70269100	70270307	1
8	70270308	70317584	0
8	70317585	70406749	2
8	70406750	70408526	0
8	70408527	70436026	1
8	70436027	70447038	0
8	70447039	70471135	2
8	70471136	70471570	0
8	70471571	70509872	1
8	70509873	70522090	0
8	70522091	70573422	2
8	70573423	70603247	0
8	70603248	70624923	2
8	70624924	70630765	0
8	70630766	70684113	2
8	70684114	70708871	0
8	70708872	70729983	2
8	70729984	70760920	0
8	70760921	70775889	2
8	70775890	70789254	0
8	70789255	70843121	2
8	70843122	70860669	0
8	70860670	70875469	2
8	70875470	70884489	0
8	70884490	70896499	2
8	70896500	70915951	0
8	70915952	70930177	2
8	70930178	70930345	0
8	70930346	70932984	1
8	70932985	70952201	0
8	70952202	70986406	2
8	70986407	70994561	0
8	70994562	71022329	2
8	71022330	71035307	0
8	71035308	71055967	1
8	71055968	71094088	0
8	71094089	71118925	1
8	71118926	71125412	0
8	71125413	71132627	2
8	71132628	71167303	0
8	71167304	71200534	2
8	71200535	71216176	0
8	71216177	71228711	2
8	71228712	71230828	0
8	71230829	71337744	1
8	71337745	71371368	0
8	71371369	71514279	1
8	71514280	71526180	3
8	71526181	71533457	1
8	71533458	71547466	0
8	71547467	71679664	2
8	71679665	71719561	0
8	71719562	71725560	2
8	71725561	71725769	0
8	71725770	71728683	1
8	71728684	71745894	0
8	71745895	71784549	1
8	71784550	71786308	0
8	71786309	71798264	2
8	71798265	71822127	0
8	71822128	71941908	2
8	71941909	72029487	0
8	72029488	72198041	2
8	72198042	72198356	3
8	72198357	72204728	1
8	72204729	72207970	0
8	72207971	72284871	1
8	72284872	72405746	0
8	72405747	72460238	2
8	72460239	72476423	0
8	72476424	72629263	1
8	72629264	72638001	0
8	72638002	72714662	1
8	72714663	72741153	0
8	72741154	72746088	2
8	72746089	72750169	0
8	72750170	72766387	1
8	72766388	72814738	0
8	72814739	72842226	1
8	72842227	73014135	0
8	73014136	73194835	1
8	73194836	73593308	0
8	73593309	73594330	2
8	73594331	73672293	0
8	73672294	73673315	1
8	73673316	73682885	0
8	73682886	73842926	2
8	73842927	74868679	0
8	74868680	74877835	2
8	74877836	75516902	0
8	75516903	75607210	2
8	75607211	75625172	0
8	75625173	75666864	2
8	75666865	75687098	0
8	75687099	75723592	2
8	75723593	75992753	0
8	75992754	75995369	1
8	75995370	76239583	0
8	76239584	76239993	1
8	76239994	76400339	0
8	76400340	76435471	2
8	76435472	76449079	0
8	76449080	76452552	1
8	76452553	76521655	0
8	76521656	76579385	1
8	76579386	76754490	0
8	76754491	76839591	2
8	76839592	76864342	0
8	76864343	76940194	1
8	76940195	76977820	0
8	76977821	77022835	2
8	77022836	77035145	0
8	77035146	77088467	1
8	77088468	77088682	3
8	77088683	77089095	1
8	77089096	77107534	0
8	77107535	77237481	2
8	77237482	77272568	0
8	77272569	77398246	1
8	77398247	77559622	0
8	77559623	77599779	1
8	77599780	77640220	0
8	77640221	77719487	2
8	77719488	77978302	0
8	77978303	77979783	1
8	77979784	77985188	0
8	77985189	78096388	1
8	78096389	78126673	0
8	78126674	78233428	1
8	78233429	78345752	0
8	78345753	78655854	1
8	78655855	78858568	0
8	78858569	78949445	2
8	78949446	79054235	0
8	79054236	79075120	2
8	79075121	79083520	0
8	79083521	79119718	1
8	79119719	79159368	0
8	79159369	79279960	2
8	79279961	79323406	0
8	79323407	79408831	2
8	79408832	79419393	0
8	79419394	79420596	2
8	79420597	79489788	0
8	79489789	79593804	2
8	79593805	79606787	0
8	79606788	79627164	2
8	79627165	79638694	0
8	79638695	79651882	2
8	79651883	79655971	0
8	79655972	79660437	1
8	79660438	79660655	0
8	79660656	79691405	2
8	79691406	79692037	3
8	79692038	79715282	1
8	79715283	79722332	0
8	79722333	79776219	2
8	79776220	79781981	0
8	79781982	79783590	2
8	79783591	79792585	0
8	79792586	79801592	2
8	79801593	79862664	0
8	79862665	79862972	1
8	79862973	80203607	0
8	80203608	80631924	1
8	80631925	80662760	0
8	80662761	80663170	2
8	80663171	80965253	0
8	80965254	81039244	2
8	81039245	81752703	0
8	81752704	81754390	2
8	81754391	81766039	0
8	81766040	81793575	2
8	81793576	81863617	0
8	81863618	81941534	2
8	81941535	81949875	0
8	81949876	81968587	2
8	81968588	82037975	0
8	82037976	82156615	2
8	82156616	82171495	0
8	82171496	82247542	2
8	82247543	82257847	0
8	82257848	82285182	2
8	82285183	82288703	0
8	82288704	82294742	2
8	82294743	82328018	0
8	82328019	82351106	1
8	82351107	82380755	0
8	82380756	82405642	2
8	82405643	82432167	0
8	82432168	82492241	1
8	82492242	82506932	0
8	82506933	82533687	1
8	82533688	82560759	0
8	82560760	82577017	2
8	82577018	82582350	0
8	82582351	82641534	1
8	82641535	82878939	0
8	82878940	82950271	2
8	82950272	83070543	0
8	83070544	83205439	2
8	83205440	83236101	0
8	83236102	83280886	1
8	83280887	83307682	0
8	83307683	83421610	1
8	83421611	83613021	0
8	83613022	83693470	1
8	83693471	84279227	0
8	84279228	84320744	1
8	84320745	84434782	0
8	84434783	84632815	1
8	84632816	84720549	0
8	84720550	84835058	1
8	84835059	84945442	0
8	84945443	84968809	2
8	84968810	85059049	0
8	85059050	85097466	2
8	85097467	85259980	0
8	85259981	85285981	2
8	85285982	85355764	0
8	85355765	85369000	2
8	85369001	85388331	0
8	85388332	85413482	1
8	85413483	85413535	0
8	85413536	85472692	2
8	85472693	85489551	0
8	85489552	85490048	2
8	85490049	85497555	0
8	85497556	85518877	2
8	85518878	85553732	0
8	85553733	85565177	2
8	85565178	85605653	0
8	85605654	85620114	2
8	85620115	85633468	0
8	85633469	85634299	2
8	85634300	85640053	0
8	85640054	85645716	1
8	85645717	85711793	0
8	85711794	85712645	1
8	85712646	85719494	0
8	85719495	85720788	1
8	85720789	85749786	0
8	85749787	85750080	1
8	85750081	85750355	3
8	85750356	85777508	2
8	85777509	85789761	0
8	85789762	85803431	1
8	85803432	85808123	0
8	85808124	85831935	2
8	85831936	85838867	0
8	85838868	85840816	1
8	85840817	85891255	0
8	85891256	85926448	1
8	85926449	85951189	0
8	85951190	86065407	2
8	86065408	86281897	0
8	86281898	86286989	1
8	86286990	86817359	0
8	86817360	86817631	1
8	86817632	86870836	0
8	86870837	86870934	1
8	86870935	87040797	0
8	87040798	87158366	1
8	87158367	87205309	0
8	87205310	87209528	2
8	87209529	87213625	3
8	87213626	87213807	2
8	87213808	87223946	0
8	87223947	87245949	1
8	87245950	87256262	0
8	87256263	87419562	1
8	87419563	87486425	0
8	87486426	87563650	2
8	87563651	87630914	0
8	87630915	87731267	2
8	87731268	87733543	0
8	87733544	87879886	1
8	87879887	89129451	0
8	89129452	89130989	1
8	89130990	89369415	0
8	89369416	89556940	2
8	89556941	90304146	0
8	90304147	90304652	2
8	90304653	90343152	0
8	90343153	90360084	2
8	90360085	90392141	0
8	90392142	90483075	1
8	90483076	90628207	0
8	90628208	90664552	1
8	90664553	90926309	0
8	90926310	90984222	1
8	90984223	91070071	0
8	91070072	91160256	2
8	91160257	91310628	0
8	91310629	91338841	1
8	91338842	91368109	0
8	91368110	91405991	2
8	91405992	91464227	0
8	91464228	91656132	2
8	91656133	91820781	0
8	91820782	91821185	2
8	91821186	92937737	0
8	92937738	92942074	1
8	92942075	93324474	0
8	93324475	93390303	1
8	93390304	93439646	0
8	93439647	93440005	2
8	93440006	93491759	0
8	93491760	93495128	2
8	93495129	93948765	0
8	93948766	94120456	1
8	94120457	94122726	0
8	94122727	94225029	2
8	94225030	94225513	0
8	94225514	94243213	1
8	94243214	94243370	0
8	94243371	94246494	2
8	94246495	94256837	0
8	94256838	94368832	1
8	94368833	94423806	0
8	94423807	94440501	2
8	94440502	94447548	0
8	94447549	94564523	1
8	94564524	94686936	0
8	94686937	94691039	2
8	94691040	94693288	0
8	94693289	94757986	2
8	94757987	94801334	0
8	94801335	94857441	2
8	94857442	94863280	0
8	94863281	94922015	1
8	94922016	95359352	0
8	95359353	95387361	1
8	95387362	95968650	0
8	95968651	96012694	2
8	96012695	96023443	0
8	96023444	96088403	1
8	96088404	96105023	0
8	96105024	96266340	1
8	96266341	96356086	0
8	96356087	96380768	2
8	96380769	96395315	0
8	96395316	96401463	2
8	96401464	96436119	0
8	96436120	96547566	1
8	96547567	96551243	0
8	96551244	96559481	2
8	96559482	96564875	0
8	96564876	96614346	2
8	96614347	96977535	0
8	96977536	96985556	1
8	96985557	97075158	0
8	97075159	97083118	1
8	97083119	97105069	0
8	97105070	97115025	1
8	97115026	97277454	0
8	97277455	97405100	2
8	97405101	97439159	0
8	97439160	97458285	2
8	97458286	97474090	0
8	97474091	97494832	1
8	97494833	97535775	0
8	97535776	97575653	2
8	97575654	97577563	0
8	97577564	97647070	1
8	97647071	98734293	0
8	98734294	98738444	1
8	98738445	98745308	0
8	98745309	98761838	2
8	98761839	99568956	0
8	99568957	99579253	2
8	99579254	99625543	0
8	99625544	99783325	2
8	99783326	99880071	0
8	99880072	99918823	2
8	99918824	99977332	0
8	99977333	100059734	2
8	100059735	100260047	0
8	100260048	100261078	2
8	100261079	102088503	0
8	102088504	102159826	1
8	102159827	102304093	0
8	102304094	103022617	2
8	103022618	103188649	0
8	103188650	103190241	1
8	103190242	103246556	0
8	103246557	103298925	1
8	103298926	103337470	0
8	103337471	103339766	2
8	103339767	103342927	0
8	103342928	103351678	2
8	103351679	103459159	0
8	103459160	103484533	2
8	103484534	103503983	0
8	103503984	103554466	1
8	103554467	103557362	0
8	103557363	103608911	1
8	103608912	103673409	0
8	103673410	103770945	2
8	103770946	103774356	0
8	103774357	103878897	2
8	103878898	103938518	0
8	103938519	104000248	2
8	104000249	104040932	0
8	104040933	104155399	2
8	104155400	104155773	3
8	104155774	104176444	2
8	104176445	104190030	0
8	104190031	104221340	1
8	104221341	104326717	0
8	104326718	104335727	1
8	104335728	104414565	0
8	104414566	104542315	1
8	104542316	104589619	0
8	104589620	104593623	1
8	104593624	104724741	0
8	104724742	104790637	1
8	104790638	104840938	0
8	104840939	104912957	1
8	104912958	104966122	0
8	104966123	104995723	1
8	104995724	105087992	0
8	105087993	105088399	1
8	105088400	105204991	0
8	105204992	105226586	1
8	105226587	105323835	0
8	105323836	105462166	1
8	105462167	106317122	0
8	106317123	106429520	2
8	106429521	106449319	0
8	106449320	106470840	2
8	106470841	106503502	0
8	106503503	106527709	2
8	106527710	106586687	0
8	106586688	106602835	2
8	106602836	106604377	0
8	106604378	106617595	1
8	106617596	106816150	0
8	106816151	106827578	2
8	106827579	106832986	0
8	106832987	106858541	1
8	106858542	106863492	0
8	106863493	106870992	1
8	106870993	107106980	0
8	107106981	107129878	2
8	107129879	107155218	0
8	107155219	107155928	2
8	107155929	107194549	0
8	107194550	107195673	2
8	107195674	107225210	0
8	107225211	107241222	2
8	107241223	107249304	0
8	107249305	107272120	1
8	107272121	107275723	0
8	107275724	107380931	1
8	107380932	107480648	0
8	107480649	107490091	1
8	107490092	107495364	0
8	107495365	107548267	2
8	107548268	107555275	0
8	107555276	107602261	1
8	107602262	107629026	0
8	107629027	107681510	1
8	107681511	107699478	0
8	107699479	107717311	2
8	107717312	107723357	0
8	107723358	107819048	1
8	107819049	107826422	0
8	107826423	107838337	2
8	107838338	107859364	0
8	107859365	107865787	2
8	107865788	107875989	0
8	107875990	107916292	2
8	107916293	107934858	0
8	107934859	107952528	1
8	107952529	108107863	0
8	108107864	108109799	1
8	108109800	108260645	0
8	108260646	108261019	1
8	108261020	108747202	0
8	108747203	108777715	1
8	108777716	108787796	0
8	108787797	108847777	1
8	108847778	108854144	0
8	108854145	108880877	1
8	108880878	108958044	0
8	108958045	109342736	2
8	109342737	109368622	0
8	109368623	109418870	1
8	109418871	109455784	0
8	109455785	109478582	2
8	109478583	109482612	0
8	109482613	109621406	1
8	109621407	110376952	0
8	110376953	110812998	1
8	110812999	110982775	0
8	110982776	111022383	2
8	111022384	111064047	0
8	111064048	111107356	1
8	111107357	111115772	3
8	111115773	111116012	1
8	111116013	111209906	0
8	111209907	111226224	2
8	111226225	111239920	0
8	111239921	111241459	2
8	111241460	111326431	0
8	111326432	111397865	2
8	111397866	111495329	0
8	111495330	111577831	2
8	111577832	111600530	0
8	111600531	111668806	2
8	111668807	111673545	0
8	111673546	111721331	1
8	111721332	111727982	0
8	111727983	111777675	1
8	111777676	111790676	0
8	111790677	111827149	2
8	111827150	111839089	0
8	111839090	111850391	1
8	111850392	111908612	0
8	111908613	111965887	1
8	111965888	111970286	0
8	111970287	111984570	1
8	111984571	112526551	0
8	112526552	112575743	2
8	112575744	112578588	0
8	112578589	112594259	1
8	112594260	112594689	0
8	112594690	112644220	2
8	112644221	112648878	3
8	112648879	112676278	2
8	112676279	112698346	0
8	112698347	112807596	1
8	112807597	112834705	0
8	112834706	112884075	1
8	112884076	113105812	0
8	113105813	113586416	2
8	113586417	113603531	0
8	113603532	113626891	2
8	113626892	113672756	0
8	113672757	113675126	1
8	113675127	113687973	0
8	113687974	113689679	1
8	113689680	113704285	0
8	113704286	113704527	1
8	113704528	113787126	0
8	113787127	113936989	1
8	113936990	113937095	3
8	113937096	113954830	2
8	113954831	113955645	0
8	113955646	114013621	1
8	114013622	114184553	0
8	114184554	114217319	1
8	114217320	114300255	0
8	114300256	114350679	2
8	114350680	114353823	0
8	114353824	114449954	1
8	114449955	114529014	0
8	114529015	114617464	1
8	114617465	114670629	0
8	114670630	114766801	1
8	114766802	114848082	0
8	114848083	114853101	1
8	114853102	114866766	0
8	114866767	114884633	2
8	114884634	114888744	0
8	114888745	114892908	1
8	114892909	114897009	0
8	114897010	114909529	2
8	114909530	114916120	0
8	114916121	114920169	2
8	114920170	114927720	0
8	114927721	114940175	1
8	114940176	114986324	0
8	114986325	115050726	2
8	115050727	115069093	0
8	115069094	115076128	2
8	115076129	115131365	0
8	115131366	115133399	2
8	115133400	115134763	0
8	115134764	115140078	1
8	115140079	115141537	0
8	115141538	115149525	1
8	115149526	115150512	0
8	115150513	115154548	2
8	115154549	115155468	0
8	115155469	115165704	2
8	115165705	115166408	0
8	115166409	115167484	1
8	115167485	115173451	0
8	115173452	115179189	1
8	115179190	115179891	0
8	115179892	115188586	2
8	115188587	115193144	0
8	115193145	115195666	2
8	115195667	115213469	0
8	115213470	115214893	2
8	115214894	115234409	0
8	115234410	115263546	1
8	115263547	115271882	0
8	115271883	115274163	1
8	115274164	115328533	0
8	115328534	115329544	2
8	115329545	115344997	0
8	115344998	115358044	1
8	115358045	115360711	0
8	115360712	115388264	1
8	115388265	115394969	0
8	115394970	115451403	1
8	115451404	115511972	0
8	115511973	115512244	2
8	115512245	115546710	0
8	115546711	115615280	2
8	115615281	115618553	0
8	115618554	115621392	1
8	115621393	115623176	0
8	115623177	115626378	1
8	115626379	115629581	0
8	115629582	115981908	1
8	115981909	116012119	0
8	116012120	116045952	1
8	116045953	116054463	0
8	116054464	116060721	2
8	116060722	116082003	0
8	116082004	116092761	1
8	116092762	116094849	0
8	116094850	116104662	2
8	116104663	116154734	0
8	116154735	116284983	2
8	116284984	116289588	0
8	116289589	116294452	2
8	116294453	116295327	0
8	116295328	116297856	1
8	116297857	116297948	0
8	116297949	116301120	2
8	116301121	116302511	0
8	116302512	116306868	2
8	116306869	116307139	0
8	116307140	116318287	2
8	116318288	116318961	0
8	116318962	116322179	2
8	116322180	116324038	0
8	116324039	116328976	2
8	116328977	116332794	0
8	116332795	116335433	2
8	116335434	116336439	0
8	116336440	116342144	2
8	116342145	116343094	0
8	116343095	116348312	2
8	116348313	116348749	0
8	116348750	116349894	1
8	116349895	116354071	0
8	116354072	116361341	1
8	116361342	116370742	0
8	116370743	116391305	1
8	116391306	116406239	0
8	116406240	116422364	1
8	116422365	116433300	0
8	116433301	116469913	1
8	116469914	116502935	0
8	116502936	116532167	1
8	116532168	116535401	0
8	116535402	116635849	1
8	116635850	116657369	0
8	116657370	116682176	2
8	116682177	116686599	0
8	116686600	116700130	2
8	116700131	116708025	0
8	116708026	116711714	2
8	116711715	116715753	0
8	116715754	116730059	2
8	116730060	116730639	0
8	116730640	116750707	2
8	116750708	116754176	0
8	116754177	116762999	2
8	116763000	116764124	3
8	116764125	116764778	1
8	116764779	116771980	0
8	116771981	116773866	2
8	116773867	116776492	0
8	116776493	116779154	2
8	116779155	116804449	0
8	116804450	116823538	2
8	116823539	116826678	0
8	116826679	116829048	2
8	116829049	116856157	3
8	116856158	116856546	1
8	116856547	116857682	0
8	116857683	116862421	2
8	116862422	116862623	0
8	116862624	116872213	1
8	116872214	116873719	0
8	116873720	116965394	1
8	116965395	116980495	0
8	116980496	116993191	1
8	116993192	117062882	0
8	117062883	117068128	2
8	117068129	117068580	0
8	117068581	117077911	2
8	117077912	117079093	0
8	117079094	117082160	1
8	117082161	117106574	0
8	117106575	117116165	2
8	117116166	117117428	0
8	117117429	117118520	2
8	117118521	117126690	0
8	117126691	117175233	2
8	117175234	117183341	0
8	117183342	117211168	1
8	117211169	117221365	0
8	117221366	117231027	2
8	117231028	117231767	0
8	117231768	117237227	1
8	117237228	117246374	0
8	117246375	117250278	2
8	117250279	117268335	0
8	117268336	117280515	2
8	117280516	117280703	0
8	117280704	117291349	2
8	117291350	117297668	0
8	117297669	117305700	2
8	117305701	117307337	0
8	117307338	117346734	2
8	117346735	117347027	0
8	117347028	117351608	2
8	117351609	117351627	0
8	117351628	117353670	1
8	117353671	117355941	0
8	117355942	117358785	2
8	117358786	117358816	3
8	117358817	117382713	1
8	117382714	117387008	0
8	117387009	117446017	1
8	117446018	117455260	0
8	117455261	117476732	2
8	117476733	117486081	0
8	117486082	117546368	2
8	117546369	117574159	0
8	117574160	117599846	2
8	117599847	117600747	0
8	117600748	117611920	2
8	117611921	117620315	0
8	117620316	117648026	2
8	117648027	117648743	0
8	117648744	117659802	2
8	117659803	117660962	0
8	117660963	117661916	2
8	117661917	117679276	0
8	117679277	117691069	2
8	117691070	117694603	0
8	117694604	117726842	2
8	117726843	117727875	0
8	117727876	117728762	2
8	117728763	117737115	0
8	117737116	117775384	2
8	117775385	117780889	0
8	117780890	117795917	2
8	117795918	117796126	0
8	117796127	117797425	1
8	117797426	117797840	0
8	117797841	117811973	1
8	117811974	117812097	0
8	117812098	117815723	2
8	117815724	117820411	3
8	117820412	117830866	2
8	117830867	117836699	0
8	117836700	117856687	2
8	117856688	117871440	0
8	117871441	117890928	1
8	117890929	117906012	0
8	117906013	117917840	2
8	117917841	117920942	0
8	117920943	117928193	2
8	117928194	117930544	0
8	117930545	117932516	1
8	117932517	117953442	0
8	117953443	117971517	2
8	117971518	118013610	0
8	118013611	118159931	2
8	118159932	118160297	0
8	118160298	118187789	1
8	118187790	118206696	0
8	118206697	118325535	2
8	118325536	118333704	0
8	118333705	118347580	2
8	118347581	118378027	0
8	118378028	118378057	1
8	118378058	118378458	3
8	118378459	118378476	2
8	118378477	118392771	0
8	118392772	118414601	2
8	118414602	118428287	0
8	118428288	118436892	1
8	118436893	118525680	0
8	118525681	118541071	2
8	118541072	118570501	0
8	118570502	118628649	2
8	118628650	118628775	0
8	118628776	118651236	1
8	118651237	118662333	0
8	118662334	118665697	2
8	118665698	118671310	0
8	118671311	118696185	1
8	118696186	118744227	0
8	118744228	118794990	2
8	118794991	118803073	0
8	118803074	118888222	2
8	118888223	118890397	0
8	118890398	118893700	1
8	118893701	118893993	0
8	118893994	118926476	1
8	118926477	118926611	3
8	118926612	118977049	2
8	118977050	118988051	0
8	118988052	119012669	1
8	119012670	119030873	0
8	119030874	119036994	2
8	119036995	119064349	0
8	119064350	119070628	2
8	119070629	119083898	0
8	119083899	119097705	2
8	119097706	119112676	0
8	119112677	119118531	2
8	119118532	119121667	0
8	119121668	119133544	2
8	119133545	119135011	0
8	119135012	119141148	2
8	119141149	119142432	0
8	119142433	119157069	1
8	119157070	119160729	0
8	119160730	119174828	2
8	119174829	119214539	0
8	119214540	119214982	2
8	119214983	119215493	0
8	119215494	119219230	1
8	119219231	119228610	0
8	119228611	119259643	2
8	119259644	119260616	0
8	119260617	119261745	1
8	119261746	119262218	3
8	119262219	119265155	1
8	119265156	119285666	0
8	119285667	119286022	2
8	119286023	119290414	0
8	119290415	119313259	2
8	119313260	119324611	0
8	119324612	119326936	1
8	119326937	119382009	0
8	119382010	119483041	2
8	119483042	119486689	0
8	119486690	119523962	1
8	119523963	119524037	0
8	119524038	119531385	2
8	119531386	119566507	0
8	119566508	119644247	2
8	119644248	119691386	0
8	119691387	119744504	2
8	119744505	119821899	0
8	119821900	119889659	1
8	119889660	120323895	0
8	120323896	120446505	1
8	120446506	121916183	0
8	121916184	121973123	1
8	121973124	122003914	0
8	122003915	122185493	2
8	122185494	122197025	0
8	122197026	122240355	2
8	122240356	122243014	0
8	122243015	122311429	1
8	122311430	122331581	0
8	122331582	122368366	2
8	122368367	122382615	0
8	122382616	122402195	1
8	122402196	122417530	0
8	122417531	122421382	1
8	122421383	122439326	0
8	122439327	122511937	2
8	122511938	122530622	0
8	122530623	122532068	1
8	122532069	122553013	0
8	122553014	122604785	1
8	122604786	122634683	0
8	122634684	122679718	1
8	122679719	122743187	0
8	122743188	122776804	2
8	122776805	122789451	0
8	122789452	122807558	2
8	122807559	122812457	0
8	122812458	122841475	1
8	122841476	122848499	0
8	122848500	122904911	1
8	122904912	122954946	0
8	122954947	122987189	1
8	122987190	123126665	0
8	123126666	123293055	2
8	123293056	123293560	3
8	123293561	123371255	1
8	123371256	123828749	0
8	123828750	123829747	1
8	123829748	124312752	0
8	124312753	124399492	1
8	124399493	124661837	0
8	124661838	125645896	1
8	125645897	126305189	0
8	126305190	126390799	1
8	126390800	126411827	0
8	126411828	126434577	2
8	126434578	126437343	0
8	126437344	126495345	1
8	126495346	126975831	0
8	126975832	126976848	2
8	126976849	127144901	0
8	127144902	127151491	2
8	127151492	127171535	0
8	127171536	127248536	2
8	127248537	127271287	0
8	127271288	127572986	2
8	127572987	127702532	0
8	127702533	127726125	2
8	127726126	127735256	0
8	127735257	127753347	2
8	127753348	127753537	0
8	127753538	127782068	1
8	127782069	127789046	0
8	127789047	127834635	2
8	127834636	127858608	0
8	127858609	127871190	1
8	127871191	127885266	0
8	127885267	127900461	1
8	127900462	127909145	0
8	127909146	127912858	1
8	127912859	127920347	0
8	127920348	128009949	1
8	128009950	128022471	0
8	128022472	128026839	1
8	128026840	128027956	0
8	128027957	128036234	2
8	128036235	128044082	0
8	128044083	128076944	2
8	128076945	128087343	0
8	128087344	128118744	2
8	128118745	128133429	0
8	128133430	128153108	2
8	128153109	128169189	0
8	128169190	128266637	1
8	128266638	128298592	0
8	128298593	128416648	1
8	128416649	128450799	0
8	128450800	128521107	1
8	128521108	128577078	0
8	128577079	128610285	2
8	128610286	128610289	0
8	128610290	128622335	1
8	128622336	128622426	0
8	128622427	128657953	2
8	128657954	128659866	0
8	128659867	128672282	1
8	128672283	128702131	0
8	128702132	128711219	1
8	128711220	128740754	0
8	128740755	128754512	1
8	128754513	128781393	0
8	128781394	128782454	2
8	128782455	128790346	0
8	128790347	128802987	2
8	128802988	128806127	0
8	128806128	128809984	2
8	128809985	128824506	0
8	128824507	128850356	2
8	128850357	128972309	0
8	128972310	129139249	2
8	129139250	129158101	0
8	129158102	129160755	2
8	129160756	129201667	0
8	129201668	129232675	2
8	129232676	129240526	0
8	129240527	129243400	2
8	129243401	129371554	0
8	129371555	129371971	1
8	129371972	129617810	0
8	129617811	129627370	2
8	129627371	129632147	0
8	129632148	129919118	1
8	129919119	130009571	0
8	130009572	130106380	2
8	130106381	130120521	0
8	130120522	130127390	1
8	130127391	130220016	0
8	130220017	130224442	1
8	130224443	130283540	0
8	130283541	130309978	2
8	130309979	130324493	0
8	130324494	130338323	1
8	130338324	130350508	0
8	130350509	130353138	2
8	130353139	130366773	0
8	130366774	130393176	2
8	130393177	130401468	0
8	130401469	130406989	2
8	130406990	130416353	0
8	130416354	130421869	2
8	130421870	130422064	0
8	130422065	130429130	1
8	130429131	130437155	0
8	130437156	130475318	1
8	130475319	130482491	0
8	130482492	130491996	1
8	130491997	130538649	0
8	130538650	130542225	2
8	130542226	130548416	0
8	130548417	130550386	1
8	130550387	130581060	0
8	130581061	130612508	2
8	130612509	130615709	0
8	130615710	130617831	1
8	130617832	130749836	0
8	130749837	130803595	2
8	130803596	130813212	0
8	130813213	130930988	1
8	130930989	130973199	0
8	130973200	131001456	2
8	131001457	131789573	0
8	131789574	131843711	2
8	131843712	131845694	0
8	131845695	131875784	2
8	131875785	131888045	0
8	131888046	131899021	1
8	131899022	131933385	0
8	131933386	131950774	2
8	131950775	131965132	0
8	131965133	131966538	2
8	131966539	131998776	0
8	131998777	132009979	2
8	132009980	132026582	0
8	132026583	132027004	1
8	132027005	132029619	0
8	132029620	132032942	1
8	132032943	132032969	3
8	132032970	132036470	1
8	132036471	132103925	2
8	132103926	132105441	0
8	132105442	132108460	2
8	132108461	132120450	0
8	132120451	132157483	2
8	132157484	132160170	0
8	132160171	132189386	1
8	132189387	132204602	0
8	132204603	132229967	2
8	132229968	132241132	0
8	132241133	132246692	2
8	132246693	132260027	0
8	132260028	132296659	1
8	132296660	132344708	0
8	132344709	132345706	1
8	132345707	132441283	0
8	132441284	132536367	2
8	132536368	132553216	0
8	132553217	132598810	2
8	132598811	132607164	0
8	132607165	132663500	2
8	132663501	132665925	0
8	132665926	132753290	1
8	132753291	132775585	0
8	132775586	132790837	1
8	132790838	132828089	0
8	132828090	132842128	2
8	132842129	132844041	0
8	132844042	132869710	1
8	132869711	132870765	3
8	132870766	132911191	1
8	132911192	132911484	0
8	132911485	132919108	1
8	132919109	132996647	0
8	132996648	133002199	1
8	133002200	133029623	0
8	133029624	133040995	2
8	133040996	133127218	0
8	133127219	133128288	1
8	133128289	133195286	0
8	133195287	133215612	2
8	133215613	133285062	0
8	133285063	133285454	2
