<CHROM>	<START>	<END>	<TSB>
11	0	167782	0
11	167783	193078	1
11	193079	194571	3
11	194572	196736	1
11	196737	200256	3
11	200257	207426	1
11	207427	207509	0
11	207510	215111	2
11	215112	215456	0
11	215457	236544	1
11	236545	236832	3
11	236833	236857	1
11	236858	252982	2
11	252983	278363	0
11	278364	285357	2
11	285358	289136	0
11	289137	296105	2
11	296106	298198	0
11	298199	299524	1
11	299525	307629	0
11	307630	315270	2
11	315271	319667	0
11	319668	327535	1
11	327536	369802	0
11	369803	382114	2
11	382115	392612	0
11	392613	404906	2
11	404907	405714	0
11	405715	417395	1
11	417396	418261	0
11	418262	442009	1
11	442010	450278	0
11	450279	491385	2
11	491386	494510	0
11	494511	507298	1
11	507299	532240	0
11	532241	535548	1
11	535549	537525	0
11	537526	554862	2
11	554863	554914	3
11	554915	560402	1
11	560403	560777	3
11	560778	564019	2
11	564020	576484	0
11	576485	612220	2
11	612221	612551	0
11	612552	615997	1
11	615998	616563	0
11	616564	626076	1
11	626077	626429	0
11	626430	627141	1
11	627142	637291	0
11	637292	640704	2
11	640705	644231	0
11	644232	694436	1
11	694437	695530	3
11	695531	727725	2
11	727726	747327	0
11	747328	765022	2
11	765023	767218	0
11	767219	777485	1
11	777486	787102	0
11	787103	790121	1
11	790122	790473	0
11	790474	797509	1
11	797510	798331	3
11	798332	799182	2
11	799183	799188	3
11	799189	805243	1
11	805244	809645	0
11	809646	812873	2
11	812874	818900	0
11	818901	825571	2
11	825572	826142	0
11	826143	831989	2
11	831990	832841	0
11	832842	838833	2
11	838834	839719	0
11	839720	842543	1
11	842544	842806	0
11	842807	867114	2
11	867115	867858	0
11	867859	915056	1
11	915057	925807	0
11	925808	1012243	2
11	1012244	1012819	0
11	1012820	1036704	1
11	1036705	1102453	0
11	1102454	1103454	2
11	1103455	1157951	0
11	1157952	1201136	2
11	1201137	1223064	0
11	1223065	1262170	2
11	1262171	1274369	0
11	1274370	1309652	1
11	1309653	1389897	0
11	1389898	1462687	2
11	1462688	1469960	0
11	1469961	1486744	1
11	1486745	1554042	0
11	1554043	1571918	1
11	1571919	1584340	0
11	1584341	1585281	1
11	1585282	1597175	0
11	1597176	1598292	1
11	1598293	1607563	0
11	1607564	1608461	1
11	1608462	1620956	0
11	1620957	1622136	1
11	1622137	1629773	0
11	1629774	1630705	2
11	1630706	1697193	0
11	1697194	1697753	2
11	1697754	1732408	0
11	1732409	1764571	1
11	1764572	1828305	0
11	1828306	1837519	2
11	1837520	1838987	0
11	1838988	1841678	2
11	1841679	1852968	0
11	1852969	1888575	2
11	1888576	1891893	3
11	1891894	1892261	2
11	1892262	1919560	0
11	1919561	1938704	2
11	1938705	1947276	0
11	1947277	1984520	2
11	1984521	2129110	0
11	2129111	2161339	1
11	2161340	2163927	0
11	2163928	2171875	1
11	2171876	2268493	0
11	2268494	2270950	1
11	2270951	2295643	0
11	2295644	2302011	1
11	2302012	2302058	3
11	2302059	2318198	2
11	2318199	2376175	0
11	2376176	2397417	2
11	2397418	2400486	0
11	2400487	2403876	2
11	2403877	2404513	0
11	2404514	2423043	1
11	2423044	2444682	0
11	2444683	2849108	2
11	2849109	2883211	0
11	2883212	2885771	1
11	2885772	2887778	0
11	2887779	2899719	1
11	2899720	2903738	3
11	2903739	2925244	2
11	2925245	2928271	0
11	2928272	2929453	1
11	2929454	2944429	0
11	2944430	2992375	1
11	2992376	3000920	0
11	3000921	3057611	1
11	3057612	3087114	0
11	3087115	3165768	1
11	3165769	3217942	0
11	3217943	3218811	1
11	3218812	3227696	0
11	3227697	3232384	1
11	3232385	3339259	0
11	3339260	3379220	1
11	3379221	3638501	0
11	3638502	3642314	1
11	3642315	3645129	0
11	3645130	3664414	2
11	3664415	3665585	0
11	3665586	3797790	1
11	3797791	3797817	0
11	3797818	3826369	2
11	3826370	3826976	0
11	3826977	3840981	1
11	3840982	3854525	0
11	3854526	4093208	2
11	4093209	4094807	0
11	4094808	4138874	2
11	4138875	4233286	0
11	4233287	4233870	2
11	4233871	4242054	0
11	4242055	4242638	1
11	4242639	4287497	0
11	4287498	4288081	1
11	4288082	4329863	0
11	4329864	4330447	2
11	4330448	4338658	0
11	4338659	4339242	1
11	4339243	4367261	0
11	4367262	4368384	1
11	4368385	4384895	0
11	4384896	4393694	1
11	4393695	4449293	0
11	4449294	4450359	2
11	4450360	4482644	0
11	4482645	4493495	2
11	4493496	4545189	0
11	4545190	4546142	2
11	4546143	4571421	0
11	4571422	4577818	1
11	4577819	4581741	0
11	4581742	4593338	2
11	4593339	4593612	0
11	4593613	4596572	2
11	4596573	4598670	0
11	4598671	4608257	1
11	4608258	4637475	0
11	4637476	4643058	2
11	4643059	4643418	0
11	4643419	4655486	2
11	4655487	4680169	0
11	4680170	4697852	1
11	4697853	4767268	0
11	4767269	4768977	2
11	4768978	4769915	3
11	4769916	4803431	2
11	4803432	4804378	3
11	4804379	4847487	2
11	4847488	4849236	3
11	4849237	4912586	2
11	4912587	4919348	3
11	4919349	4923372	2
11	4923373	4924337	3
11	4924338	4942829	2
11	4942830	4947603	3
11	4947604	4954770	2
11	4954771	4955711	3
11	4955712	4992427	2
11	4992428	4994849	0
11	4994850	5005534	2
11	5005535	5046524	0
11	5046525	5047459	2
11	5047460	5058648	0
11	5058649	5059625	1
11	5059626	5128774	0
11	5128775	5138354	1
11	5138355	5143217	0
11	5143218	5154755	1
11	5154756	5199733	0
11	5199734	5200698	1
11	5200699	5225462	0
11	5225463	5229393	1
11	5229394	5232676	0
11	5232677	5243655	1
11	5243656	5248077	0
11	5248078	5351506	1
11	5351507	5352444	3
11	5352445	5383810	1
11	5383811	5393261	3
11	5393262	5422109	1
11	5422110	5423204	3
11	5423205	5449321	1
11	5449322	5456516	3
11	5456517	5488683	1
11	5488684	5489747	3
11	5489748	5505650	1
11	5505651	5507298	0
11	5507299	5509983	1
11	5509984	5514391	0
11	5514392	5516703	1
11	5516704	5544487	0
11	5544488	5548531	1
11	5548532	5580875	0
11	5580876	5581882	2
11	5581883	5596107	0
11	5596108	5644396	2
11	5644397	5663555	0
11	5663556	5689687	1
11	5689688	5710861	3
11	5710862	5736446	1
11	5736447	5738520	3
11	5738521	5754241	1
11	5754242	5755903	3
11	5755904	5820312	1
11	5820313	5821346	3
11	5821347	5880627	1
11	5880628	5887077	3
11	5887078	5893206	1
11	5893207	5902728	3
11	5902729	5938617	1
11	5938618	5942249	0
11	5942250	5951345	2
11	5951346	5967175	0
11	5967176	5968492	1
11	5968493	5985890	0
11	5985891	5986983	1
11	5986984	5999443	0
11	5999444	6006944	1
11	6006945	6019334	0
11	6019335	6034336	1
11	6034337	6107682	0
11	6107683	6108833	2
11	6108834	6169328	0
11	6169329	6170406	1
11	6170407	6199144	0
11	6199145	6200257	2
11	6200258	6205564	0
11	6205565	6211130	2
11	6211131	6211333	0
11	6211334	6234709	1
11	6234710	6234763	0
11	6234764	6244427	2
11	6244428	6259734	0
11	6259735	6272125	2
11	6272126	6318944	0
11	6318945	6320645	1
11	6320646	6390429	0
11	6390430	6394996	2
11	6394997	6395122	0
11	6395123	6419412	1
11	6419413	6431047	0
11	6431048	6441062	1
11	6441063	6448612	0
11	6448613	6474457	1
11	6474458	6474681	0
11	6474682	6481445	1
11	6481446	6481477	3
11	6481478	6484677	2
11	6484678	6497294	0
11	6497295	6572020	2
11	6572021	6595073	0
11	6595074	6603618	1
11	6603619	6603706	0
11	6603707	6610840	2
11	6610841	6610872	3
11	6610873	6612665	1
11	6612666	6612761	0
11	6612762	6619483	1
11	6619484	6621321	0
11	6621322	6655852	1
11	6655853	6680780	0
11	6680781	6683399	1
11	6683400	6765624	0
11	6765625	6771974	1
11	6771975	6783018	0
11	6783019	6791556	2
11	6791557	6791734	0
11	6791735	6799687	1
11	6799688	6845650	0
11	6845651	6846703	2
11	6846704	6863055	0
11	6863056	6874715	2
11	6874716	6876623	0
11	6876624	6877617	2
11	6877618	6891488	0
11	6891489	6892597	1
11	6892598	6920972	0
11	6920973	6922041	2
11	6922042	6926421	0
11	6926422	6984630	2
11	6984631	6999316	0
11	6999317	7020366	1
11	7020367	7020444	0
11	7020445	7071306	2
11	7071307	7089025	0
11	7089026	7090898	2
11	7090899	7251948	0
11	7251949	7469040	2
11	7469041	7485386	0
11	7485387	7511375	2
11	7511376	7513296	0
11	7513297	7653758	2
11	7653759	7665098	0
11	7665099	7677220	1
11	7677221	7689436	0
11	7689437	7706419	1
11	7706420	7795903	0
11	7795904	7796971	1
11	7796972	7824816	0
11	7824817	7830838	1
11	7830839	7924590	0
11	7924591	7931266	1
11	7931267	7937169	0
11	7937170	7941706	1
11	7941707	7959422	0
11	7959423	7965424	1
11	7965425	7970249	0
11	7970250	8001860	2
11	8001861	8019242	0
11	8019243	8106091	2
11	8106092	8106110	3
11	8106111	8169053	1
11	8169054	8224302	0
11	8224303	8268714	1
11	8268715	8391869	0
11	8391870	8594287	1
11	8594288	8612035	0
11	8612036	8682409	1
11	8682410	8682656	3
11	8682657	8682692	1
11	8682693	8689870	2
11	8689871	8693349	0
11	8693350	8910949	1
11	8910950	8911137	0
11	8911138	8920074	2
11	8920075	8920082	3
11	8920083	8932987	1
11	8932988	8937577	0
11	8937578	8938209	1
11	8938210	8947292	0
11	8947293	8965009	1
11	8965010	8980574	0
11	8980575	9004047	1
11	9004048	9019496	0
11	9019497	9091599	1
11	9091600	9138823	0
11	9138824	9265388	1
11	9265389	9280655	0
11	9280656	9314778	1
11	9314779	9384620	0
11	9384621	9448124	2
11	9448125	9460317	0
11	9460318	9528522	2
11	9528523	9573679	0
11	9573680	9593455	2
11	9593456	9664075	0
11	9664076	9752989	2
11	9752990	9778665	0
11	9778666	10294205	1
11	10294206	10304678	0
11	10304679	10307395	2
11	10307396	10317669	0
11	10317670	10507577	2
11	10507578	10507885	0
11	10507886	10509187	1
11	10509188	10511676	0
11	10511677	10541215	1
11	10541216	10556964	0
11	10556965	10568689	1
11	10568690	10573089	0
11	10573090	10693986	1
11	10693987	10750985	0
11	10750986	10779741	2
11	10779742	10797048	0
11	10797049	10809108	1
11	10809109	10852702	0
11	10852703	10858794	1
11	10858795	11270874	0
11	11270875	11622003	1
11	11622004	11841421	0
11	11841422	11959321	2
11	11959322	11963104	0
11	11963105	12009767	1
11	12009768	12094006	0
11	12094007	12359142	2
11	12359143	12377183	0
11	12377184	12535354	2
11	12535355	12674589	0
11	12674590	12944481	2
11	12944482	13009575	0
11	13009576	13012104	2
11	13012105	13276650	0
11	13276651	13387264	2
11	13387265	13387999	0
11	13388000	13463295	1
11	13463296	13492053	0
11	13492054	13496179	1
11	13496180	13668668	0
11	13668669	13732344	2
11	13732345	13962687	0
11	13962688	14267882	2
11	14267883	14277924	0
11	14277925	14364504	1
11	14364505	14457504	0
11	14457505	14500025	1
11	14500026	14504874	0
11	14504875	14643615	1
11	14643616	14643721	0
11	14643722	14872042	2
11	14872043	14877438	0
11	14877439	14892250	1
11	14892251	14904995	0
11	14904996	14966666	2
11	14966667	14971199	3
11	14971200	15082340	2
11	15082341	15112422	0
11	15112423	15247206	2
11	15247207	15966447	0
11	15966448	16476386	1
11	16476387	16738399	0
11	16738400	16756221	2
11	16756222	16777315	0
11	16777316	17014441	1
11	17014442	17074387	0
11	17074388	17077785	1
11	17077786	17086570	0
11	17086571	17207948	1
11	17207949	17208151	0
11	17208152	17332209	2
11	17332210	17351724	0
11	17351725	17377339	2
11	17377340	17385857	0
11	17385858	17389329	1
11	17389330	17392496	0
11	17392497	17476843	1
11	17476844	17493893	0
11	17493894	17544414	1
11	17544415	17547371	0
11	17547372	17647148	2
11	17647149	17719566	0
11	17719567	17722129	2
11	17722130	17734772	0
11	17734773	17788046	2
11	17788047	17856795	3
11	17856796	17856802	2
11	17856803	18013160	1
11	18013161	18017562	0
11	18017563	18042424	1
11	18042425	18080290	0
11	18080291	18106089	1
11	18106090	18120953	0
11	18120954	18138478	2
11	18138479	18172835	0
11	18172836	18174278	2
11	18174279	18231347	0
11	18231348	18248641	1
11	18248642	18266172	0
11	18266173	18269975	2
11	18269976	18278666	0
11	18278667	18322196	1
11	18322197	18322293	0
11	18322294	18367042	2
11	18367043	18394386	0
11	18394387	18408423	2
11	18408424	18412305	0
11	18412306	18452056	2
11	18452057	18455822	0
11	18455823	18468334	2
11	18468335	18477686	3
11	18477687	18479598	2
11	18479599	18527230	1
11	18527231	18529607	0
11	18529608	18588744	1
11	18588745	18599785	0
11	18599786	18606399	2
11	18606400	18609771	3
11	18609772	18634491	1
11	18634492	18698789	0
11	18698790	18704303	2
11	18704304	18704783	3
11	18704784	18726178	1
11	18726179	18727926	0
11	18727927	18792719	1
11	18792720	18933811	0
11	18933812	18935000	1
11	18935001	19054453	0
11	19054454	19060679	1
11	19060680	19117127	0
11	19117128	19176413	2
11	19176414	19182035	0
11	19182036	19210569	1
11	19210570	19224061	0
11	19224062	19241618	1
11	19241619	19350722	0
11	19350723	20121596	2
11	20121597	20156153	0
11	20156154	20160611	1
11	20160612	20363683	0
11	20363684	20383781	2
11	20383782	20387528	0
11	20387529	20509251	2
11	20509252	20599398	0
11	20599399	20659283	2
11	20659284	20669549	0
11	20669550	21575679	2
11	21575680	22193174	0
11	22193175	22283355	2
11	22283356	22338095	0
11	22338096	22379501	2
11	22379502	22622888	0
11	22622889	22625640	1
11	22625641	22625839	3
11	22625840	22813053	2
11	22813054	22818927	0
11	22818928	22829863	1
11	22829864	22846929	0
11	22846930	22860424	1
11	22860425	24497176	0
11	24497177	25082629	2
11	25082630	26309597	0
11	26309598	26559031	2
11	26559032	26567092	3
11	26567093	26663286	2
11	26663287	26667017	0
11	26667018	26723359	1
11	26723360	26994182	0
11	26994183	26996119	2
11	26996120	27040723	0
11	27040724	27127807	2
11	27127808	27338512	0
11	27338513	27363866	1
11	27363867	27365959	0
11	27365960	27472773	1
11	27472774	27494574	0
11	27494575	27506771	1
11	27506772	27654891	0
11	27654892	27722056	1
11	27722057	28020618	0
11	28020619	28108246	1
11	28108247	28108306	3
11	28108307	28333505	2
11	28333506	30009739	0
11	30009740	30017021	1
11	30017022	30231014	0
11	30231015	30235259	2
11	30235260	30323049	0
11	30323050	30338225	2
11	30338226	30384491	0
11	30384492	30586870	1
11	30586871	30863602	0
11	30863603	31369772	1
11	31369773	31369838	0
11	31369839	31431847	2
11	31431848	31432399	0
11	31432400	31509643	1
11	31509644	31509698	0
11	31509699	31784777	2
11	31784778	31790326	3
11	31790327	31812389	1
11	31812390	31817959	3
11	31817960	31818060	1
11	31818061	32105753	2
11	32105754	32387773	0
11	32387774	32435628	1
11	32435629	32583823	0
11	32583824	32602244	2
11	32602245	32606260	3
11	32606261	32794639	1
11	32794640	32829941	0
11	32829942	32858121	2
11	32858122	32892818	0
11	32892819	32980268	2
11	32980269	33015862	0
11	33015863	33033580	2
11	33033581	33039415	0
11	33039416	33084582	2
11	33084583	33105941	3
11	33105942	33162369	1
11	33162370	33256670	0
11	33256671	33357021	2
11	33357022	33376464	0
11	33376465	33674100	2
11	33674101	33698259	0
11	33698260	33736489	1
11	33736490	33740937	0
11	33740938	33774541	1
11	33774542	33858574	0
11	33858575	33892287	1
11	33892288	34051681	0
11	34051682	34101154	2
11	34101155	34105600	0
11	34105601	34146908	2
11	34146909	34150986	0
11	34150987	34358006	1
11	34358007	34438923	0
11	34438924	34472060	2
11	34472061	34478791	0
11	34478792	34513803	1
11	34513804	34621109	0
11	34621110	34661055	2
11	34661056	34882293	0
11	34882294	34915827	1
11	34915828	34916497	3
11	34916498	34996120	2
11	34996121	35138868	0
11	35138869	35232400	2
11	35232401	35251203	0
11	35251204	35420061	1
11	35420062	35431821	0
11	35431822	35530298	1
11	35530299	35618417	0
11	35618418	35620866	2
11	35620867	35662803	0
11	35662804	35818005	2
11	35818006	35943979	0
11	35943980	36232134	2
11	36232135	36272290	0
11	36272291	36289447	1
11	36289448	36296286	0
11	36296287	36465202	2
11	36465203	36487025	0
11	36487026	36510270	1
11	36510271	36568023	0
11	36568024	36579754	2
11	36579755	36591941	0
11	36591942	36594491	1
11	36594492	36598234	3
11	36598235	36598277	1
11	36598278	36659288	2
11	36659289	40114201	0
11	40114202	41459771	1
11	41459772	43311961	0
11	43311962	43344527	2
11	43344528	43358930	0
11	43358931	43494931	2
11	43494932	43680556	0
11	43680557	43856608	2
11	43856609	43880837	0
11	43880838	43920264	2
11	43920265	43942503	0
11	43942504	43944336	2
11	43944337	44047979	0
11	44047980	44059975	2
11	44059976	44066177	0
11	44066178	44084212	2
11	44084213	44095547	0
11	44095548	44245427	2
11	44245428	44260438	0
11	44260439	44310164	1
11	44310165	44564425	0
11	44564426	44620361	2
11	44620362	44726463	0
11	44726464	44932346	2
11	44932347	44932419	3
11	44932420	44951304	1
11	44951305	45095804	0
11	45095805	45235108	2
11	45235109	45240299	0
11	45240300	45286317	1
11	45286318	45648875	0
11	45648876	45665620	1
11	45665621	45804070	0
11	45804071	45813013	2
11	45813014	45847116	0
11	45847117	45883246	2
11	45883247	45885649	0
11	45885650	45906463	2
11	45906464	45906532	0
11	45906533	45907280	1
11	45907281	45909667	0
11	45909668	45918810	1
11	45918811	45921619	0
11	45921620	45929094	2
11	45929095	45932564	0
11	45932565	46121176	1
11	46121177	46277659	0
11	46277660	46321420	2
11	46321421	46332903	0
11	46332904	46380552	2
11	46380553	46380754	0
11	46380755	46383835	2
11	46383836	46385096	0
11	46385097	46386606	1
11	46386607	46396412	0
11	46396413	46594123	1
11	46594124	46602859	0
11	46602860	46617525	1
11	46617526	46617907	3
11	46617908	46674816	2
11	46674817	46677078	0
11	46677079	46700597	1
11	46700598	46700816	0
11	46700817	46705910	2
11	46705911	46719178	0
11	46719179	46739504	2
11	46739505	46743046	0
11	46743047	46846306	1
11	46846307	46856866	0
11	46856867	46918640	1
11	46918641	46936745	0
11	46936746	47164297	2
11	47164298	47164383	3
11	47164384	47177123	1
11	47177124	47177523	0
11	47177524	47186441	1
11	47186442	47214463	0
11	47214464	47239238	2
11	47239239	47239300	0
11	47239301	47248298	1
11	47248299	47248904	3
11	47248905	47269030	2
11	47269031	47269159	0
11	47269160	47330029	2
11	47330030	47331395	0
11	47331396	47352700	1
11	47352701	47354858	0
11	47354859	47378574	1
11	47378575	47407130	0
11	47407131	47416499	2
11	47416500	47418767	0
11	47418768	47426471	1
11	47426472	47437755	0
11	47437756	47449176	1
11	47449177	47465931	0
11	47465932	47565428	1
11	47565429	47565518	3
11	47565519	47565567	1
11	47565568	47572195	2
11	47572196	47572358	3
11	47572359	47579008	1
11	47579009	47579013	3
11	47579014	47584560	2
11	47584561	47586691	0
11	47586692	47589192	2
11	47589193	47589662	0
11	47589663	47594657	1
11	47594658	47617314	0
11	47617315	47642621	1
11	47642622	47659589	0
11	47659590	47715387	1
11	47715388	47716515	0
11	47716516	47767439	1
11	47767440	47778085	0
11	47778086	47848553	1
11	47848554	47980556	0
11	47980557	48170839	2
11	48170840	48216808	0
11	48216809	48217737	2
11	48217738	48245054	0
11	48245055	48246078	2
11	48246079	48263859	0
11	48263860	48264776	2
11	48264777	48306221	0
11	48306222	48307150	2
11	48307151	48324918	0
11	48324919	48328469	2
11	48328470	48365483	0
11	48365484	48366463	1
11	48366464	48488715	0
11	48488716	48489778	2
11	48489779	48975322	0
11	48975323	48983824	1
11	48983825	49027499	0
11	49027500	49038449	2
11	49038450	49053712	0
11	49053713	49059110	1
11	49059111	49146633	0
11	49146634	49208668	1
11	49208669	49952389	0
11	49952390	49953417	2
11	49953418	49981471	0
11	49981472	49982533	1
11	49982534	54603067	0
11	54603068	54603996	1
11	54603997	54706830	0
11	54706831	54707900	2
11	54707901	55262180	0
11	55262181	55271117	2
11	55271118	55343149	0
11	55343150	55344229	2
11	55344230	55367882	0
11	55367883	55368916	2
11	55368917	55554305	0
11	55554306	55555417	2
11	55555418	55572126	0
11	55572127	55573058	2
11	55573059	55602358	0
11	55602359	55607643	1
11	55607644	55635111	0
11	55635112	55640307	2
11	55640308	55648325	0
11	55648326	55652852	2
11	55652853	55662199	0
11	55662200	55666193	2
11	55666194	55723774	0
11	55723775	55729619	2
11	55729620	55773436	0
11	55773437	55774380	2
11	55774381	55795554	0
11	55795555	55796498	2
11	55796499	55811365	0
11	55811366	55812474	2
11	55812475	55819605	0
11	55819606	55820595	2
11	55820596	55827217	0
11	55827218	55828152	2
11	55828153	55838750	0
11	55838751	55839736	2
11	55839737	55883295	0
11	55883296	55891808	2
11	55891809	55913648	0
11	55913649	55914580	1
11	55914581	55935454	0
11	55935455	55936398	1
11	55936399	55965753	0
11	55965754	55969943	1
11	55969944	55993679	0
11	55993680	55994623	1
11	55994624	56027652	0
11	56027653	56038189	2
11	56038190	56093275	0
11	56093276	56094284	2
11	56094285	56103685	0
11	56103686	56107656	2
11	56107657	56122371	0
11	56122372	56123309	2
11	56123310	56134719	0
11	56134720	56140199	1
11	56140200	56159392	0
11	56159393	56160315	1
11	56160316	56176616	0
11	56176617	56177554	2
11	56177555	56231280	0
11	56231281	56234253	1
11	56234254	56252198	0
11	56252199	56253220	2
11	56253221	56274152	0
11	56274153	56276817	2
11	56276818	56288460	0
11	56288461	56292252	1
11	56292253	56315142	0
11	56315143	56320637	2
11	56320638	56345943	0
11	56345944	56347029	2
11	56347030	56354289	0
11	56354290	56361509	2
11	56361510	56375622	0
11	56375623	56376551	2
11	56376552	56417256	0
11	56417257	56418230	1
11	56418231	56459219	0
11	56459220	56473350	1
11	56473351	56490347	0
11	56490348	56491393	1
11	56491394	56542260	0
11	56542261	56543279	1
11	56543280	56576734	0
11	56576735	56577785	1
11	56577786	56609234	0
11	56609235	56614872	1
11	56614873	56641464	0
11	56641465	56642469	1
11	56642470	56663660	0
11	56663661	56664685	2
11	56664686	56699093	0
11	56699094	56703882	2
11	56703883	56741221	0
11	56741222	56748695	1
11	56748696	56988870	0
11	56988871	56989865	2
11	56989866	57181745	0
11	57181746	57191715	2
11	57191716	57233591	0
11	57233592	57237312	1
11	57237313	57299640	0
11	57299641	57324925	1
11	57324926	57325983	0
11	57325984	57335875	1
11	57335876	57338473	0
11	57338474	57370598	2
11	57370599	57376767	0
11	57376768	57381148	1
11	57381149	57386792	0
11	57386793	57427578	1
11	57427579	57460547	0
11	57460548	57477532	2
11	57477533	57484532	0
11	57484533	57515784	1
11	57515785	57528461	0
11	57528462	57530801	1
11	57530802	57542639	0
11	57542640	57550272	2
11	57550273	57551654	0
11	57551655	57568282	1
11	57568283	57597385	0
11	57597386	57614851	2
11	57614852	57645086	0
11	57645087	57648990	1
11	57648991	57649942	3
11	57649943	57661866	2
11	57661867	57667745	0
11	57667746	57701185	2
11	57701186	57703712	0
11	57703713	57712321	1
11	57712322	57712601	0
11	57712602	57740971	2
11	57740972	57741248	0
11	57741249	57743409	2
11	57743410	57743512	0
11	57743513	57751779	1
11	57751780	57753241	0
11	57753242	57819544	2
11	57819545	58023879	0
11	58023880	58116740	2
11	58116741	58125528	3
11	58125529	58181614	2
11	58181615	58189068	0
11	58189069	58194051	2
11	58194052	58203200	0
11	58203201	58204179	1
11	58204180	58212718	0
11	58212719	58216082	2
11	58216083	58227880	0
11	58227881	58228916	1
11	58228917	58266790	0
11	58266791	58268258	1
11	58268259	58358122	0
11	58358123	58359067	1
11	58359068	58402462	0
11	58402463	58406872	1
11	58406873	58421262	0
11	58421263	58428119	1
11	58428120	58439075	0
11	58439076	58442756	1
11	58442757	58507173	0
11	58507174	58508103	1
11	58508104	58526869	0
11	58526870	58578218	1
11	58578219	58579109	0
11	58579110	58621040	2
11	58621041	58622671	0
11	58622672	58625731	2
11	58625732	58640424	0
11	58640425	58731972	1
11	58731973	58834063	0
11	58834064	58844782	1
11	58844783	58927627	0
11	58927628	58957041	2
11	58957042	59086305	0
11	59086306	59094784	2
11	59094785	59107183	0
11	59107184	59127408	2
11	59127409	59142746	0
11	59142747	59155037	2
11	59155038	59171428	0
11	59171429	59208508	2
11	59208509	59208585	3
11	59208586	59212949	1
11	59212950	59358893	0
11	59358894	59371712	2
11	59371713	59416967	0
11	59416968	59426410	1
11	59426411	59436467	0
11	59436468	59451378	2
11	59451379	59456936	0
11	59456937	59457989	2
11	59457990	59473313	0
11	59473314	59479359	2
11	59479360	59503574	0
11	59503575	59504509	2
11	59504510	59511366	0
11	59511367	59520701	2
11	59520702	59574396	0
11	59574397	59616142	1
11	59616143	59636714	0
11	59636715	59668978	1
11	59668979	59712914	0
11	59712915	59713454	1
11	59713455	59713843	3
11	59713844	59805880	2
11	59805881	59806133	0
11	59806134	59810870	1
11	59810871	59829266	0
11	59829267	59845499	1
11	59845500	59852798	0
11	59852799	59866573	1
11	59866574	59878807	0
11	59878808	59896479	2
11	59896480	59938430	0
11	59938431	59957478	2
11	59957479	59964031	0
11	59964032	59970144	2
11	59970145	60017179	0
11	60017180	60031075	2
11	60031076	60040273	0
11	60040274	60048042	2
11	60048043	60056585	0
11	60056586	60071126	2
11	60071127	60088259	0
11	60088260	60098464	2
11	60098465	60172012	0
11	60172013	60184664	1
11	60184665	60185700	0
11	60185701	60206671	2
11	60206672	60230069	3
11	60230070	60317942	2
11	60317943	60334829	0
11	60334830	60340966	2
11	60340967	60378480	0
11	60378481	60417754	2
11	60417755	60429587	0
11	60429588	60447790	2
11	60447791	60455750	0
11	60455751	60470758	2
11	60470759	60492776	0
11	60492777	60507428	2
11	60507429	60515411	0
11	60515412	60542719	2
11	60542720	60699572	0
11	60699573	60715809	2
11	60715810	60729302	0
11	60729303	60744210	2
11	60744211	60756951	0
11	60756952	60776729	2
11	60776730	60785346	0
11	60785347	60801303	2
11	60801304	60842069	0
11	60842070	60850938	2
11	60850939	60851079	3
11	60851080	60855969	1
11	60855970	60867560	0
11	60867561	60875691	2
11	60875692	60890728	0
11	60890729	60906586	1
11	60906587	60913872	0
11	60913873	60923441	2
11	60923442	60924468	0
11	60924469	60937082	2
11	60937083	60937157	3
11	60937158	60952528	1
11	60952529	60971678	0
11	60971679	61020375	2
11	61020376	61102393	0
11	61102394	61127850	2
11	61127851	61130254	0
11	61130255	61161615	1
11	61161616	61203378	0
11	61203379	61213096	2
11	61213097	61222214	0
11	61222215	61231925	2
11	61231926	61241040	0
11	61241041	61251446	2
11	61251447	61258287	0
11	61258288	61295422	1
11	61295423	61299449	0
11	61299450	61333208	1
11	61333209	61333364	3
11	61333365	61333773	1
11	61333774	61348743	2
11	61348744	61349240	3
11	61349241	61349645	2
11	61349646	61353293	3
11	61353294	61361999	1
11	61362000	61362297	3
11	61362298	61369507	2
11	61369508	61391685	0
11	61391686	61398861	2
11	61398862	61402639	0
11	61402640	61430029	1
11	61430030	61430054	0
11	61430055	61490929	2
11	61490930	61508798	0
11	61508799	61511016	2
11	61511017	61515311	0
11	61515312	61581146	1
11	61581147	61680431	0
11	61680432	61746999	2
11	61747000	61752647	0
11	61752648	61788516	2
11	61788517	61788961	0
11	61788962	61792635	1
11	61792636	61792800	3
11	61792801	61799623	2
11	61799624	61817160	3
11	61817161	61826510	2
11	61826511	61827390	1
11	61827391	61829316	3
11	61829317	61867352	2
11	61867353	61873517	0
11	61873518	61892049	1
11	61892050	61897299	0
11	61897300	61920267	1
11	61920268	61949819	0
11	61949820	61959716	2
11	61959717	61964459	3
11	61964460	61964564	2
11	61964565	61965513	3
11	61965514	61967658	1
11	61967659	62123971	0
11	62123972	62152979	2
11	62152980	62190214	0
11	62190215	62193537	2
11	62193538	62208666	0
11	62208667	62213937	2
11	62213938	62242208	0
11	62242209	62244806	2
11	62244807	62270153	0
11	62270154	62273154	2
11	62273155	62296275	0
11	62296276	62299062	1
11	62299063	62337446	0
11	62337447	62393410	2
11	62393411	62405101	0
11	62405102	62423193	2
11	62423194	62433540	0
11	62433541	62556233	1
11	62556234	62559599	0
11	62559600	62573971	1
11	62573972	62575043	0
11	62575044	62592175	1
11	62592176	62593212	0
11	62593213	62601838	1
11	62601839	62602216	0
11	62602217	62611720	1
11	62611721	62612763	3
11	62612764	62615118	2
11	62615119	62615294	0
11	62615295	62622173	1
11	62622174	62624824	0
11	62624825	62646724	1
11	62646725	62646846	0
11	62646847	62665307	1
11	62665308	62668106	3
11	62668107	62670271	1
11	62670272	62671767	3
11	62671768	62672253	1
11	62672254	62673685	2
11	62673686	62676496	0
11	62676497	62679115	1
11	62679116	62686400	0
11	62686401	62689897	1
11	62689898	62690273	0
11	62690274	62707656	1
11	62707657	62709199	3
11	62709200	62709843	1
11	62709844	62712628	0
11	62712629	62727470	1
11	62727471	62728067	0
11	62728068	62738634	2
11	62738635	62750961	0
11	62750962	62754186	1
11	62754187	62761542	0
11	62761543	62766708	2
11	62766709	62771301	0
11	62771302	62771659	2
11	62771660	62787340	3
11	62787341	62787413	1
11	62787414	62790244	3
11	62790245	62792019	1
11	62792020	62792121	0
11	62792122	62806300	1
11	62806301	62806895	0
11	62806896	62832086	1
11	62832087	62832317	0
11	62832318	62841807	1
11	62841808	62856100	0
11	62856101	62888873	2
11	62888874	62908677	0
11	62908678	62921805	1
11	62921806	62976595	0
11	62976596	62984981	1
11	62984982	62992822	0
11	62992823	63015837	1
11	63015838	63079938	0
11	63079939	63144219	1
11	63144220	63163774	0
11	63163775	63229650	1
11	63229651	63290162	0
11	63290163	63311430	2
11	63311431	63369806	0
11	63369807	63410292	2
11	63410293	63461412	0
11	63461413	63491192	1
11	63491193	63506082	0
11	63506083	63516772	2
11	63516773	63536814	0
11	63536815	63546460	2
11	63546461	63552768	0
11	63552769	63563381	1
11	63563382	63573193	0
11	63573194	63614467	1
11	63614468	63624085	0
11	63624086	63671919	1
11	63671920	63681444	0
11	63681445	63759889	2
11	63759890	63759890	0
11	63759891	63768773	1
11	63768774	63813386	0
11	63813387	63827716	2
11	63827717	63838926	0
11	63838927	63911017	2
11	63911018	63911219	0
11	63911220	63916842	1
11	63916843	63938994	0
11	63938995	63957326	2
11	63957327	63974605	0
11	63974606	63998556	2
11	63998557	64001809	3
11	64001810	64103186	1
11	64103187	64119171	3
11	64119172	64166059	1
11	64166060	64185270	0
11	64185271	64204541	2
11	64204542	64206676	0
11	64206677	64223797	2
11	64223798	64223880	3
11	64223881	64223884	2
11	64223885	64225939	1
11	64225940	64226148	3
11	64226149	64226252	1
11	64226253	64230014	2
11	64230015	64230276	0
11	64230277	64234279	2
11	64234280	64234536	0
11	64234537	64238791	2
11	64238792	64241002	0
11	64241003	64244130	2
11	64244131	64244478	0
11	64244479	64246939	1
11	64246940	64251521	0
11	64251522	64269148	2
11	64269149	64269828	0
11	64269829	64270060	1
11	64270061	64284637	3
11	64284638	64284667	1
11	64284668	64289498	2
11	64289499	64291323	0
11	64291324	64300029	2
11	64300030	64300389	0
11	64300390	64304768	2
11	64304769	64305570	0
11	64305571	64316458	2
11	64316459	64316736	3
11	64316737	64316741	2
11	64316742	64318082	1
11	64318083	64318086	0
11	64318087	64321809	2
11	64321810	64340221	0
11	64340222	64357532	2
11	64357533	64359146	0
11	64359147	64372213	2
11	64372214	64555624	0
11	64555625	64572873	2
11	64572874	64590639	0
11	64590640	64602351	2
11	64602352	64606172	0
11	64606173	64723186	1
11	64723187	64726909	0
11	64726910	64745454	1
11	64745455	64746387	0
11	64746388	64760295	1
11	64760296	64764604	0
11	64764605	64778784	1
11	64778785	64784912	0
11	64784913	64803239	1
11	64803240	64803508	0
11	64803509	64811292	1
11	64811293	64823385	0
11	64823386	64844567	1
11	64844568	64851640	0
11	64851641	64888294	1
11	64888295	64894544	0
11	64894545	64917246	1
11	64917247	64917597	0
11	64917598	64934469	2
11	64934470	64934471	3
11	64934472	64935886	1
11	64935887	64937515	0
11	64937516	64972021	1
11	64972022	64987941	0
11	64987942	64997043	1
11	64997044	65014111	0
11	65014112	65022182	2
11	65022183	65027406	0
11	65027407	65040570	2
11	65040571	65040899	0
11	65040900	65044816	2
11	65044817	65044825	3
11	65044826	65044826	2
11	65044827	65058547	1
11	65058548	65066298	0
11	65066299	65084149	1
11	65084150	65084221	0
11	65084222	65088370	2
11	65088371	65088398	3
11	65088399	65089322	1
11	65089323	65089373	3
11	65089374	65116354	2
11	65116355	65116401	0
11	65116402	65117706	1
11	65117707	65120626	0
11	65120627	65122309	1
11	65122310	65122471	3
11	65122472	65127277	2
11	65127278	65127369	3
11	65127370	65134531	1
11	65134532	65170152	0
11	65170153	65173242	2
11	65173243	65180564	0
11	65180565	65212004	2
11	65212005	65261760	0
11	65261761	65305587	2
11	65305588	65314816	0
11	65314817	65322427	2
11	65322428	65333752	0
11	65333753	65353247	2
11	65353248	65354765	0
11	65354766	65357611	2
11	65357612	65375190	0
11	65375191	65382672	1
11	65382673	65386597	0
11	65386598	65413523	2
11	65413524	65525075	0
11	65525076	65538702	2
11	65538703	65538803	0
11	65538804	65558928	1
11	65558929	65570428	0
11	65570429	65574196	2
11	65574197	65576036	0
11	65576037	65592648	2
11	65592649	65592853	0
11	65592854	65595994	1
11	65595995	65597753	0
11	65597754	65614247	1
11	65614248	65615771	0
11	65615772	65637437	2
11	65637438	65638095	0
11	65638096	65650928	2
11	65650929	65653594	0
11	65653595	65663092	1
11	65663093	65711994	0
11	65711995	65717671	2
11	65717672	65719602	3
11	65719603	65720945	1
11	65720946	65775891	0
11	65775892	65780800	1
11	65780801	65787020	0
11	65787021	65797217	2
11	65797218	65833639	0
11	65833640	65853699	2
11	65853700	65854673	0
11	65854674	65857124	1
11	65857125	65859413	3
11	65859414	65860060	1
11	65860061	65861419	3
11	65861420	65862024	1
11	65862025	65866438	2
11	65866439	65866445	0
11	65866446	65873590	1
11	65873591	65879807	0
11	65879808	65883739	2
11	65883740	65883919	0
11	65883920	65888537	1
11	65888538	65890110	0
11	65890111	65891633	2
11	65891634	65892047	0
11	65892048	65900571	1
11	65900572	65916806	0
11	65916807	65919115	1
11	65919116	65919255	0
11	65919256	65921559	2
11	65921560	65945443	0
11	65945444	65959961	2
11	65959962	65961687	0
11	65961688	65979826	2
11	65979827	65996543	0
11	65996544	66002077	1
11	66002078	66002154	3
11	66002155	66002174	1
11	66002175	66004147	2
11	66004148	66011839	0
11	66011840	66013503	2
11	66013504	66016750	0
11	66016751	66026515	1
11	66026516	66041950	0
11	66041951	66049178	1
11	66049179	66052329	0
11	66052330	66069306	2
11	66069307	66070452	0
11	66070453	66244745	2
11	66244746	66257292	0
11	66257293	66267858	2
11	66267859	66268531	0
11	66268532	66277490	2
11	66277491	66278188	0
11	66278189	66284210	2
11	66284211	66284578	0
11	66284579	66289168	1
11	66289169	66291868	0
11	66291869	66296662	2
11	66296663	66314485	0
11	66314486	66317042	1
11	66317043	66332060	0
11	66332061	66336838	1
11	66336839	66337331	0
11	66337332	66345123	1
11	66345124	66345370	0
11	66345371	66347690	1
11	66347691	66362519	0
11	66362520	66372212	1
11	66372213	66421002	0
11	66421003	66426705	2
11	66426706	66435073	0
11	66435074	66438846	1
11	66438847	66466325	0
11	66466326	66477335	2
11	66477336	66480011	0
11	66480012	66521080	2
11	66521081	66533611	3
11	66533612	66533625	2
11	66533626	66546236	1
11	66546237	66546393	0
11	66546394	66563327	2
11	66563328	66563461	0
11	66563462	66568839	1
11	66568840	66590174	0
11	66590175	66592819	1
11	66592820	66593081	3
11	66593082	66606017	2
11	66606018	66616580	0
11	66616581	66664996	2
11	66664997	66668372	3
11	66668373	66677919	1
11	66677920	66685246	0
11	66685247	66729224	1
11	66729225	66744449	0
11	66744450	66843326	2
11	66843327	66843410	0
11	66843411	66846544	2
11	66846545	66848231	0
11	66848232	66857116	1
11	66857117	66860473	3
11	66860474	66958374	1
11	66958375	66975275	0
11	66975276	66977002	2
11	66977003	67006776	0
11	67006777	67050861	2
11	67050862	67056816	0
11	67056817	67072011	2
11	67072012	67119267	0
11	67119268	67258085	2
11	67258086	67266408	0
11	67266409	67286554	2
11	67286555	67288545	0
11	67288546	67302483	2
11	67302484	67303446	0
11	67303447	67312603	2
11	67312604	67350775	0
11	67350776	67374175	1
11	67374176	67376011	0
11	67376012	67398181	2
11	67398182	67398407	3
11	67398408	67403913	1
11	67403914	67410087	3
11	67410088	67415676	1
11	67415677	67421179	3
11	67421180	67421181	1
11	67421182	67425605	2
11	67425606	67428492	0
11	67428493	67435406	2
11	67435407	67435508	0
11	67435509	67443819	1
11	67443820	67451299	0
11	67451300	67452413	1
11	67452414	67452727	3
11	67452728	67460311	2
11	67460312	67461708	0
11	67461709	67469248	1
11	67469249	67483039	0
11	67483040	67491101	2
11	67491102	67491766	0
11	67491767	67506261	1
11	67506262	67506495	0
11	67506496	67508629	1
11	67508630	67518910	0
11	67518911	67524515	1
11	67524516	67583593	0
11	67583594	67586654	2
11	67586655	67605651	0
11	67605652	67612552	2
11	67612553	67627936	0
11	67627937	67629928	1
11	67629929	67631301	0
11	67631302	67639558	1
11	67639559	67642553	0
11	67642554	67650657	1
11	67650658	67662160	0
11	67662161	67681198	1
11	67681199	67991102	0
11	67991103	68004980	1
11	68004981	68008576	0
11	68008577	68029274	2
11	68029275	68030625	0
11	68030626	68036642	2
11	68036643	68039014	0
11	68039015	68050893	2
11	68050894	68052857	0
11	68052858	68121442	1
11	68121443	68154861	0
11	68154862	68213826	1
11	68213827	68261333	0
11	68261334	68271987	1
11	68271988	68312607	0
11	68312608	68449273	2
11	68449274	68460729	0
11	68460730	68615332	2
11	68615333	68684473	0
11	68684474	68691173	2
11	68691174	68707438	0
11	68707439	68751562	1
11	68751563	68754618	0
11	68754619	68844408	1
11	68844409	68891274	0
11	68891275	68903818	1
11	68903819	68903840	0
11	68903841	68940597	2
11	68940598	68980019	0
11	68980020	68980984	1
11	68980985	69004393	0
11	69004394	69013407	1
11	69013408	69048895	0
11	69048896	69136314	2
11	69136315	69155476	0
11	69155477	69159750	2
11	69159751	69294136	0
11	69294137	69297285	2
11	69297286	69641085	0
11	69641086	69653074	2
11	69653075	69654472	3
11	69654473	69675414	1
11	69675415	69698230	0
11	69698231	69704640	1
11	69704641	69771014	0
11	69771015	69775401	1
11	69775402	69809967	0
11	69809968	69819022	1
11	69819023	70078300	0
11	70078301	70189526	2
11	70189527	70203161	0
11	70203162	70207388	2
11	70207389	70270698	0
11	70270699	70385310	2
11	70385311	70398402	0
11	70398403	70436582	2
11	70436583	70467854	0
11	70467855	71224760	1
11	71224761	71428191	0
11	71428192	71452866	1
11	71452867	71453107	0
11	71453108	71501814	2
11	71501815	71527265	0
11	71527266	71528672	2
11	71528673	71538023	0
11	71538024	71539205	2
11	71539206	71548416	0
11	71548417	71549551	2
11	71549552	71565561	0
11	71565562	71566736	2
11	71566737	71579712	0
11	71579713	71582873	1
11	71582874	71787508	0
11	71787509	71801234	2
11	71801235	71814043	0
11	71814044	71821546	1
11	71821547	71833198	0
11	71833199	71837560	2
11	71837561	71865507	0
11	71865508	71878451	1
11	71878452	71884559	3
11	71884560	71928652	1
11	71928653	71928699	0
11	71928700	71997595	2
11	71997596	71998539	0
11	71998540	72002862	2
11	72002863	72003751	3
11	72003752	72080329	1
11	72080330	72080387	3
11	72080388	72080593	1
11	72080594	72080685	3
11	72080686	72080691	1
11	72080692	72085893	2
11	72085894	72103244	3
11	72103245	72106376	2
11	72106377	72110775	3
11	72110776	72110780	2
11	72110781	72112778	1
11	72112779	72114867	0
11	72114868	72139888	2
11	72139889	72189556	0
11	72189557	72196321	2
11	72196322	72216599	0
11	72216600	72221948	2
11	72221949	72223699	0
11	72223700	72239075	2
11	72239076	72239103	3
11	72239104	72244174	1
11	72244175	72285493	0
11	72285494	72434678	1
11	72434679	72576139	0
11	72576140	72674451	1
11	72674452	72685067	0
11	72685068	72793679	1
11	72793680	72814306	0
11	72814307	72836743	2
11	72836744	72843672	3
11	72843673	73142259	1
11	73142260	73218296	0
11	73218297	73236350	2
11	73236351	73264503	0
11	73264504	73298615	2
11	73298616	73308287	0
11	73308288	73369386	2
11	73369387	73376262	0
11	73376263	73397470	2
11	73397471	73400485	0
11	73400486	73598187	1
11	73598188	73646176	0
11	73646177	73662817	2
11	73662818	73675636	0
11	73675637	73761135	1
11	73761136	73787314	0
11	73787315	73864609	2
11	73864610	73872665	0
11	73872666	73876697	1
11	73876698	73876986	3
11	73876987	73931122	2
11	73931123	73950317	0
11	73950318	73970364	2
11	73970365	73974665	0
11	73974666	73983305	1
11	73983306	74000279	0
11	74000280	74009433	1
11	74009434	74012712	0
11	74012713	74171097	1
11	74171098	74171208	3
11	74171209	74254701	2
11	74254702	74266653	0
11	74266654	74311655	1
11	74311656	74330316	0
11	74330317	74398471	1
11	74398472	74454839	0
11	74454840	74467727	1
11	74467728	74491710	0
11	74491711	74493731	1
11	74493732	74493849	0
11	74493850	74669115	2
11	74669116	74696427	0
11	74696428	74731383	1
11	74731384	74748866	0
11	74748867	74840228	2
11	74840229	74842411	3
11	74842412	74949185	1
11	74949186	74949245	0
11	74949246	74979029	2
11	74979030	74988132	0
11	74988133	75018891	2
11	75018892	75081751	0
11	75081752	75096874	1
11	75096875	75100589	0
11	75100590	75206547	2
11	75206548	75240903	0
11	75240904	75243695	2
11	75243696	75264180	0
11	75264181	75351703	1
11	75351704	75399484	0
11	75399485	75422278	2
11	75422279	75422392	0
11	75422393	75430627	1
11	75430628	75434638	0
11	75434639	75525901	1
11	75525902	75562054	0
11	75562055	75572781	2
11	75572782	75586916	0
11	75586917	75669118	1
11	75669119	75717817	0
11	75717818	75732956	2
11	75732957	75759510	0
11	75759511	75801533	2
11	75801534	75815165	0
11	75815166	76143193	2
11	76143194	76186323	0
11	76186324	76210734	1
11	76210735	76349954	0
11	76349955	76380940	1
11	76380941	76381314	0
11	76381315	76408134	2
11	76408135	76445020	0
11	76445021	76553023	2
11	76553024	76657522	0
11	76657523	76670745	1
11	76670746	76782249	0
11	76782250	76798152	2
11	76798153	76860865	0
11	76860866	77026795	2
11	77026796	77034396	0
11	77034397	77041971	2
11	77041972	77066939	0
11	77066940	77126153	2
11	77126154	77128262	0
11	77128263	77215239	2
11	77215240	77216556	0
11	77216557	77287416	1
11	77287417	77321705	0
11	77321706	77474633	1
11	77474634	77589633	0
11	77589634	77610353	2
11	77610354	77614528	0
11	77614529	77637803	1
11	77637804	77659994	0
11	77659995	77821015	1
11	77821016	77821107	0
11	77821108	77878718	2
11	77878719	77918430	3
11	77918431	77994676	1
11	77994677	78015713	0
11	78015714	78063859	1
11	78063860	78068349	3
11	78068350	78080217	1
11	78080218	78100934	0
11	78100935	78139658	1
11	78139659	78171247	0
11	78171248	78188810	1
11	78188811	78188820	3
11	78188821	78214709	2
11	78214710	78215295	0
11	78215296	78418346	1
11	78418347	78435959	0
11	78435960	78574872	1
11	78574873	78652829	0
11	78652830	79440649	1
11	79440650	82729939	0
11	82729940	82733862	1
11	82733863	82823500	0
11	82823501	82899973	1
11	82899974	82900595	3
11	82900596	82901696	1
11	82901697	82901738	3
11	82901739	82901740	1
11	82901741	82932214	3
11	82932215	82970582	1
11	82970583	82973131	0
11	82973132	83071921	1
11	83071922	83156986	0
11	83156987	83187449	2
11	83187450	83193737	0
11	83193738	83256097	2
11	83256098	83259095	0
11	83259096	83286405	1
11	83286406	83455010	0
11	83455011	85627920	1
11	85627921	85628571	0
11	85628572	85636537	2
11	85636538	85647975	0
11	85647976	85656541	2
11	85656542	85660250	0
11	85660251	85682906	1
11	85682907	85684864	0
11	85684865	85686275	1
11	85686276	85694222	0
11	85694223	85811157	1
11	85811158	85855099	0
11	85855100	85920019	2
11	85920020	85957682	0
11	85957683	86069880	1
11	86069881	86244542	0
11	86244543	86278811	2
11	86278812	86302209	0
11	86302210	86345929	2
11	86345930	86374734	0
11	86374735	86423107	2
11	86423108	86441106	0
11	86441107	86672634	1
11	86672635	86791057	0
11	86791058	86945677	2
11	86945678	86952908	3
11	86952909	86955389	1
11	86955390	87037842	0
11	87037843	87323756	2
11	87323757	88113240	0
11	88113241	88175465	1
11	88175466	88293590	0
11	88293591	88337785	1
11	88337786	88504574	0
11	88504575	89065943	1
11	89065944	89177450	0
11	89177451	89295757	2
11	89295758	89324354	0
11	89324355	89498185	1
11	89498186	89710297	0
11	89710298	89717870	2
11	89717871	89797653	0
11	89797654	89808573	1
11	89808574	89869280	0
11	89869281	89876015	1
11	89876016	89911109	0
11	89911110	89921765	1
11	89921766	89924062	0
11	89924063	89933061	2
11	89933062	89968500	0
11	89968501	89975226	2
11	89975227	90031104	0
11	90031105	90042023	2
11	90042024	90085948	0
11	90085949	90087129	2
11	90087130	90131513	0
11	90131514	90192892	2
11	90192893	90201158	0
11	90201159	90223362	1
11	90223363	92352094	0
11	92352095	92896468	2
11	92896469	92969718	0
11	92969719	92985064	2
11	92985065	93144169	0
11	93144170	93197961	1
11	93197962	93329988	0
11	93329989	93438468	2
11	93438469	93478470	0
11	93478471	93543506	1
11	93543507	93661637	0
11	93661638	93730356	2
11	93730357	93735565	0
11	93735566	93741589	1
11	93741590	93741943	3
11	93741944	93745827	1
11	93745828	93755391	3
11	93755392	93784225	1
11	93784226	93784389	3
11	93784390	93814961	2
11	93814962	93818230	0
11	93818231	93850529	1
11	93850530	94021359	0
11	94021360	94113749	2
11	94113750	94128926	0
11	94128927	94181970	2
11	94181971	94305590	0
11	94305591	94307719	2
11	94307720	94377309	0
11	94377310	94401417	1
11	94401418	94415576	0
11	94415577	94493627	1
11	94493628	94493906	3
11	94493907	94499581	2
11	94499582	94512430	0
11	94512431	94532121	2
11	94532122	94543838	0
11	94543839	94549896	2
11	94549897	94567306	0
11	94567307	94621419	2
11	94621420	94706429	0
11	94706430	94876751	2
11	94876752	94962620	0
11	94962621	94973610	1
11	94973611	94973679	0
11	94973680	94999516	2
11	94999517	95025256	0
11	95025257	95027594	2
11	95027595	95049420	0
11	95049421	95051336	2
11	95051337	95067195	0
11	95067196	95071222	2
11	95071223	95089808	0
11	95089809	95132643	2
11	95132644	95165511	0
11	95165512	95232539	1
11	95232540	95768940	0
11	95768941	95789963	1
11	95789964	95790407	3
11	95790408	95832691	2
11	95832692	95832880	0
11	95832881	95924293	1
11	95924294	95976596	0
11	95976597	96343178	1
11	96343179	96352767	0
11	96352768	96389954	1
11	96389955	96389992	0
11	96389993	96393255	2
11	96393256	99021139	0
11	99021140	100358883	2
11	100358884	100687674	0
11	100687675	100990923	2
11	100990924	100992078	0
11	100992079	100993932	2
11	100993933	101029622	0
11	101029623	101130522	1
11	101130523	101451562	0
11	101451563	101583926	1
11	101583927	101890672	0
11	101890673	101915013	1
11	101915014	101916520	3
11	101916521	102001056	2
11	102001057	102047441	0
11	102047442	102084558	2
11	102084559	102110459	0
11	102110460	102233421	2
11	102233422	102317448	0
11	102317449	102339401	2
11	102339402	102347212	0
11	102347213	102378668	2
11	102378669	102396330	0
11	102396331	102453042	1
11	102453043	102520506	0
11	102520507	102530751	1
11	102530752	102576833	0
11	102576834	102625330	1
11	102625331	102691485	0
11	102691486	102705804	1
11	102705805	102711793	0
11	102711794	102724952	1
11	102724953	102770501	0
11	102770502	102780626	1
11	102780627	102789918	0
11	102789919	102798158	1
11	102798159	102835799	0
11	102835800	102843801	1
11	102843802	102862734	0
11	102862735	102875032	1
11	102875033	102942993	0
11	102942994	102955732	1
11	102955733	103062074	0
11	103062075	103092213	1
11	103092214	103109408	0
11	103109409	103479861	2
11	103479862	103907184	0
11	103907185	104036578	1
11	104036579	104039186	3
11	104039187	104164377	1
11	104164378	104942864	0
11	104942865	104969434	1
11	104969435	104994238	0
11	104994239	105023166	1
11	105023167	105025441	0
11	105025442	105035248	1
11	105035249	105041324	0
11	105041325	105101429	1
11	105101430	105137719	0
11	105137720	105516000	1
11	105516001	105609992	0
11	105609993	105982090	2
11	105982091	106007900	0
11	106007901	106022401	1
11	106022402	106051096	0
11	106051097	106075499	1
11	106075500	106077347	3
11	106077348	106077487	1
11	106077488	106077763	3
11	106077764	106098708	2
11	106098709	106674010	0
11	106674011	107018522	1
11	107018523	107326343	0
11	107326344	107457842	1
11	107457843	107502724	0
11	107502725	107565744	1
11	107565745	107591089	0
11	107591090	107666777	2
11	107666778	107707376	0
11	107707377	107719691	1
11	107719692	107790989	0
11	107790990	107928291	1
11	107928292	107928501	0
11	107928502	107963480	2
11	107963481	108008731	0
11	108008732	108107774	2
11	108107775	108121514	0
11	108121515	108147774	2
11	108147775	108157213	0
11	108157214	108222482	1
11	108222483	108222640	3
11	108222641	108308517	2
11	108308518	108369097	3
11	108369098	108369100	2
11	108369101	108467529	1
11	108467530	108472103	0
11	108472104	108498430	1
11	108498431	108505429	0
11	108505430	108593736	1
11	108593737	108665023	0
11	108665024	108940928	2
11	108940929	109422118	0
11	109422119	109429112	2
11	109429113	110093359	0
11	110093360	110171839	2
11	110171840	110174878	0
11	110174879	110296720	1
11	110296721	110429881	0
11	110429882	110464879	2
11	110464880	110577040	0
11	110577041	110713187	1
11	110713188	111245852	0
11	111245853	111286399	2
11	111286400	111298553	0
11	111298554	111308733	2
11	111308734	111352250	0
11	111352251	111449979	1
11	111449980	111467524	0
11	111467525	111512352	1
11	111512353	111514783	0
11	111514784	111537029	2
11	111537030	111540278	0
11	111540279	111561743	2
11	111561744	111602389	0
11	111602390	111726906	2
11	111726907	111730851	3
11	111730852	111766425	1
11	111766426	111782193	0
11	111782194	111878933	1
11	111878934	111879423	3
11	111879424	111879540	1
11	111879541	111881241	3
11	111881242	111885973	2
11	111885974	111908563	0
11	111908564	111912240	1
11	111912241	111913211	3
11	111913212	111918030	1
11	111918031	111923720	3
11	111923721	111926870	2
11	111926871	111927142	0
11	111927143	112022582	2
11	112022583	112024812	0
11	112024813	112064008	2
11	112064009	112064388	3
11	112064389	112074084	1
11	112074085	112074169	3
11	112074170	112074272	1
11	112074273	112084798	2
11	112084799	112085148	3
11	112085149	112086771	1
11	112086772	112086793	3
11	112086794	112086796	1
11	112086797	112120011	2
11	112120012	112143249	0
11	112143250	112164115	1
11	112164116	112167370	0
11	112167371	112172557	2
11	112172558	112175465	0
11	112175466	112224697	2
11	112224698	112226363	0
11	112226364	112233971	2
11	112233972	112248477	0
11	112248478	112260858	1
11	112260859	112961245	0
11	112961246	113278434	2
11	113278435	113314527	0
11	113314528	113383542	2
11	113383543	113387789	0
11	113387790	113400416	2
11	113400417	113409613	0
11	113409614	113475387	1
11	113475388	113687544	0
11	113687545	113706371	1
11	113706372	113733185	0
11	113733186	113773809	1
11	113773810	113779745	0
11	113779746	113780498	2
11	113780499	113797872	0
11	113797873	113875568	1
11	113875569	113904675	0
11	113904676	113946563	2
11	113946564	113974879	0
11	113974880	113990311	2
11	113990312	114059591	0
11	114059592	114250674	2
11	114250675	114257829	0
11	114257830	114313283	2
11	114313284	114391441	0
11	114391442	114400028	1
11	114400029	114400415	3
11	114400416	114400509	1
11	114400510	114414201	2
11	114414202	114439384	0
11	114439385	114450277	2
11	114450278	114521643	0
11	114521644	114559893	1
11	114559894	114570589	0
11	114570590	114595760	1
11	114595761	114678384	0
11	114678385	114706931	2
11	114706932	115169234	0
11	115169235	115504955	1
11	115504956	116748168	0
11	116748169	116772986	1
11	116772987	116773797	0
11	116773798	116788048	1
11	116788049	116789365	0
11	116789366	116792418	1
11	116792419	116820698	0
11	116820699	116823304	1
11	116823305	116829704	0
11	116829705	116833070	2
11	116833071	116835749	0
11	116835750	116837948	1
11	116837949	116843400	0
11	116843401	117098435	1
11	117098436	117144265	0
11	117144266	117176872	2
11	117176873	117178731	0
11	117178732	117197443	2
11	117197444	117199319	0
11	117199320	117204335	2
11	117204336	117204555	3
11	117204556	117204780	2
11	117204781	117232523	1
11	117232524	117232623	0
11	117232624	117285205	2
11	117285206	117285684	3
11	117285685	117285704	2
11	117285705	117286443	3
11	117286444	117314555	1
11	117314556	117316254	3
11	117316255	117316257	1
11	117316258	117413266	2
11	117413267	117427771	0
11	117427772	117877484	1
11	117877485	117900641	0
11	117900642	117929457	1
11	117929458	117986346	0
11	117986347	118001477	2
11	118001478	118003632	0
11	118003633	118077010	1
11	118077011	118088297	3
11	118088298	118121888	2
11	118121889	118133375	0
11	118133376	118152886	1
11	118152887	118161949	0
11	118161950	118176671	1
11	118176672	118193738	0
11	118193739	118225092	1
11	118225093	118226688	0
11	118226689	118252348	1
11	118252349	118253401	0
11	118253402	118264534	1
11	118264535	118304543	0
11	118304544	118316173	2
11	118316174	118338952	0
11	118338953	118342742	1
11	118342743	118344342	0
11	118344343	118355159	2
11	118355160	118359583	0
11	118359584	118399209	2
11	118399210	118401152	0
11	118401153	118526830	2
11	118526831	118527470	0
11	118527471	118544526	2
11	118544527	118547278	3
11	118547279	118572388	1
11	118572389	118572758	3
11	118572759	118572968	1
11	118572969	118603031	2
11	118603032	118606438	0
11	118606439	118657314	2
11	118657315	118658029	3
11	118658030	118658036	2
11	118658037	118679671	1
11	118679672	118747764	0
11	118747765	118791145	1
11	118791146	118883764	0
11	118883765	118893873	2
11	118893874	118897797	3
11	118897798	118925606	1
11	118925607	118956314	0
11	118956315	118958557	2
11	118958558	118971705	0
11	118971706	118981289	2
11	118981290	118998140	0
11	118998141	119015710	2
11	119015711	119015743	3
11	119015744	119018430	1
11	119018431	119018688	3
11	119018689	119024349	2
11	119024350	119025452	3
11	119025453	119030904	1
11	119030905	119044187	0
11	119044188	119057192	1
11	119057193	119067690	0
11	119067691	119081976	2
11	119081977	119084881	0
11	119084882	119093547	2
11	119093548	119093852	0
11	119093853	119095465	1
11	119095466	119096501	0
11	119096502	119107381	1
11	119107382	119108329	3
11	119108330	119118542	2
11	119118543	119121585	0
11	119121586	119136042	2
11	119136043	119149010	0
11	119149011	119162651	2
11	119162652	119168186	0
11	119168187	119184014	2
11	119184015	119185473	0
11	119185474	119189636	2
11	119189637	119189758	3
11	119189759	119190221	2
11	119190222	119196767	1
11	119196768	119206274	0
11	119206275	119308527	2
11	119308528	119313924	3
11	119313925	119317114	1
11	119317115	119334525	0
11	119334526	119337311	2
11	119337312	119338937	0
11	119338938	119346671	1
11	119346672	119355213	0
11	119355214	119381724	1
11	119381725	119417376	0
11	119417377	119424983	1
11	119424984	119638096	0
11	119638097	119729082	1
11	119729083	120111273	0
11	120111274	120185527	1
11	120185528	120210765	0
11	120210766	120230330	2
11	120230331	120236638	0
11	120236639	120319942	2
11	120319943	120325127	0
11	120325128	120333680	2
11	120333681	120336912	0
11	120336913	120489934	2
11	120489935	120511698	0
11	120511699	120988902	2
11	120988903	121024070	0
11	121024071	121191491	2
11	121191492	121292451	0
11	121292452	121308692	2
11	121308693	121452201	0
11	121452202	121633691	2
11	121633692	122115352	0
11	122115353	122116213	1
11	122116214	122655673	0
11	122655674	122814471	2
11	122814472	122838498	0
11	122838499	122872637	2
11	122872638	122882526	0
11	122882527	122959796	2
11	122959797	122977568	0
11	122977569	122981718	1
11	122981719	123057487	0
11	123057488	123063228	1
11	123063229	123069863	0
11	123069864	123195279	1
11	123195280	123358426	0
11	123358427	123627772	2
11	123627773	123629187	0
11	123629188	123655242	1
11	123655243	123724175	0
11	123724176	123741671	1
11	123741672	123753486	0
11	123753487	123754543	1
11	123754544	123805333	0
11	123805334	123806385	1
11	123806386	123882924	0
11	123882925	123885640	1
11	123885641	123902165	0
11	123902166	123909227	2
11	123909228	123939541	0
11	123939542	123940635	2
11	123940636	123942783	0
11	123942784	123943871	1
11	123943872	123976659	0
11	123976660	123977779	1
11	123977780	123994161	0
11	123994162	123995159	1
11	123995160	124012995	0
11	124012996	124018730	2
11	124018731	124023011	0
11	124023012	124023946	2
11	124023947	124026796	0
11	124026797	124030632	2
11	124030633	124036011	0
11	124036012	124041323	1
11	124041324	124115360	0
11	124115361	124147719	2
11	124147720	124183343	0
11	124183344	124188778	2
11	124188779	124241093	0
11	124241094	124254362	2
11	124254363	124256374	0
11	124256375	124266216	2
11	124266217	124302829	0
11	124302830	124315097	1
11	124315098	124319236	0
11	124319237	124320286	1
11	124320287	124382392	0
11	124382393	124384460	1
11	124384461	124395532	0
11	124395533	124399022	1
11	124399023	124423902	0
11	124423903	124424891	1
11	124424892	124437443	0
11	124437444	124445694	1
11	124445695	124542680	0
11	124542681	124543677	1
11	124543678	124566658	0
11	124566659	124575762	2
11	124575763	124611488	0
11	124611489	124620354	2
11	124620355	124622868	0
11	124622869	124633111	2
11	124633112	124634800	3
11	124634801	124673796	1
11	124673797	124673879	3
11	124673880	124676301	1
11	124676302	124697516	2
11	124697517	124739844	0
11	124739845	124747208	2
11	124747209	124747470	0
11	124747471	124752236	1
11	124752237	124752581	0
11	124752582	124762288	1
11	124762289	124766496	0
11	124766497	124800671	1
11	124800672	124865384	0
11	124865385	124881464	2
11	124881465	124883689	0
11	124883690	124898279	1
11	124898280	124919191	0
11	124919192	124919242	1
11	124919243	124920675	3
11	124920676	124936410	1
11	124936411	124954119	0
11	124954120	125041487	2
11	125041488	125063065	0
11	125063066	125089235	2
11	125089236	125096543	0
11	125096544	125111761	1
11	125111762	125164704	0
11	125164705	125433387	2
11	125433388	125442879	0
11	125442880	125569214	1
11	125569215	125584685	3
11	125584686	125591710	1
11	125591711	125592508	3
11	125592509	125623089	2
11	125623090	125625134	0
11	125625135	125671520	2
11	125671521	125676253	3
11	125676254	125681121	1
11	125681122	125746291	0
11	125746292	125749865	2
11	125749866	125776111	0
11	125776112	125778817	1
11	125778818	125788109	0
11	125788110	125791598	2
11	125791599	125833314	0
11	125833315	125840067	2
11	125840068	125883612	0
11	125883613	125893483	2
11	125893484	125896328	3
11	125896329	125900646	2
11	125900647	125903219	1
11	125903220	125903374	0
11	125903375	125928827	2
11	125928828	125946054	0
11	125946055	125955794	2
11	125955795	125958645	3
11	125958646	126063333	1
11	126063334	126202092	0
11	126202093	126211412	1
11	126211413	126211690	3
11	126211691	126262917	2
11	126262918	126262984	3
11	126262985	126268980	1
11	126268981	126269131	0
11	126269132	126278122	2
11	126278123	126283085	0
11	126283086	126294931	2
11	126294932	126303750	0
11	126303751	126345752	2
11	126345753	126355658	0
11	126355659	126414639	2
11	126414640	126423357	0
11	126423358	127000808	1
11	127000809	128458759	0
11	128458760	128587556	1
11	128587557	128686533	0
11	128686534	128813265	2
11	128813266	128836313	0
11	128836314	128867371	1
11	128867372	128891354	0
11	128891355	128899563	2
11	128899564	128905695	3
11	128905696	128921033	2
11	128921034	128934729	0
11	128934730	128943397	1
11	128943398	128965058	0
11	128965059	129279322	1
11	129279323	129375938	0
11	129375939	129452277	2
11	129452278	129815817	0
11	129815818	129860001	2
11	129860002	129863634	0
11	129863635	129895582	1
11	129895583	129899704	0
11	129899705	130002833	1
11	130002834	130068145	0
11	130068146	130144809	2
11	130144810	130159560	0
11	130159561	130210374	2
11	130210375	130226675	0
11	130226676	130314906	1
11	130314907	130404923	0
11	130404924	130428991	1
11	130428992	130448972	0
11	130448973	130476639	2
11	130476640	130875434	0
11	130875435	130916507	1
11	130916508	131370476	0
11	131370477	132336820	2
11	132336821	132414975	0
11	132414976	133532517	1
11	133532518	133840629	0
11	133840630	133845536	1
11	133845537	133908562	0
11	133908563	133956983	1
11	133956984	134068923	0
11	134068924	134151999	2
11	134152000	134152443	0
11	134152444	134224643	1
11	134224644	134225452	3
11	134225453	134247790	2
11	134247791	134248277	0
11	134248278	134253368	1
11	134253369	134253493	0
11	134253494	134265853	2
11	134265854	134274243	0
11	134274244	134319561	2
11	134319562	134331872	0
11	134331873	134376322	2
11	134376323	134378504	0
11	134378505	134411916	1
