<CHROM>	<START>	<END>	<TSB>
16	0	46405	0
16	46406	53008	1
16	53009	53626	3
16	53627	57667	2
16	57668	58057	0
16	58058	76353	1
16	76354	77005	0
16	77006	84272	2
16	84273	85682	3
16	85683	85799	2
16	85800	85849	3
16	85850	85851	2
16	85852	138858	1
16	138859	152685	0
16	152686	154501	2
16	154502	165976	0
16	165977	166766	2
16	166767	172874	0
16	172875	173708	2
16	173709	176678	0
16	176679	177520	2
16	177521	180451	0
16	180452	181179	2
16	181180	188967	0
16	188968	229461	1
16	229462	234544	0
16	234545	268299	2
16	268300	268969	3
16	268970	269267	2
16	269268	269941	3
16	269942	275927	1
16	275928	283008	2
16	283009	283150	0
16	283151	287213	2
16	287214	287438	0
16	287439	352657	1
16	352658	366967	0
16	366968	386997	1
16	386998	396723	0
16	396724	400757	2
16	400758	401824	0
16	401825	412485	2
16	412486	425617	0
16	425618	523009	2
16	523010	527715	0
16	527716	554634	2
16	554635	560420	0
16	560421	565526	2
16	565527	566993	0
16	566994	584134	2
16	584135	589355	0
16	589356	629270	2
16	629271	630930	0
16	630931	634114	2
16	634115	634425	0
16	634426	636364	1
16	636365	641811	0
16	641812	648472	2
16	648473	649323	0
16	649324	667831	2
16	667832	668084	0
16	668085	674172	2
16	674173	675664	0
16	675665	678266	2
16	678267	680222	0
16	680223	681669	2
16	681670	682744	3
16	682745	682797	2
16	682798	684437	1
16	684438	684620	0
16	684621	690442	1
16	690443	692498	0
16	692499	705827	1
16	705828	715113	0
16	715114	719653	2
16	719654	720973	0
16	720974	722580	2
16	722581	722599	3
16	722600	726844	1
16	726845	726934	0
16	726935	729731	2
16	729732	729751	0
16	729752	741327	1
16	741328	760760	0
16	760761	768863	2
16	768864	769426	0
16	769427	783368	1
16	783369	784972	0
16	784973	788044	1
16	788045	788381	3
16	788382	788395	1
16	788396	798039	2
16	798040	798072	3
16	798073	800731	1
16	800732	853632	0
16	853633	981295	1
16	981296	981806	0
16	981807	986977	2
16	986978	1078779	0
16	1078780	1080140	2
16	1080141	1090003	0
16	1090004	1096242	1
16	1096243	1153119	0
16	1153120	1221649	2
16	1221650	1221770	3
16	1221771	1225255	1
16	1225256	1228334	0
16	1228335	1230182	1
16	1230183	1240694	0
16	1240695	1242552	2
16	1242553	1256057	0
16	1256058	1258996	2
16	1258997	1308878	0
16	1308879	1327016	2
16	1327017	1333599	0
16	1333600	1349238	2
16	1349239	1349436	3
16	1349437	1349439	2
16	1349440	1351909	1
16	1351910	1351921	0
16	1351922	1363203	2
16	1363204	1364111	3
16	1364112	1414749	1
16	1414750	1419742	0
16	1419743	1420798	1
16	1420799	1431033	0
16	1431034	1433395	2
16	1433396	1434386	0
16	1434387	1444554	1
16	1444555	1444933	0
16	1444934	1475578	1
16	1475579	1485884	0
16	1485885	1488979	1
16	1488980	1493361	0
16	1493362	1510425	2
16	1510426	1510455	3
16	1510456	1528686	1
16	1528687	1533492	3
16	1533493	1533571	1
16	1533572	1555578	3
16	1555579	1612108	1
16	1612109	1612323	0
16	1612324	1677906	2
16	1677907	1678254	0
16	1678255	1702278	2
16	1702279	1706181	0
16	1706182	1770284	2
16	1770285	1770315	3
16	1770316	1771728	1
16	1771729	1771888	0
16	1771889	1773153	1
16	1773154	1773205	0
16	1773206	1776309	2
16	1776310	1776710	0
16	1776711	1782899	1
16	1782900	1789189	3
16	1789190	1794969	1
16	1794970	1795618	0
16	1795619	1826939	1
16	1826940	1827192	3
16	1827193	1833985	2
16	1833986	1840205	3
16	1840206	1884292	1
16	1884293	1911461	0
16	1911462	1918438	1
16	1918439	1938208	0
16	1938209	1943324	1
16	1943325	1943972	0
16	1943973	1957604	1
16	1957605	1959506	0
16	1959507	1961973	2
16	1961974	1962050	0
16	1962051	1964858	1
16	1964859	1966821	0
16	1966822	1968973	2
16	1968974	1972035	0
16	1972036	1978915	2
16	1978916	1981465	3
16	1981466	1982931	2
16	1982932	1984190	1
16	1984191	1984205	0
16	1984206	1987747	2
16	1987748	1989658	0
16	1989659	1994273	2
16	1994274	1997652	0
16	1997653	2009821	1
16	2009822	2009924	0
16	2009925	2020753	2
16	2020754	2025354	0
16	2025355	2039024	2
16	2039025	2039813	0
16	2039814	2047463	1
16	2047464	2047864	3
16	2047865	2088708	2
16	2088709	2088718	3
16	2088719	2089485	2
16	2089486	2135896	1
16	2135897	2148142	0
16	2148143	2154163	2
16	2154164	2155696	0
16	2155697	2177178	2
16	2177179	2178127	3
16	2178128	2196523	1
16	2196524	2204594	0
16	2204595	2209251	2
16	2209252	2209394	3
16	2209395	2209410	2
16	2209411	2211948	1
16	2211949	2211995	0
16	2211996	2214805	1
16	2214806	2223564	0
16	2223565	2235740	2
16	2235741	2235814	0
16	2235815	2238709	2
16	2238710	2239393	0
16	2239394	2252298	1
16	2252299	2253114	0
16	2253115	2268410	1
16	2268411	2275879	0
16	2275880	2340744	1
16	2340745	2429392	0
16	2429393	2458852	2
16	2458853	2460078	0
16	2460079	2464961	2
16	2464962	2471497	0
16	2471498	2474143	2
16	2474144	2475049	0
16	2475050	2530033	2
16	2530034	2530489	3
16	2530490	2531420	2
16	2531421	2537962	0
16	2537963	2603186	2
16	2603187	2682473	0
16	2682474	2709028	2
16	2709029	2712416	0
16	2712417	2720213	1
16	2720214	2752327	0
16	2752328	2771410	2
16	2771411	2771412	0
16	2771413	2777295	1
16	2777296	2783951	0
16	2783952	2787946	1
16	2787947	2798483	0
16	2798484	2805300	2
16	2805301	2817178	0
16	2817179	2821717	2
16	2821718	2830167	0
16	2830168	2839583	2
16	2839584	2852725	0
16	2852726	2858168	1
16	2858169	2883184	0
16	2883185	2899380	2
16	2899381	2911935	0
16	2911936	2951206	2
16	2951207	2963942	0
16	2963943	2968100	2
16	2968101	2968378	3
16	2968379	2968381	2
16	2968382	2969243	1
16	2969244	2973487	3
16	2973488	2980537	1
16	2980538	2988254	0
16	2988255	3002014	2
16	3002015	3012454	0
16	3012455	3014503	2
16	3014504	3014710	0
16	3014711	3018443	1
16	3018444	3020069	3
16	3020070	3022381	2
16	3022382	3022618	0
16	3022619	3024029	1
16	3024030	3024244	3
16	3024245	3024284	1
16	3024285	3027682	2
16	3027683	3027752	3
16	3027753	3027753	2
16	3027754	3036924	1
16	3036925	3046679	0
16	3046680	3060724	2
16	3060725	3065295	0
16	3065296	3082190	2
16	3082191	3088888	0
16	3088889	3099315	1
16	3099316	3112558	0
16	3112559	3120515	2
16	3120516	3129775	0
16	3129776	3142803	2
16	3142804	3204245	0
16	3204246	3205186	2
16	3205187	3222323	0
16	3222324	3236219	1
16	3236220	3242026	0
16	3242027	3256625	1
16	3256626	3263798	0
16	3263799	3298830	2
16	3298831	3301398	3
16	3301399	3301399	2
16	3301400	3305484	1
16	3305485	3305643	3
16	3305644	3305703	1
16	3305704	3318850	2
16	3318851	3355887	0
16	3355888	3357292	2
16	3357293	3370977	0
16	3370978	3372738	1
16	3372739	3382079	0
16	3382080	3382111	1
16	3382112	3397743	3
16	3397744	3401063	1
16	3401064	3401233	0
16	3401234	3409368	2
16	3409369	3432420	0
16	3432421	3443551	1
16	3443552	3443609	0
16	3443610	3486961	2
16	3486962	3493482	0
16	3493483	3495478	1
16	3495479	3500922	0
16	3500923	3539031	2
16	3539032	3539046	3
16	3539047	3577389	1
16	3577390	3581179	0
16	3581180	3611596	1
16	3611597	3642936	0
16	3642937	3658035	2
16	3658036	3665470	3
16	3665471	3666080	2
16	3666081	3680141	3
16	3680142	3717595	1
16	3717596	3725052	0
16	3725053	3880724	1
16	3880725	3953385	0
16	3953386	4116183	1
16	4116184	4189372	0
16	4189373	4242078	1
16	4242079	4257184	0
16	4257185	4273073	1
16	4273074	4314759	0
16	4314760	4331547	2
16	4331548	4339595	3
16	4339596	4371846	1
16	4371847	4383526	3
16	4383527	4425703	1
16	4425704	4425803	0
16	4425804	4456773	2
16	4456774	4461678	0
16	4461679	4474688	1
16	4474689	4474893	3
16	4474894	4475922	1
16	4475923	4476304	3
16	4476305	4510345	2
16	4510346	4510673	0
16	4510674	4538826	1
16	4538827	4556488	0
16	4556489	4600712	2
16	4600713	4608881	0
16	4608882	4615025	1
16	4615026	4616491	0
16	4616492	4690972	2
16	4690973	4693692	0
16	4693693	4695857	2
16	4695858	4696508	0
16	4696509	4734270	1
16	4734271	4734375	3
16	4734376	4748237	2
16	4748238	4749394	3
16	4749395	4767622	1
16	4767623	4777667	0
16	4777668	4788395	1
16	4788396	4788519	3
16	4788520	4796489	2
16	4796490	4796966	0
16	4796967	4802948	1
16	4802949	4803201	0
16	4803202	4846663	1
16	4846664	4847277	3
16	4847278	4847340	1
16	4847341	4882358	2
16	4882359	4882505	0
16	4882506	4958315	1
16	4958316	4960739	3
16	4960740	5019156	2
16	5019157	5024842	0
16	5024843	5033932	1
16	5033933	5033958	0
16	5033959	5044120	2
16	5044121	5065969	3
16	5065970	5084302	2
16	5084303	5085388	3
16	5085389	5085570	2
16	5085571	5085585	3
16	5085586	5097806	1
16	5097807	5239800	0
16	5239801	7713336	2
16	7713337	8569498	0
16	8569499	8590191	1
16	8590192	8621681	0
16	8621682	8649652	2
16	8649653	8674563	0
16	8674564	8784573	2
16	8784574	8788821	0
16	8788822	8795178	2
16	8795179	8797646	3
16	8797647	8849329	2
16	8849330	8852940	0
16	8852941	8869010	1
16	8869011	8881632	0
16	8881633	8885349	2
16	8885350	8892092	0
16	8892093	8964512	1
16	8964513	9091646	0
16	9091647	9121638	2
16	9121639	9753402	0
16	9753403	10182752	1
16	10182753	10386053	0
16	10386054	10483636	2
16	10483637	10528420	0
16	10528421	10580696	1
16	10580697	10627499	0
16	10627500	10694943	1
16	10694944	10743784	0
16	10743785	10761224	2
16	10761225	10769349	3
16	10769350	10818783	1
16	10818784	10866220	0
16	10866221	10928889	2
16	10928890	10936386	3
16	10936387	10942458	1
16	10942459	10944486	0
16	10944487	11182187	2
16	11182188	11249647	0
16	11249648	11254403	2
16	11254404	11256177	3
16	11256178	11267746	2
16	11267747	11269531	3
16	11269532	11273216	2
16	11273217	11273639	3
16	11273640	11275637	2
16	11275638	11276478	3
16	11276479	11280834	2
16	11280835	11281348	3
16	11281349	11359843	2
16	11359844	11381660	3
16	11381661	11527243	1
16	11527244	11547720	0
16	11547721	11636379	1
16	11636380	11668412	0
16	11668413	11679078	2
16	11679079	11679157	3
16	11679158	11742876	1
16	11742877	11750584	0
16	11750585	11797265	1
16	11797266	11833848	0
16	11833849	11851583	1
16	11851584	11868126	0
16	11868127	11916080	1
16	11916081	11927371	0
16	11927372	11965105	1
16	11965106	11968066	3
16	11968067	11976632	1
16	11976633	11976736	0
16	11976737	12574287	2
16	12574288	12659797	0
16	12659798	12804015	1
16	12804016	12901618	0
16	12901619	13240411	2
16	13240412	13920155	0
16	13920156	13952343	2
16	13952344	14071319	0
16	14071320	14266770	2
16	14266771	14435699	0
16	14435700	14632726	1
16	14632727	14632813	0
16	14632814	14669234	2
16	14669235	14672543	0
16	14672544	14694667	1
16	14694668	14708942	0
16	14708943	14726336	2
16	14726337	14748064	0
16	14748065	14765411	2
16	14765412	14833679	0
16	14833680	14896158	2
16	14896159	14937441	0
16	14937442	14952054	2
16	14952055	14974589	0
16	14974590	15037851	2
16	15037852	15056062	3
16	15056063	15060020	2
16	15060021	15094315	3
16	15094316	15139337	2
16	15139338	15363622	0
16	15363623	15381045	1
16	15381046	15395752	0
16	15395753	15594384	2
16	15594385	15625026	3
16	15625027	15643164	1
16	15643165	15643265	0
16	15643266	15703170	2
16	15703171	15726351	3
16	15726352	15857031	1
16	15857032	15865718	0
16	15865719	15888623	1
16	15888624	15949575	0
16	15949576	16143072	2
16	16143073	16148926	0
16	16148927	16223469	1
16	16223470	16232493	0
16	16232494	16294812	2
16	16294813	16331875	0
16	16331876	16350588	2
16	16350589	16379053	0
16	16379054	16393952	2
16	16393953	17101767	0
16	17101768	17470879	1
16	17470880	18317940	0
16	18317941	18336734	1
16	18336735	18358084	0
16	18358085	18376837	1
16	18376838	18417323	0
16	18417324	18562209	1
16	18562210	18781293	0
16	18781294	18801676	1
16	18801677	18804851	0
16	18804852	18926452	1
16	18926453	18983932	0
16	18983933	19063940	2
16	19063941	19067597	0
16	19067598	19080093	2
16	19080094	19114381	0
16	19114382	19121627	2
16	19121628	19167969	0
16	19167970	19268332	2
16	19268333	19285737	0
16	19285738	19322143	2
16	19322144	19410537	0
16	19410538	19499111	2
16	19499112	19501687	0
16	19501688	19522143	1
16	19522144	19523809	0
16	19523810	19553406	2
16	19553407	19555238	0
16	19555239	19701932	2
16	19701933	19706791	3
16	19706792	19716454	1
16	19716455	19718232	3
16	19718233	19856689	2
16	19856690	19858465	3
16	19858466	19886165	1
16	19886166	20031483	0
16	20031484	20073915	1
16	20073916	20309570	0
16	20309571	20327806	1
16	20327807	20333050	0
16	20333051	20356299	1
16	20356300	20359168	0
16	20359169	20404735	1
16	20404736	20409532	0
16	20409533	20441334	2
16	20441335	20451459	0
16	20451460	20487665	2
16	20487666	20536224	0
16	20536225	20576425	1
16	20576426	20610241	0
16	20610242	20623235	2
16	20623236	20691254	3
16	20691255	20733662	2
16	20733663	20742082	3
16	20742083	20780191	2
16	20780192	20797579	3
16	20797580	20806427	1
16	20806428	20806471	3
16	20806472	20806497	1
16	20806498	20849666	3
16	20849667	20899900	1
16	20899901	20900347	3
16	20900348	20900382	1
16	20900383	20925004	2
16	20925005	20933109	0
16	20933110	21158375	1
16	21158376	21159439	3
16	21159440	21180614	2
16	21180615	21197448	0
16	21197449	21214508	1
16	21214509	21233663	0
16	21233664	21243870	2
16	21243871	21253843	3
16	21253844	21303081	1
16	21303082	21402235	0
16	21402236	21440717	1
16	21440718	21597220	0
16	21597221	21639535	2
16	21639536	21652658	3
16	21652659	21657471	2
16	21657472	21663969	0
16	21663970	21760727	2
16	21760728	21834567	0
16	21834568	21866306	1
16	21866307	21952658	0
16	21952659	21983658	2
16	21983659	21983863	0
16	21983864	22001108	1
16	22001109	22007636	0
16	22007637	22087531	2
16	22087532	22092538	0
16	22092539	22156964	2
16	22156965	22165581	0
16	22165582	22191752	2
16	22191753	22206280	0
16	22206281	22288730	2
16	22288731	22297373	0
16	22297374	22335101	2
16	22335102	22345934	0
16	22345935	22433663	1
16	22433664	22490335	0
16	22490336	22536503	2
16	22536504	22814175	0
16	22814176	22916336	2
16	22916337	23061404	0
16	23061405	23149268	1
16	23149269	23182713	0
16	23182714	23216881	2
16	23216882	23302268	0
16	23302269	23381297	2
16	23381298	23388491	0
16	23388492	23453178	1
16	23453179	23463540	0
16	23463541	23521993	1
16	23521994	23522012	0
16	23522013	23557360	1
16	23557361	23557373	3
16	23557374	23557719	1
16	23557720	23557729	3
16	23557730	23574387	2
16	23574388	23581000	0
16	23581001	23596354	1
16	23596355	23603158	0
16	23603159	23641308	1
16	23641309	23641390	0
16	23641391	23677453	2
16	23677454	23678820	0
16	23678821	23690324	2
16	23690325	23690365	3
16	23690366	23713498	1
16	23713499	23754625	0
16	23754626	23758949	2
16	23758950	23835944	0
16	23835945	24220609	2
16	24220610	24255551	0
16	24255552	24362799	2
16	24362800	24537691	0
16	24537692	24572861	2
16	24572862	24729693	0
16	24729694	24827630	2
16	24827631	24845839	0
16	24845840	24911626	2
16	24911627	24919383	0
16	24919384	25015664	1
16	25015665	25111727	0
16	25111728	25178229	2
16	25178230	25215729	0
16	25215730	25228938	2
16	25228939	25235999	0
16	25236000	25257929	1
16	25257930	25692024	0
16	25692025	26137686	2
16	26137687	27203493	0
16	27203494	27221766	2
16	27221767	27224989	0
16	27224990	27268792	1
16	27268793	27313666	0
16	27313667	27364776	2
16	27364777	27402160	0
16	27402161	27452040	2
16	27452041	27460611	0
16	27460612	27549911	1
16	27549912	27550150	0
16	27550151	27780367	2
16	27780368	27787533	0
16	27787534	28063507	1
16	28063508	28097977	0
16	28097978	28211918	1
16	28211919	28292517	0
16	28292518	28323847	2
16	28323848	28342553	0
16	28342554	28363506	1
16	28363507	28379577	0
16	28379578	28403877	1
16	28403878	28456370	0
16	28456371	28494647	1
16	28494648	28495548	3
16	28495549	28498968	2
16	28498969	28499360	0
16	28499361	28512049	1
16	28512050	28532706	0
16	28532707	28539172	1
16	28539173	28553924	0
16	28553925	28591788	2
16	28591789	28591941	0
16	28591942	28597107	1
16	28597108	28605194	0
16	28605195	28623584	1
16	28623585	28637652	0
16	28637653	28658680	2
16	28658681	28688556	0
16	28688557	28735728	2
16	28735729	28751785	0
16	28751786	28772805	2
16	28772806	28823046	0
16	28823047	28837235	2
16	28837236	28842409	0
16	28842410	28846406	1
16	28846407	28846598	0
16	28846599	28874210	2
16	28874211	28878403	0
16	28878404	28904419	2
16	28904420	28904462	3
16	28904463	28904507	2
16	28904508	28931937	1
16	28931938	28936524	3
16	28936525	28939344	2
16	28939345	28950805	0
16	28950806	28967095	2
16	28967096	28974219	0
16	28974220	28984546	2
16	28984547	28984824	0
16	28984825	28990781	2
16	28990782	29381352	0
16	29381353	29404027	1
16	29404028	29443228	0
16	29443229	29454499	1
16	29454500	29454962	3
16	29454963	29458217	2
16	29458218	29459887	0
16	29459888	29464974	2
16	29464975	29483640	0
16	29483641	29505818	1
16	29505819	29662977	0
16	29662978	29698697	2
16	29698698	29742461	0
16	29742462	29746004	1
16	29746005	29778238	0
16	29778239	29782971	2
16	29782972	29790717	0
16	29790718	29805383	2
16	29805384	29806104	0
16	29806105	29811162	2
16	29811163	29811545	0
16	29811546	29815890	2
16	29815891	29815950	0
16	29815951	29820115	2
16	29820116	29820392	0
16	29820393	29848037	2
16	29848038	29858355	0
16	29858356	29863734	1
16	29863735	29871157	0
16	29871158	29899545	1
16	29899546	29900373	0
16	29900374	29906054	2
16	29906055	29906334	0
16	29906335	29927033	1
16	29927034	29940883	0
16	29940884	29973050	2
16	29973051	29973639	0
16	29973640	29992259	2
16	29992260	29992319	0
16	29992320	29995292	1
16	29995293	29996434	3
16	29996435	30005507	2
16	30005508	30005791	3
16	30005792	30021293	1
16	30021294	30023332	0
16	30023333	30024425	2
16	30024426	30024700	3
16	30024701	30026612	2
16	30026613	30027734	3
16	30027735	30052976	1
16	30052977	30053088	0
16	30053089	30070418	2
16	30070419	30075988	0
16	30075989	30085375	2
16	30085376	30085791	0
16	30085792	30091885	1
16	30091886	30092312	0
16	30092313	30096913	1
16	30096914	30104808	0
16	30104809	30113854	1
16	30113855	30114103	0
16	30114104	30123504	1
16	30123505	30182825	0
16	30182826	30189074	2
16	30189075	30192932	0
16	30192933	30193902	1
16	30193903	30194304	3
16	30194305	30197559	2
16	30197560	30199229	0
16	30199230	30204308	2
16	30204309	30222935	0
16	30222936	30254508	1
16	30254509	30350764	0
16	30350765	30355359	1
16	30355360	30357100	0
16	30357101	30370262	1
16	30370263	30370932	0
16	30370933	30377989	2
16	30377990	30378131	0
16	30378132	30378310	1
16	30378311	30382848	3
16	30382849	30400106	2
16	30400107	30407295	0
16	30407296	30423617	2
16	30423618	30430073	3
16	30430074	30431106	2
16	30431107	30443629	0
16	30443630	30446179	1
16	30446180	30472656	0
16	30472657	30523183	2
16	30523184	30523999	0
16	30524000	30526819	1
16	30526820	30530365	0
16	30530366	30558496	1
16	30558497	30569344	0
16	30569345	30572732	1
16	30572733	30578359	0
16	30578360	30585769	1
16	30585770	30602556	0
16	30602557	30610377	1
16	30610378	30650727	0
16	30650728	30656438	2
16	30656439	30658429	0
16	30658430	30670812	2
16	30670813	30698207	0
16	30698208	30744279	2
16	30744280	30748268	0
16	30748269	30757421	2
16	30757422	30760417	3
16	30760418	30761174	2
16	30761175	30761743	1
16	30761744	30762077	3
16	30762078	30762287	1
16	30762288	30762708	3
16	30762709	30776305	2
16	30776306	30778447	0
16	30778448	30787200	1
16	30787201	30833624	0
16	30833625	30894958	1
16	30894959	30896605	0
16	30896606	30903558	2
16	30903559	30923053	0
16	30923054	30948781	2
16	30948782	30949064	0
16	30949065	30956459	2
16	30956460	30957292	0
16	30957293	30984662	2
16	30984663	30985205	0
16	30985206	30989150	2
16	30989151	30989254	0
16	30989255	31010659	1
16	31010660	31032887	0
16	31032888	31040166	2
16	31040167	31060841	0
16	31060842	31074318	1
16	31074319	31074420	0
16	31074421	31083423	2
16	31083424	31084194	3
16	31084195	31095978	1
16	31095979	31106105	0
16	31106106	31112789	2
16	31112790	31115752	0
16	31115753	31131391	2
16	31131392	31131431	0
16	31131432	31135760	1
16	31135761	31138923	0
16	31138924	31150092	1
16	31150093	31180108	0
16	31180109	31194869	2
16	31194870	31201483	0
16	31201484	31203448	1
16	31203449	31214019	0
16	31214020	31215960	2
16	31215961	31217357	3
16	31217358	31231535	2
16	31231536	31259965	0
16	31259966	31332890	2
16	31332891	31355132	0
16	31355133	31382995	2
16	31382996	31393310	0
16	31393311	31426503	2
16	31426504	31427729	0
16	31427730	31428426	1
16	31428427	31432591	0
16	31432592	31443158	1
16	31443159	31458078	0
16	31458079	31467164	2
16	31467165	31471583	0
16	31471584	31477958	2
16	31477959	31483000	0
16	31483001	31489469	2
16	31489470	31490766	3
16	31490767	31509307	1
16	31509308	31527862	0
16	31527863	31528801	2
16	31528802	31713230	0
16	31713231	31794153	2
16	31794154	31873756	0
16	31873757	31917355	2
16	31917356	32252717	0
16	32252718	32255920	2
16	32255921	32673529	0
16	32673530	32676730	1
16	32676731	33193657	0
16	33193658	33196856	2
16	33196857	33303737	0
16	33303738	33306933	2
16	33306934	33360272	0
16	33360273	33363476	2
16	33363477	33459043	0
16	33459044	33462247	2
16	33462248	33844782	0
16	33844783	33845227	1
16	33845228	46580552	0
16	46580553	46621624	1
16	46621625	46656130	0
16	46656131	46689190	1
16	46689191	46689644	0
16	46689645	46698392	2
16	46698393	46703367	0
16	46703368	46763244	1
16	46763245	46796605	0
16	46796606	46831409	1
16	46831410	46884376	0
16	46884377	46931295	2
16	46931296	46955360	0
16	46955361	46973786	1
16	46973787	47077701	0
16	47077702	47143995	1
16	47143996	47154385	0
16	47154386	47461121	1
16	47461122	47461272	3
16	47461273	47461293	1
16	47461294	47464147	3
16	47464148	47701521	2
16	47701522	48082971	0
16	48082972	48155991	1
16	48155992	48166908	0
16	48166909	48244294	1
16	48244295	48247392	3
16	48247393	48247566	1
16	48247567	48360529	2
16	48360530	48363120	3
16	48363121	48393953	1
16	48393954	48538724	0
16	48538725	48610207	1
16	48610208	49277915	0
16	49277916	49281829	1
16	49281830	49373821	0
16	49373822	49399429	2
16	49399430	49487522	0
16	49487523	49857917	1
16	49857918	50024408	0
16	50024409	50037086	2
16	50037087	50065939	0
16	50065940	50106385	2
16	50106386	50152916	0
16	50152917	50231829	2
16	50231830	50246135	0
16	50246136	50313485	2
16	50313486	50318133	3
16	50318134	50368932	1
16	50368933	50548328	0
16	50548329	50649247	2
16	50649248	50666298	0
16	50666299	50681351	1
16	50681352	50693586	0
16	50693587	50733075	2
16	50733076	50742048	0
16	50742049	50801933	2
16	50801934	51135973	0
16	51135974	51151273	1
16	51151274	51553434	0
16	51553435	51646778	2
16	51646779	52438003	0
16	52438004	52547800	1
16	52547801	53042743	0
16	53042744	53052847	1
16	53052848	53055031	0
16	53055032	53329148	2
16	53329149	53433975	0
16	53433976	53491038	2
16	53491039	53491647	3
16	53491648	53504409	1
16	53504410	53598151	0
16	53598152	53701690	1
16	53701691	53703887	3
16	53703888	53703936	1
16	53703937	54153446	2
16	54153447	54283302	0
16	54283303	54286761	1
16	54286762	54930860	0
16	54930861	54934483	2
16	54934484	55323758	0
16	55323759	55330758	2
16	55330759	55389698	0
16	55389699	55506689	2
16	55506690	55508996	0
16	55508997	55586668	2
16	55586669	55655602	0
16	55655603	55706190	2
16	55706191	55802851	0
16	55802852	55833335	1
16	55833336	55846152	0
16	55846153	55956029	1
16	55956030	56191345	0
16	56191346	56357455	2
16	56357456	56361450	0
16	56361451	56425536	1
16	56425537	56429131	0
16	56429132	56451488	1
16	56451489	56452197	3
16	56452198	56466834	2
16	56466835	56479098	3
16	56479099	56520281	1
16	56520282	56565047	0
16	56565048	56568955	2
16	56568956	56589072	0
16	56589073	56591086	2
16	56591087	56608197	0
16	56608198	56609495	2
16	56609496	56625473	0
16	56625474	56627110	2
16	56627111	56632231	0
16	56632232	56633984	2
16	56633985	56638664	0
16	56638665	56640085	2
16	56640086	56651897	0
16	56651898	56653202	2
16	56653203	56657692	0
16	56657693	56659303	2
16	56659304	56666729	0
16	56666730	56668063	1
16	56668064	56669812	0
16	56669813	56671127	2
16	56671128	56682422	0
16	56682423	56684194	2
16	56684195	56730103	0
16	56730104	56850284	2
16	56850285	56865205	0
16	56865206	56915848	2
16	56915849	56932046	0
16	56932047	56944861	2
16	56944862	56961848	0
16	56961849	56983843	2
16	56983844	56989496	0
16	56989497	57083522	2
16	57083523	57092535	0
16	57092536	57148365	2
16	57148366	57152464	0
16	57152465	57186114	1
16	57186115	57186135	0
16	57186136	57240473	2
16	57240474	57245096	0
16	57245097	57249037	2
16	57249038	57253633	3
16	57253634	57284685	1
16	57284686	57358770	0
16	57358771	57366188	2
16	57366189	57372456	0
16	57372457	57385046	2
16	57385047	57404765	0
16	57404766	57416060	2
16	57416061	57428167	0
16	57428168	57447435	1
16	57447436	57447526	3
16	57447527	57461273	2
16	57461274	57462385	0
16	57462386	57471920	2
16	57471921	57472008	3
16	57472009	57487325	1
16	57487326	57512176	0
16	57512177	57536597	1
16	57536598	57542419	0
16	57542420	57577193	2
16	57577194	57610650	0
16	57610651	57665578	2
16	57665579	57668185	0
16	57668186	57689376	2
16	57689377	57694791	0
16	57694792	57731803	2
16	57731804	57735728	0
16	57735729	57757248	2
16	57757249	57758215	0
16	57758216	57863051	1
16	57863052	57882338	0
16	57882339	57971114	1
16	57971115	57976433	0
16	57976434	57987569	2
16	57987570	57994666	0
16	57994667	57999544	1
16	57999545	57999856	3
16	57999857	58000451	1
16	58000452	58021616	2
16	58021617	58025564	0
16	58025565	58046899	2
16	58046900	58113586	0
16	58113587	58129448	1
16	58129449	58157905	0
16	58157906	58197918	1
16	58197919	58231155	0
16	58231156	58279995	2
16	58279996	58283834	3
16	58283835	58295045	1
16	58295046	58392392	0
16	58392393	58406142	2
16	58406143	58462844	0
16	58462845	58513626	2
16	58513627	58515477	0
16	58515478	58519949	2
16	58519950	58521179	3
16	58521180	58629884	1
16	58629885	58665107	0
16	58665108	58685102	1
16	58685103	58707129	0
16	58707130	58734355	1
16	58734356	60358453	0
16	60358454	60359478	1
16	60359479	61647240	0
16	61647241	62037033	1
16	62037034	64943751	0
16	64943752	65122363	1
16	65122364	66366620	0
16	66366621	66404784	2
16	66404785	66427295	0
16	66427296	66493527	2
16	66493528	66508001	0
16	66508002	66552542	1
16	66552543	66552565	0
16	66552566	66579135	2
16	66579136	66579446	0
16	66579447	66588273	2
16	66588274	66603872	0
16	66603873	66613890	2
16	66613891	66614748	0
16	66614749	66696705	1
16	66696706	66720891	0
16	66720892	66751796	1
16	66751797	66754974	0
16	66754975	66801618	1
16	66801619	66802873	0
16	66802874	66844377	1
16	66844378	66854147	3
16	66854148	66873254	1
16	66873255	66878587	0
16	66878588	66891094	2
16	66891095	66908120	0
16	66908121	66918982	1
16	66918983	66921677	0
16	66921678	66925642	1
16	66925643	66932053	0
16	66932054	66934398	1
16	66934399	66934442	0
16	66934443	66945094	2
16	66945095	66961235	0
16	66961236	66975146	2
16	66975147	66988587	0
16	66988588	67009756	2
16	67009757	67029114	0
16	67029115	67101056	2
16	67101057	67109956	0
16	67109957	67148103	2
16	67148104	67148537	3
16	67148538	67151212	1
16	67151213	67154178	0
16	67154179	67159929	1
16	67159930	67160296	3
16	67160297	67164568	2
16	67164569	67164810	0
16	67164811	67169943	2
16	67169944	67170152	0
16	67170153	67175602	2
16	67175603	67175733	3
16	67175734	67184038	1
16	67184039	67184364	0
16	67184365	67190202	1
16	67190203	67192167	0
16	67192168	67198916	2
16	67198917	67199109	0
16	67199110	67204027	2
16	67204028	67207138	0
16	67207139	67226996	1
16	67226997	67227111	0
16	67227112	67229276	2
16	67229277	67229387	0
16	67229388	67246913	1
16	67246914	67247656	3
16	67247657	67272188	2
16	67272189	67277508	0
16	67277509	67289431	2
16	67289432	67289477	3
16	67289478	67289497	2
16	67289498	67326761	1
16	67326762	67326842	0
16	67326843	67385198	2
16	67385199	67389807	0
16	67389808	67393533	1
16	67393534	67394150	0
16	67394151	67416484	1
16	67416485	67431115	0
16	67431116	67437551	2
16	67437552	67438017	0
16	67438018	67481235	1
16	67481236	67482569	0
16	67482570	67483811	1
16	67483812	67518416	0
16	67518417	67546786	2
16	67546787	67562405	0
16	67562406	67639183	2
16	67639184	67644917	0
16	67644918	67657510	2
16	67657511	67657567	3
16	67657568	67660813	1
16	67660814	67660944	0
16	67660945	67662776	2
16	67662777	67662943	0
16	67662944	67666762	1
16	67666763	67666814	0
16	67666815	67668756	2
16	67668757	67674529	0
16	67674530	67719419	1
16	67719420	67723064	0
16	67723065	67806650	1
16	67806651	67806763	0
16	67806764	67828066	2
16	67828067	67828155	0
16	67828156	67842080	1
16	67842081	67844193	3
16	67844194	67846730	1
16	67846731	67847456	3
16	67847457	67847694	1
16	67847695	67872565	2
16	67872566	67873021	0
16	67873022	67884501	2
16	67884502	67884803	0
16	67884804	67888853	2
16	67888854	67893270	0
16	67893271	67929568	2
16	67929569	67929676	3
16	67929677	67932412	1
16	67932413	67934500	0
16	67934501	67937085	1
16	67937086	67939748	0
16	67939749	67969599	1
16	67969600	67975661	0
16	67975662	67980827	1
16	67980828	67987392	0
16	67987393	67987744	1
16	67987745	67999451	3
16	67999452	68013434	2
16	68013435	68015909	3
16	68015910	68021272	2
16	68021273	68023440	3
16	68023441	68079318	2
16	68079319	68085342	0
16	68085343	68229109	2
16	68229110	68229256	3
16	68229257	68229257	2
16	68229258	68238100	1
16	68238101	68245302	0
16	68245303	68261060	2
16	68261061	68264514	0
16	68264515	68298033	2
16	68298034	68301821	3
16	68301822	68310943	1
16	68310944	68310972	0
16	68310973	68358323	2
16	68358324	68358551	3
16	68358552	68448686	1
16	68448687	68530088	0
16	68530089	68576070	2
16	68576071	68644834	0
16	68644835	68722614	2
16	68722615	68737223	0
16	68737224	68835546	2
16	68835547	68843604	0
16	68843605	69085178	2
16	69085179	69105562	0
16	69105563	69118008	2
16	69118009	69118717	3
16	69118718	69131289	1
16	69131290	69132568	3
16	69132569	69132582	1
16	69132583	69169036	2
16	69169037	69187127	0
16	69187128	69321989	2
16	69321990	69322698	3
16	69322699	69326911	2
16	69326912	69326937	3
16	69326938	69339428	1
16	69339429	69339491	3
16	69339492	69339566	1
16	69339567	69339665	3
16	69339666	69339795	1
16	69339796	69343102	3
16	69343103	69408569	1
16	69408570	69424523	0
16	69424524	69466264	2
16	69466265	69565964	0
16	69565965	69704664	2
16	69704665	69706994	0
16	69706995	69726949	1
16	69726950	69741865	0
16	69741866	69754938	1
16	69754939	69762304	0
16	69762305	69941739	2
16	69941740	69950703	0
16	69950704	69964345	2
16	69964346	70113624	0
16	70113625	70162535	2
16	70162536	70173320	0
16	70173321	70187254	2
16	70187255	70246776	0
16	70246777	70251928	1
16	70251929	70252293	0
16	70252294	70289541	1
16	70289542	70289661	0
16	70289662	70373381	2
16	70373382	70375976	0
16	70375977	70439086	1
16	70439087	70454419	0
16	70454420	70480272	2
16	70480273	70480567	0
16	70480568	70523563	1
16	70523564	70523786	0
16	70523787	70577666	2
16	70577667	70579893	0
16	70579894	70660680	2
16	70660681	70661202	0
16	70661203	70686064	1
16	70686065	70687437	0
16	70687438	70801159	1
16	70801160	70807376	0
16	70807377	71230720	1
16	71230721	71281387	0
16	71281388	71289713	1
16	71289714	71358711	0
16	71358712	71390436	2
16	71390437	71430260	0
16	71430261	71442058	1
16	71442059	71447595	0
16	71447596	71463093	1
16	71463094	71464553	0
16	71464554	71525231	1
16	71525232	71538744	3
16	71538745	71565087	1
16	71565088	71565658	0
16	71565659	71577128	1
16	71577129	71626159	0
16	71626160	71641963	2
16	71641964	71644922	0
16	71644923	71724699	1
16	71724700	71728998	0
16	71728999	71809199	1
16	71809200	71845989	0
16	71845990	71859678	2
16	71859679	71884188	3
16	71884189	71929536	2
16	71929537	71930637	3
16	71930638	71931197	2
16	71931198	71999976	1
16	71999977	72008586	0
16	72008587	72027662	2
16	72027663	72044287	0
16	72044288	72054590	1
16	72054591	72061053	3
16	72061054	72063222	1
16	72063223	72077244	3
16	72077245	72093560	1
16	72093561	72093649	3
16	72093650	72093922	1
16	72093923	72094429	3
16	72094430	72112155	2
16	72112156	72112910	3
16	72112911	72176876	1
16	72176877	72782883	0
16	72782884	73891869	1
16	73891870	74296773	0
16	74296774	74306286	2
16	74306287	74377876	0
16	74377877	74392078	2
16	74392079	74408268	0
16	74408269	74421951	1
16	74421952	74447425	0
16	74447426	74607142	1
16	74607143	74621392	0
16	74621393	74666879	1
16	74666880	74671853	0
16	74671854	74700958	1
16	74700959	74712953	0
16	74712954	74774823	1
16	74774824	74871365	0
16	74871366	74985146	1
16	74985147	74999028	0
16	74999029	75110992	2
16	75110993	75111858	0
16	75111859	75116769	1
16	75116770	75148490	0
16	75148491	75172234	2
16	75172235	75204094	0
16	75204095	75207183	1
16	75207184	75218998	0
16	75218999	75224922	2
16	75224923	75228185	0
16	75228186	75268051	1
16	75268052	75293708	0
16	75293709	75465495	1
16	75465496	75472050	0
16	75472051	75495405	1
16	75495406	75528533	0
16	75528534	75535245	1
16	75535246	75536742	0
16	75536743	75556284	1
16	75556285	75566349	0
16	75566350	75577879	2
16	75577880	75596979	0
16	75596980	75623298	1
16	75623299	75627472	0
16	75627473	75647677	1
16	75647678	75647784	0
16	75647785	75660225	2
16	75660226	75677007	3
16	75677008	75693927	2
16	75693928	75701457	3
16	75701458	75714222	2
16	75714223	75726440	3
16	75726441	75761870	2
16	75761871	76277276	0
16	76277277	76559236	2
16	76559237	77190833	0
16	77190834	77213003	2
16	77213004	77247811	0
16	77247812	77435112	1
16	77435113	77722490	0
16	77722491	77742258	2
16	77742259	77788528	0
16	77788529	77980105	2
16	77980106	78022513	0
16	78022514	78032104	2
16	78032105	78099411	0
16	78099412	79212665	2
16	79212666	79585841	0
16	79585842	79600712	1
16	79600713	80540732	0
16	80540733	80550758	2
16	80550759	80597904	0
16	80597905	80804327	1
16	80804328	80966446	0
16	80966447	81006496	1
16	81006497	81007112	3
16	81007113	81007205	1
16	81007206	81020268	3
16	81020269	81022314	2
16	81022315	81029320	3
16	81029321	81033112	2
16	81033113	81035845	1
16	81035846	81047356	3
16	81047357	81096423	1
16	81096424	81238446	0
16	81238447	81291140	2
16	81291141	81314945	0
16	81314946	81390882	2
16	81390883	81445168	0
16	81445169	81711760	2
16	81711761	81739095	0
16	81739096	81962691	2
16	81962692	81988853	0
16	81988854	82011486	1
16	82011487	82035002	0
16	82035003	82098532	2
16	82098533	82148160	0
16	82148161	82170224	1
16	82170225	82626801	0
16	82626802	83800638	2
16	83800639	83807841	0
16	83807842	83819735	2
16	83819736	83899124	0
16	83899125	83966330	2
16	83966331	83968630	0
16	83968631	84002774	2
16	84002775	84009782	0
16	84009783	84042634	1
16	84042635	84053764	0
16	84053765	84116904	1
16	84116905	84122279	0
16	84122280	84145186	1
16	84145187	84145315	0
16	84145316	84177845	2
16	84177846	84177916	3
16	84177917	84178710	2
16	84178711	84178765	3
16	84178766	84187068	1
16	84187069	84191136	0
16	84191137	84197164	2
16	84197165	84218665	0
16	84218666	84239748	1
16	84239749	84294644	0
16	84294645	84329849	2
16	84329850	84368525	0
16	84368526	84464185	2
16	84464186	84476419	0
16	84476420	84554031	1
16	84554032	84565592	0
16	84565593	84618075	1
16	84618076	84648523	0
16	84648524	84662312	2
16	84662313	84699976	0
16	84699977	84779579	2
16	84779580	84819982	0
16	84819983	84909508	2
16	84909509	84974179	0
16	84974180	85011533	1
16	85011534	85027749	0
16	85027750	85094228	2
16	85094229	85098356	0
16	85098357	85112506	1
16	85112507	85169523	0
16	85169524	85676196	2
16	85676197	85676202	3
16	85676203	85690071	1
16	85690072	85690168	0
16	85690169	85751127	1
16	85751128	85778622	0
16	85778623	85798631	1
16	85798632	85799538	3
16	85799539	85799606	1
16	85799607	85807042	2
16	85807043	85898801	0
16	85898802	85922607	2
16	85922608	86510525	0
16	86510526	86515416	2
16	86515417	86530174	0
16	86530175	86555233	1
16	86555234	86566827	0
16	86566828	86569726	2
16	86569727	86576366	0
16	86576367	86582158	2
16	86582159	87302799	0
16	87302800	87389848	1
16	87389849	87391798	0
16	87391799	87404777	2
16	87404778	87406244	0
16	87406245	87492043	1
16	87492044	87602903	0
16	87602904	87698146	2
16	87698147	87698154	3
16	87698155	87702589	1
16	87702590	87707810	0
16	87707811	87765990	1
16	87765991	87830021	0
16	87830022	87869486	1
16	87869487	87881544	0
16	87881545	87936578	1
16	87936579	87950434	0
16	87950435	88077316	2
16	88077317	88427469	0
16	88427470	88440755	2
16	88440756	88453315	0
16	88453316	88537014	2
16	88537015	88570379	0
16	88570380	88631964	2
16	88631965	88638591	0
16	88638592	88640471	2
16	88640472	88643281	0
16	88643282	88651150	1
16	88651151	88651933	0
16	88651934	88663135	1
16	88663136	88677680	0
16	88677681	88686491	1
16	88686492	88696493	0
16	88696494	88706419	1
16	88706420	88706461	0
16	88706462	88715336	2
16	88715337	88715384	3
16	88715385	88785218	1
16	88785219	88803211	0
16	88803212	88809256	2
16	88809257	88809337	0
16	88809338	88811942	1
16	88811943	88813732	0
16	88813733	88856218	1
16	88856219	88856964	3
16	88856965	88856968	1
16	88856969	88862684	2
16	88862685	88863331	0
16	88863332	88866658	1
16	88866659	88874856	0
16	88874857	88977202	1
16	88977203	89088373	0
16	89088374	89155844	2
16	89155845	89171765	0
16	89171766	89195490	2
16	89195491	89195759	0
16	89195760	89201662	1
16	89201663	89217701	0
16	89217702	89237069	2
16	89237070	89267617	0
16	89267618	89490559	1
16	89490560	89490915	0
16	89490916	89557766	2
16	89557767	89560655	0
16	89560656	89566826	2
16	89566827	89575766	0
16	89575767	89597244	2
16	89597245	89613306	0
16	89613307	89638454	2
16	89638455	89644429	0
16	89644430	89657800	1
16	89657801	89657843	3
16	89657844	89671265	2
16	89671266	89680735	0
16	89680736	89696341	2
16	89696342	89696351	3
16	89696352	89696355	2
16	89696356	89696362	3
16	89696363	89701703	1
16	89701704	89707132	0
16	89707133	89720983	1
16	89720984	89720984	3
16	89720985	89737547	2
16	89737548	89740901	3
16	89740902	89816655	1
16	89816656	89828497	0
16	89828498	89871317	2
16	89871318	89873584	0
16	89873585	89911382	2
16	89911383	89913416	0
16	89913417	89938759	2
16	89938760	89947923	0
16	89947924	89968058	2
16	89968059	89969771	0
16	89969772	89972830	1
16	89972831	90004863	0
16	90004864	90019641	1
16	90019642	90020126	3
16	90020127	90044969	2
16	90044970	90056566	0
16	90056567	90077321	1
