<CHROM>	<START>	<END>	<TSB>
19	0	107102	0
19	107103	113154	2
19	113155	281038	0
19	281039	291502	1
19	291503	301442	0
19	301443	344780	1
19	344781	361745	0
19	361746	376668	1
19	376669	405436	0
19	405437	409168	1
19	409169	416581	0
19	416582	460994	1
19	460995	463344	0
19	463345	474981	1
19	474982	489174	0
19	489175	505340	2
19	505341	507495	0
19	507496	519652	2
19	519653	531710	0
19	531711	542090	2
19	542091	544032	0
19	544033	549922	2
19	549923	571275	0
19	571276	583491	2
19	583492	589891	0
19	589892	617157	2
19	617158	617222	0
19	617223	633602	1
19	633603	639893	0
19	639894	644369	2
19	644370	647524	0
19	647525	663275	1
19	663276	676363	0
19	676364	683397	2
19	683398	685544	0
19	685545	695496	1
19	695497	708937	0
19	708938	748327	2
19	748328	751124	0
19	751125	764316	2
19	764317	797073	0
19	797074	812325	2
19	812326	812486	0
19	812487	821975	1
19	821976	825095	0
19	825096	832016	2
19	832017	840958	0
19	840959	848173	2
19	848174	851012	0
19	851013	856245	2
19	856246	859641	0
19	859642	863628	2
19	863629	867628	0
19	867629	893216	1
19	893217	896501	0
19	896502	913243	1
19	913244	917285	0
19	917286	921013	2
19	921014	926035	0
19	926036	975932	2
19	975933	984269	0
19	984270	998436	2
19	998437	1009646	0
19	1009647	1021177	1
19	1021178	1026579	0
19	1026580	1039066	2
19	1039067	1040099	0
19	1040100	1065570	2
19	1065571	1065921	0
19	1065922	1086577	2
19	1086578	1086626	3
19	1086627	1095378	1
19	1095379	1103924	0
19	1103925	1106788	2
19	1106789	1107634	0
19	1107635	1174281	1
19	1174282	1177556	0
19	1177557	1228285	2
19	1228286	1228433	3
19	1228434	1238025	1
19	1238026	1241744	0
19	1241745	1244824	2
19	1244825	1248551	0
19	1248552	1259138	2
19	1259139	1259382	0
19	1259383	1274808	2
19	1274809	1275436	0
19	1275437	1279247	2
19	1279248	1286152	0
19	1286153	1300235	2
19	1300236	1354709	0
19	1354710	1378429	2
19	1378430	1383525	0
19	1383526	1395587	2
19	1395588	1397024	0
19	1397025	1401568	1
19	1401569	1407567	0
19	1407568	1435685	2
19	1435686	1438356	0
19	1438357	1440492	2
19	1440493	1446300	0
19	1446301	1461141	2
19	1461142	1465407	3
19	1465408	1473199	2
19	1473200	1473242	3
19	1473243	1479554	1
19	1479555	1481426	0
19	1481427	1490406	1
19	1490407	1490745	0
19	1490746	1497925	2
19	1497926	1505016	0
19	1505017	1513602	1
19	1513603	1524072	0
19	1524073	1536044	2
19	1536045	1554667	0
19	1554668	1568056	1
19	1568057	1573594	0
19	1573595	1592799	1
19	1592800	1597170	0
19	1597171	1605488	1
19	1605489	1609288	0
19	1609289	1652603	1
19	1652604	1752371	0
19	1752372	1780986	2
19	1780987	1782073	0
19	1782074	1812274	1
19	1812275	1815244	0
19	1815245	1848461	1
19	1848462	1852397	0
19	1852398	1863566	1
19	1863567	1876808	0
19	1876809	1885545	1
19	1885546	1905212	0
19	1905213	1926011	2
19	1926012	1941147	0
19	1941148	1981336	2
19	1981337	1985436	0
19	1985437	2034879	1
19	2034880	2037463	0
19	2037464	2051242	1
19	2051243	2071036	0
19	2071037	2096671	1
19	2096672	2096867	0
19	2096868	2099591	2
19	2099592	2100986	0
19	2100987	2164147	1
19	2164148	2164466	3
19	2164467	2230082	2
19	2230083	2232576	3
19	2232577	2236502	1
19	2236503	2237702	3
19	2237703	2248677	2
19	2248678	2249309	0
19	2249310	2252071	2
19	2252072	2252250	0
19	2252251	2256415	1
19	2256416	2269518	0
19	2269519	2273488	2
19	2273489	2274620	0
19	2274621	2282174	1
19	2282175	2289782	0
19	2289783	2292022	1
19	2292023	2321515	0
19	2321516	2328618	1
19	2328619	2328628	0
19	2328629	2354804	2
19	2354805	2360236	0
19	2360237	2425622	2
19	2425623	2426237	3
19	2426238	2427892	1
19	2427893	2428164	0
19	2428165	2456994	1
19	2456995	2476125	0
19	2476126	2478257	2
19	2478258	2511217	0
19	2511218	2702707	1
19	2702708	2714565	0
19	2714566	2740150	1
19	2740151	2754712	0
19	2754713	2783369	1
19	2783370	2785458	0
19	2785459	2815805	2
19	2815806	2819872	0
19	2819873	2835771	2
19	2835772	2841433	0
19	2841434	2860482	2
19	2860483	2867333	0
19	2867334	2883443	2
19	2883444	2900896	0
19	2900897	2918474	2
19	2918475	2933216	0
19	2933217	2944931	1
19	2944932	2977444	0
19	2977445	2995182	2
19	2995183	2997636	0
19	2997637	3047633	1
19	3047634	3052908	0
19	3052909	3063105	1
19	3063106	3094408	0
19	3094409	3124002	2
19	3124003	3136191	0
19	3136192	3163767	2
19	3163768	3178766	0
19	3178767	3180330	2
19	3180331	3185561	0
19	3185562	3209573	2
19	3209574	3224701	0
19	3224702	3297074	2
19	3297075	3314401	0
19	3314402	3469215	2
19	3469216	3473984	0
19	3473985	3480540	1
19	3480541	3482802	0
19	3482803	3483444	1
19	3483445	3490820	0
19	3490821	3500938	1
19	3500939	3506271	0
19	3506272	3538259	2
19	3538260	3538328	3
19	3538329	3539152	1
19	3539153	3544028	3
19	3544029	3572775	1
19	3572776	3573627	3
19	3573628	3579086	2
19	3579087	3585551	0
19	3585552	3593539	2
19	3593540	3594504	0
19	3594505	3606838	1
19	3606839	3610639	0
19	3610640	3626813	1
19	3626814	3630181	0
19	3630182	3700477	1
19	3700478	3708107	0
19	3708108	3750811	2
19	3750812	3750878	0
19	3750879	3761697	1
19	3761698	3762662	0
19	3762663	3768573	2
19	3768574	3769087	0
19	3769088	3772219	1
19	3772220	3777968	0
19	3777969	3802127	1
19	3802128	3804022	0
19	3804023	3869030	1
19	3869031	3879862	0
19	3879863	3928077	2
19	3928078	3933101	0
19	3933102	3942414	2
19	3942415	3958451	0
19	3958452	3971121	1
19	3971122	3976054	0
19	3976055	3985467	1
19	3985468	4007644	0
19	4007645	4039384	2
19	4039385	4044362	0
19	4044363	4066943	1
19	4066944	4090319	0
19	4090320	4124127	1
19	4124128	4153599	0
19	4153600	4173052	2
19	4173053	4174107	0
19	4174108	4182602	1
19	4182603	4183352	0
19	4183353	4224812	2
19	4224813	4229496	0
19	4229497	4237529	2
19	4237530	4247077	0
19	4247078	4269088	2
19	4269089	4278599	0
19	4278600	4290722	2
19	4290723	4292230	0
19	4292231	4302429	1
19	4302430	4304598	0
19	4304599	4323834	2
19	4323835	4324041	0
19	4324042	4338875	1
19	4338876	4343525	0
19	4343526	4360084	2
19	4360085	4360368	0
19	4360369	4400545	1
19	4400546	4402660	0
19	4402661	4444997	2
19	4444998	4445016	3
19	4445017	4457820	1
19	4457821	4472285	0
19	4472286	4502178	2
19	4502179	4502209	3
19	4502210	4518463	1
19	4518464	4522529	0
19	4522530	4535222	1
19	4535223	4536407	0
19	4536408	4540472	1
19	4540473	4542591	0
19	4542592	4559806	1
19	4559807	4639516	0
19	4639517	4641372	2
19	4641373	4655566	3
19	4655567	4670368	1
19	4670369	4675222	0
19	4675223	4724671	1
19	4724672	4791679	0
19	4791680	4801271	2
19	4801272	4815930	0
19	4815931	4831702	1
19	4831703	4838339	0
19	4838340	4867766	1
19	4867767	4890435	0
19	4890436	4902865	1
19	4902866	4903078	0
19	4903079	4962152	2
19	4962153	4969111	0
19	4969112	5153593	2
19	5153594	5206366	0
19	5206367	5293250	1
19	5293251	5455429	0
19	5455430	5456854	2
19	5456855	5558165	0
19	5558166	5568032	1
19	5568033	5586997	0
19	5586998	5623097	1
19	5623098	5624044	3
19	5624045	5668476	2
19	5668477	5674945	0
19	5674946	5678420	2
19	5678421	5680250	3
19	5680251	5691832	2
19	5691833	5691874	3
19	5691875	5720570	1
19	5720571	5720675	0
19	5720676	5778732	2
19	5778733	5782958	0
19	5782959	5791236	1
19	5791237	5823800	0
19	5823801	5828322	2
19	5828323	5830608	0
19	5830609	5839729	1
19	5839730	5842886	0
19	5842887	5851472	1
19	5851473	5865824	0
19	5865825	5903784	1
19	5903785	5904856	0
19	5904857	5910851	2
19	5910852	5911705	0
19	5911706	5915875	2
19	5915876	5916137	0
19	5916138	5978140	1
19	5978141	5993162	0
19	5993163	6135245	1
19	6135246	6151795	3
19	6151796	6199527	1
19	6199528	6210377	0
19	6210378	6279946	1
19	6279947	6306140	0
19	6306141	6333627	1
19	6333628	6361450	0
19	6361451	6368908	2
19	6368909	6372431	0
19	6372432	6375146	2
19	6375147	6375249	3
19	6375250	6379056	1
19	6379057	6379567	0
19	6379568	6393979	1
19	6393980	6413346	0
19	6413347	6424792	1
19	6424793	6426037	0
19	6426038	6433760	1
19	6433761	6436077	0
19	6436078	6463775	1
19	6463776	6465201	3
19	6465202	6467205	2
19	6467206	6467219	3
19	6467220	6482555	1
19	6482556	6494317	0
19	6494318	6502846	1
19	6502847	6530997	0
19	6530998	6535926	2
19	6535927	6583181	0
19	6583182	6604101	1
19	6604102	6661251	0
19	6661252	6670586	1
19	6670587	6677702	0
19	6677703	6737601	1
19	6737602	6737923	0
19	6737924	6751524	2
19	6751525	6752163	0
19	6752164	6767586	1
19	6767587	6772712	0
19	6772713	6857364	2
19	6857365	6887564	0
19	6887565	6940457	2
19	6940458	7018967	0
19	7018968	7021448	1
19	7021449	7030576	0
19	7030577	7033009	2
19	7033010	7037746	0
19	7037747	7040177	1
19	7040178	7049319	0
19	7049320	7051733	2
19	7051734	7056207	0
19	7056208	7058638	1
19	7058639	7069442	0
19	7069443	7087966	2
19	7087967	7112253	0
19	7112254	7294032	1
19	7294033	7348941	0
19	7348942	7472475	2
19	7472476	7476873	0
19	7476874	7492974	1
19	7492975	7497447	3
19	7497448	7521024	2
19	7521025	7522624	0
19	7522625	7561762	2
19	7561763	7595900	0
19	7595901	7618302	2
19	7618303	7619523	0
19	7619524	7629563	1
19	7629564	7629735	0
19	7629736	7631609	2
19	7631610	7631954	3
19	7631955	7633746	1
19	7633747	7636879	0
19	7636880	7647871	2
19	7647872	7669042	0
19	7669043	7670452	2
19	7670453	7676626	0
19	7676627	7687701	2
19	7687702	7688756	0
19	7688757	7702144	1
19	7702145	7728955	0
19	7728956	7733904	1
19	7733905	7739992	0
19	7739993	7747562	1
19	7747563	7763147	0
19	7763148	7769603	2
19	7769604	7830231	0
19	7830232	7864974	2
19	7864975	7868717	0
19	7868718	7874377	1
19	7874378	7888503	0
19	7888504	7902019	2
19	7902020	7903841	0
19	7903842	7914476	2
19	7914477	7916143	0
19	7916144	7919095	2
19	7919096	7920314	0
19	7920315	7923248	2
19	7923249	7924483	0
19	7924484	7926164	1
19	7926165	7926719	0
19	7926720	7943918	1
19	7943919	7958577	0
19	7958578	8005657	1
19	8005658	8052765	0
19	8052766	8062644	2
19	8062645	8065400	0
19	8065401	8149844	1
19	8149845	8206734	0
19	8206735	8262419	2
19	8262420	8302125	0
19	8302126	8308353	1
19	8308354	8311282	0
19	8311283	8321394	1
19	8321395	8321498	0
19	8321499	8322582	2
19	8322583	8323338	3
19	8323339	8343260	1
19	8343261	8363287	0
19	8363288	8374371	2
19	8374372	8389979	0
19	8389980	8404432	2
19	8404433	8413268	0
19	8413269	8439015	2
19	8439016	8444765	0
19	8444766	8489112	2
19	8489113	8490054	0
19	8490055	8503110	1
19	8503111	8509676	0
19	8509677	8514158	1
19	8514159	8520788	0
19	8520789	8577575	1
19	8577576	8580240	0
19	8580241	8610698	1
19	8610699	8697395	0
19	8697396	8698820	1
19	8698821	8721632	0
19	8721633	8732158	2
19	8732159	8806168	0
19	8806169	8832326	1
19	8832327	8832396	0
19	8832397	8843338	2
19	8843339	8848842	0
19	8848843	8981340	1
19	8981341	9087059	0
19	9087060	9095667	2
19	9095668	9100405	0
19	9100406	9107473	1
19	9107474	9114826	0
19	9114827	9115761	1
19	9115762	9126010	0
19	9126011	9126948	1
19	9126949	9140378	0
19	9140379	9163422	2
19	9163423	9178977	0
19	9178978	9188815	2
19	9188816	9210274	0
19	9210275	9219587	1
19	9219588	9247342	0
19	9247343	9252623	2
19	9252624	9294273	0
19	9294274	9309571	1
19	9309572	9323770	0
19	9323771	9382615	2
19	9382616	9412459	0
19	9412460	9435568	1
19	9435569	9466505	0
19	9466506	9498605	1
19	9498606	9523222	0
19	9523223	9538625	1
19	9538626	9560351	0
19	9560352	9584531	1
19	9584532	9607324	0
19	9607325	9621397	1
19	9621398	9641806	0
19	9641807	9675084	1
19	9675085	9752138	0
19	9752139	9793095	1
19	9793096	9810265	0
19	9810266	9827814	1
19	9827815	9827890	0
19	9827891	9830113	2
19	9830114	9835321	0
19	9835322	9849680	2
19	9849681	9853716	0
19	9853717	9936550	1
19	9936551	9959559	0
19	9959560	10010469	1
19	10010470	10013247	0
19	10013248	10022277	2
19	10022278	10086128	0
19	10086129	10092336	2
19	10092337	10093243	3
19	10093244	10102794	1
19	10102795	10106221	0
19	10106222	10115015	2
19	10115016	10115370	3
19	10115371	10119900	1
19	10119901	10133344	0
19	10133345	10231329	1
19	10231330	10251899	0
19	10251900	10260043	2
19	10260044	10270833	0
19	10270834	10286613	2
19	10286614	10286965	0
19	10286966	10288520	2
19	10288521	10289979	0
19	10289980	10296776	2
19	10296777	10304801	0
19	10304802	10309878	1
19	10309879	10310043	0
19	10310044	10316013	1
19	10316014	10316210	0
19	10316211	10333638	1
19	10333639	10333774	0
19	10333775	10339821	1
19	10339822	10350527	0
19	10350528	10380674	1
19	10380675	10391132	0
19	10391133	10416771	1
19	10416772	10420119	3
19	10420120	10469629	2
19	10469630	10486118	0
19	10486119	10503739	1
19	10503740	10512740	0
19	10512741	10517929	1
19	10517930	10543916	0
19	10543917	10553076	2
19	10553077	10553416	3
19	10553417	10566035	1
19	10566036	10566460	0
19	10566461	10569057	1
19	10569058	10572669	0
19	10572670	10587313	1
19	10587314	10602455	0
19	10602456	10644557	2
19	10644558	10654259	0
19	10654260	10692415	2
19	10692416	10701449	0
19	10701450	10713363	2
19	10713364	10718077	0
19	10718078	10832436	2
19	10832437	10833486	3
19	10833487	10836316	1
19	10836317	10836573	0
19	10836574	10869788	2
19	10869789	10871511	0
19	10871512	10922183	2
19	10922184	10923068	3
19	10923069	10928679	1
19	10928680	10928731	0
19	10928732	10930252	2
19	10930253	10960823	0
19	10960824	11079424	2
19	11079425	11089360	0
19	11089361	11131518	2
19	11131519	11132161	3
19	11132162	11133814	2
19	11133815	11155806	1
19	11155807	11164265	0
19	11164266	11197546	1
19	11197547	11199293	0
19	11199294	11237448	1
19	11237449	11241941	3
19	11241942	11262450	1
19	11262451	11296137	0
19	11296138	11322044	2
19	11322045	11326994	3
19	11326995	11345299	1
19	11345300	11346268	3
19	11346269	11346503	1
19	11346504	11346516	3
19	11346517	11354942	2
19	11354943	11355384	0
19	11355385	11365696	2
19	11365697	11374683	0
19	11374684	11376949	2
19	11376950	11377203	0
19	11377204	11384310	1
19	11384311	11394055	0
19	11394056	11419340	1
19	11419341	11420602	0
19	11420603	11435286	1
19	11435287	11435780	3
19	11435781	11450966	2
19	11450967	11451324	0
19	11451325	11481031	1
19	11481032	11483425	0
19	11483426	11529172	1
19	11529173	11538715	0
19	11538716	11550321	2
19	11550322	11551145	0
19	11551146	11559234	1
19	11559235	11559446	0
19	11559447	11574658	2
19	11574659	11577643	3
19	11577644	11619133	2
19	11619134	11721263	0
19	11721264	11739007	1
19	11739008	11767090	0
19	11767091	11784076	2
19	11784077	11798528	0
19	11798529	11808091	2
19	11808092	11814282	0
19	11814283	11835199	2
19	11835200	11848759	0
19	11848760	11869489	2
19	11869490	11887782	0
19	11887783	11914327	2
19	11914328	11925066	0
19	11925067	11980379	2
19	11980380	12014730	0
19	12014731	12035739	1
19	12035740	12043803	0
19	12043804	12052937	1
19	12052938	12064697	0
19	12064698	12081563	2
19	12081564	12092841	0
19	12092842	12140405	1
19	12140406	12142088	0
19	12142089	12156727	1
19	12156728	12163062	0
19	12163063	12189879	2
19	12189880	12271810	0
19	12271811	12294885	1
19	12294886	12317475	0
19	12317476	12333718	1
19	12333719	12345947	0
19	12345948	12365903	1
19	12365904	12390014	0
19	12390015	12441110	1
19	12441111	12461182	0
19	12461183	12551540	1
19	12551541	12577959	0
19	12577960	12610801	1
19	12610802	12610916	0
19	12610917	12633838	2
19	12633839	12646511	0
19	12646512	12666798	1
19	12666799	12669395	3
19	12669396	12675715	2
19	12675716	12675830	3
19	12675831	12681900	1
19	12681901	12687996	0
19	12687997	12688420	2
19	12688421	12688915	0
19	12688916	12696641	1
19	12696642	12699192	0
19	12699193	12724009	1
19	12724010	12730638	0
19	12730639	12734773	1
19	12734774	12737137	0
19	12737138	12748321	2
19	12748322	12751700	0
19	12751701	12758456	2
19	12758457	12763001	0
19	12763002	12778455	1
19	12778456	12791494	0
19	12791495	12793313	2
19	12793314	12796818	0
19	12796819	12801857	1
19	12801858	12802047	0
19	12802048	12804387	2
19	12804388	12806554	0
19	12806555	12815199	2
19	12815200	12825476	0
19	12825477	12833949	1
19	12833950	12834574	3
19	12834575	12835426	1
19	12835427	12874949	2
19	12874950	12875209	0
19	12875210	12881466	1
19	12881467	12884420	0
19	12884421	12887197	1
19	12887198	12891024	0
19	12891025	12898784	2
19	12898785	12899967	3
19	12899968	12914205	2
19	12914206	12919274	1
19	12919275	12922477	0
19	12922478	12934035	1
19	12934036	12938605	0
19	12938606	12944487	2
19	12944488	12945874	0
19	12945875	12953117	2
19	12953118	12953621	3
19	12953622	12953640	2
19	12953641	12957234	1
19	12957235	12965157	0
19	12965158	12974760	2
19	12974761	12995606	0
19	12995607	13098794	2
19	13098795	13099031	0
19	13099032	13103159	1
19	13103160	13104900	0
19	13104901	13117565	1
19	13117566	13118101	0
19	13118102	13141139	2
19	13141140	13144056	0
19	13144057	13150381	1
19	13150382	13150413	0
19	13150414	13154906	2
19	13154907	13206440	0
19	13206441	13633023	1
19	13633024	13731758	0
19	13731759	13763294	2
19	13763295	13764530	0
19	13764531	13778460	2
19	13778461	13795458	0
19	13795459	13832228	2
19	13832229	13877245	0
19	13877246	13880748	2
19	13880749	13882346	0
19	13882347	13906199	1
19	13906200	13906450	3
19	13906451	13930877	2
19	13930878	13931185	0
19	13931186	13952490	1
19	13952491	13953379	3
19	13953380	13953390	1
19	13953391	13961447	2
19	13961448	13961536	0
19	13961537	14006283	1
19	14006284	14028146	0
19	14028147	14031040	2
19	14031041	14031746	0
19	14031747	14053214	2
19	14053215	14053363	0
19	14053364	14059157	1
19	14059158	14072534	0
19	14072535	14075060	2
19	14075061	14081617	0
19	14081618	14085787	1
19	14085788	14087838	0
19	14087839	14091034	1
19	14091035	14091686	0
19	14091687	14118082	1
19	14118083	14119507	0
19	14119508	14136954	1
19	14136955	14147741	0
19	14147742	14206185	1
19	14206186	14381154	0
19	14381155	14408723	2
19	14408724	14408849	0
19	14408850	14419381	1
19	14419382	14433051	0
19	14433052	14471864	2
19	14471865	14472464	0
19	14472465	14475360	1
19	14475361	14477758	0
19	14477759	14496147	1
19	14496148	14514768	0
19	14514769	14529558	1
19	14529559	14529768	3
19	14529769	14565976	2
19	14565977	14566076	0
19	14566077	14572060	1
19	14572061	14583082	0
19	14583083	14611155	2
19	14611156	14619115	0
19	14619116	14690025	1
19	14690026	14690067	0
19	14690068	14732391	2
19	14732392	14733744	3
19	14733745	14778535	1
19	14778536	14789258	0
19	14789259	14835283	1
19	14835284	14840464	0
19	14840465	14848920	1
19	14848921	14878201	0
19	14878202	14886130	1
19	14886131	14941487	0
19	14941488	14942446	2
19	14942447	14950032	0
19	14950033	15010742	1
19	15010743	15022988	3
19	15022989	15023267	2
19	15023268	15049382	0
19	15049383	15058291	2
19	15058292	15082209	0
19	15082210	15092968	2
19	15092969	15107401	0
19	15107402	15114985	2
19	15114986	15114986	3
19	15114987	15125783	1
19	15125784	15159036	0
19	15159037	15200979	1
19	15200980	15226917	0
19	15226918	15233433	1
19	15233434	15235517	0
19	15235518	15332543	1
19	15332544	15353383	0
19	15353384	15379790	1
19	15379791	15380046	0
19	15380047	15419139	1
19	15419140	15419978	0
19	15419979	15449949	1
19	15449950	15451622	0
19	15451623	15464569	1
19	15464570	15468643	0
19	15468644	15498954	1
19	15498955	15508491	0
19	15508492	15552315	2
19	15552316	15615216	0
19	15615217	15629633	2
19	15629634	15640895	0
19	15640896	15662823	2
19	15662824	15672755	0
19	15672756	15697172	2
19	15697173	15728018	0
19	15728019	15729058	2
19	15729059	15737983	0
19	15737984	15742341	2
19	15742342	15787659	0
19	15787660	15801023	2
19	15801024	15804547	0
19	15804548	15815662	1
19	15815663	15878021	0
19	15878022	15898118	1
19	15898119	15912365	0
19	15912366	15934865	1
19	15934866	15944297	0
19	15944298	15950348	2
19	15950349	16067019	0
19	16067020	16103003	2
19	16103004	16111627	0
19	16111628	16158573	2
19	16158574	16161366	0
19	16161367	16173523	1
19	16173524	16185378	0
19	16185379	16192044	2
19	16192045	16197576	0
19	16197577	16245905	2
19	16245906	16324815	0
19	16324816	16327872	2
19	16327873	16355237	0
19	16355238	16472083	1
19	16472084	16479055	0
19	16479056	16496190	1
19	16496191	16496309	0
19	16496310	16517887	2
19	16517888	16521348	3
19	16521349	16542528	1
19	16542529	16549829	0
19	16549830	16572380	1
19	16572381	16574917	0
19	16574918	16660155	1
19	16660156	16661125	0
19	16661126	16690027	2
19	16690028	16719978	0
19	16719979	16817961	2
19	16817962	16829398	0
19	16829399	16880351	2
19	16880352	16888858	0
19	16888859	16892604	2
19	16892605	16892945	0
19	16892946	17026813	1
19	17026814	17049727	0
19	17049728	17075623	1
19	17075624	17075779	0
19	17075780	17214535	2
19	17214536	17215357	0
19	17215358	17219827	2
19	17219828	17226202	0
19	17226203	17229217	2
19	17229218	17231881	0
19	17231882	17267348	1
19	17267349	17279335	3
19	17279336	17281643	1
19	17281644	17282784	3
19	17282785	17287644	2
19	17287645	17292129	0
19	17292130	17292607	1
19	17292608	17303471	3
19	17303472	17306653	2
19	17306654	17309529	1
19	17309530	17310234	3
19	17310235	17323221	2
19	17323222	17323299	3
19	17323300	17334827	1
19	17334828	17334918	0
19	17334919	17342733	2
19	17342734	17351446	0
19	17351447	17377348	1
19	17377349	17390507	0
19	17390508	17394156	1
19	17394157	17402937	0
19	17402938	17405646	1
19	17405647	17405720	0
19	17405721	17433722	2
19	17433723	17435507	0
19	17435508	17460952	1
19	17460953	17470442	0
19	17470443	17506166	2
19	17506167	17511627	0
19	17511628	17521286	2
19	17521287	17523299	0
19	17523300	17553837	2
19	17553838	17555592	0
19	17555593	17583157	2
19	17583158	17601326	0
19	17601327	17688363	1
19	17688364	17719240	0
19	17719241	17734514	2
19	17734515	17747716	0
19	17747717	17788566	2
19	17788567	17794826	0
19	17794827	17813080	2
19	17813081	17816510	0
19	17816511	17821572	1
19	17821573	17824784	0
19	17824785	17848030	1
19	17848031	17859874	0
19	17859875	17864151	2
19	17864152	17871971	0
19	17871972	17895172	2
19	17895173	17933014	0
19	17933015	17943989	2
19	17943990	17951291	0
19	17951292	18000078	2
19	18000079	18001130	0
19	18001131	18014100	2
19	18014101	18058993	0
19	18058994	18097791	1
19	18097792	18098942	3
19	18098943	18151690	2
19	18151691	18153116	0
19	18153117	18170538	2
19	18170539	18173160	0
19	18173161	18178115	2
19	18178116	18193180	0
19	18193181	18196740	2
19	18196741	18196782	0
19	18196783	18204072	1
19	18204073	18207959	0
19	18207960	18255417	1
19	18255418	18257095	0
19	18257096	18274507	1
19	18274508	18279758	0
19	18279759	18281620	1
19	18281621	18306228	0
19	18306229	18323272	1
19	18323273	18340585	0
19	18340586	18369948	2
19	18369949	18374729	0
19	18374730	18389174	2
19	18389175	18391142	0
19	18391143	18397615	1
19	18397616	18418862	0
19	18418863	18434386	2
19	18434387	18434560	3
19	18434561	18438299	1
19	18438300	18442661	0
19	18442662	18522125	1
19	18522126	18531749	0
19	18531750	18544075	1
19	18544076	18557760	0
19	18557761	18569385	2
19	18569386	18571728	0
19	18571729	18577548	2
19	18577549	18588723	0
19	18588724	18592334	2
19	18592335	18593235	0
19	18593236	18606848	1
19	18606849	18607428	0
19	18607429	18621037	2
19	18621038	18636963	0
19	18636964	18671712	2
19	18671713	18683675	0
19	18683676	18782331	2
19	18782332	18782771	0
19	18782772	18791312	1
19	18791313	18831936	0
19	18831937	18868234	2
19	18868235	18868543	0
19	18868544	18896725	1
19	18896726	18899512	0
19	18899513	18919395	1
19	18919396	18919673	0
19	18919674	18928631	2
19	18928632	18929199	0
19	18929200	18941259	1
19	18941260	18990886	0
19	18990887	19033573	1
19	19033574	19034021	3
19	19034022	19060309	2
19	19060310	19063997	0
19	19063998	19112886	2
19	19112887	19119167	0
19	19119168	19138511	1
19	19138512	19145565	0
19	19145566	19192227	1
19	19192228	19192587	3
19	19192588	19201414	2
19	19201415	19201867	3
19	19201868	19203422	1
19	19203423	19211971	0
19	19211972	19252231	2
19	19252232	19255639	0
19	19255640	19262794	1
19	19262795	19264364	0
19	19264365	19273286	1
19	19273287	19276509	0
19	19276510	19320679	1
19	19320680	19320842	3
19	19320843	19358753	2
19	19358754	19385824	0
19	19385825	19508929	2
19	19508930	19514217	0
19	19514218	19515683	1
19	19515684	19515753	0
19	19515754	19537579	2
19	19537580	19538246	0
19	19538247	19546657	2
19	19546658	19561711	0
19	19561712	19618914	1
19	19618915	19623666	0
19	19623667	19628928	1
19	19628929	19629474	0
19	19629475	19643665	1
19	19643666	19645198	0
19	19645199	19663691	1
19	19663692	19668794	0
19	19668795	19683504	2
19	19683505	19710469	0
19	19710470	19733095	1
19	19733096	19785840	0
19	19785841	19821747	1
19	19821748	19865884	0
19	19865885	19894672	2
19	19894673	19900926	0
19	19900927	19935573	2
19	19935574	19997056	0
19	19997057	20039504	1
19	20039505	20078019	0
19	20078020	20119750	2
19	20119751	20167226	0
19	20167227	20200488	2
19	20200489	20535823	0
19	20535824	20565807	1
19	20565808	20620059	0
19	20620060	20661594	1
19	20661595	20776302	0
19	20776303	20807320	2
19	20807321	20923220	0
19	20923221	20950695	2
19	20950696	21020618	0
19	21020619	21060048	2
19	21060049	21082157	0
19	21082158	21125268	2
19	21125269	21142022	0
19	21142023	21196051	2
19	21196052	21291158	0
19	21291159	21329408	1
19	21329409	21358928	0
19	21358929	21379300	2
19	21379301	21397117	0
19	21397118	21427571	2
19	21427572	21505562	0
19	21505563	21556268	2
19	21556269	21722764	0
19	21722765	21767626	1
19	21767627	21804947	0
19	21804948	21852123	1
19	21852124	21932956	0
19	21932957	22010947	1
19	22010948	22052482	0
19	22052483	22091478	2
19	22091479	22179089	0
19	22179090	22215773	1
19	22215774	22286406	0
19	22286407	22317174	2
19	22317175	22391017	0
19	22391018	22532483	1
19	22532484	22634322	0
19	22634323	22667668	2
19	22667669	22752181	0
19	22752182	22784105	1
19	22784106	22832319	0
19	22832320	22858665	2
19	22858666	22975466	0
19	22975467	23003174	1
19	23003175	23075208	0
19	23075209	23147217	2
19	23147218	23221597	0
19	23221598	23274219	1
19	23274220	23338747	0
19	23338748	23395558	1
19	23395559	23525629	0
19	23525630	23687218	1
19	23687219	23739193	0
19	23739194	23758889	1
19	23758890	23914874	0
19	23914875	23945157	2
19	23945158	24033403	0
19	24033404	24129959	2
19	24129960	29205319	0
19	29205320	29213539	1
19	29213540	29526497	0
19	29526498	29564477	2
19	29564478	29604015	0
19	29604016	29617235	2
19	29617236	29665054	0
19	29665055	29675455	2
19	29675456	29698884	0
19	29698885	29715787	1
19	29715788	29811896	0
19	29811897	29824306	2
19	29824307	29923642	0
19	29923643	30016606	2
19	30016607	30228512	0
19	30228513	30713536	2
19	30713537	31274943	0
19	31274944	31349545	1
19	31349546	32345592	0
19	32345593	32387665	2
19	32387666	32405541	0
19	32405542	32485893	2
19	32485894	32581066	0
19	32581067	32587450	2
19	32587451	32597005	0
19	32597006	32675405	1
19	32675406	32676595	3
19	32676596	32678298	2
19	32678299	32691959	0
19	32691960	32713794	2
19	32713795	32719751	0
19	32719752	32829379	2
19	32829380	32830507	0
19	32830508	32869764	1
19	32869765	32875923	0
19	32875924	32971989	1
19	32971990	32972219	0
19	32972220	32978220	2
19	32978221	32978591	0
19	32978592	33064886	1
19	33064887	33080878	0
19	33080879	33130540	2
19	33130541	33132088	0
19	33132089	33175793	2
19	33175794	33177601	0
19	33177602	33208662	2
19	33208663	33208865	3
19	33208866	33225848	1
19	33225849	33299932	0
19	33299933	33302562	1
19	33302563	33373328	0
19	33373329	33382684	2
19	33382685	33386948	0
19	33386949	33521792	1
19	33521793	33621953	0
19	33621954	33773507	2
19	33773508	33795931	0
19	33795932	33815761	2
19	33815762	34172523	0
19	34172524	34229513	2
19	34229514	34254535	0
19	34254536	34355584	2
19	34355585	34359478	0
19	34359479	34426166	2
19	34426167	34428361	0
19	34428362	34471249	2
19	34471250	34481636	0
19	34481637	34512302	2
19	34512303	34593440	0
19	34593441	34675697	1
19	34675698	34677637	0
19	34677638	34686395	2
19	34686396	34734153	0
19	34734154	34745376	2
19	34745377	34758074	0
19	34758075	34773227	1
19	34773228	34926901	0
19	34926902	34945168	2
19	34945169	34956352	0
19	34956353	34964047	1
19	34964048	34994782	0
19	34994783	35026469	2
19	35026470	35030464	0
19	35030465	35040447	2
19	35040448	35040504	0
19	35040505	35066569	2
19	35066570	35106508	0
19	35106509	35124322	2
19	35124323	35124511	0
19	35124512	35135198	1
19	35135199	35138806	0
19	35138807	35143107	2
19	35143108	35143248	0
19	35143249	35154299	2
19	35154300	35154728	0
19	35154729	35169881	2
19	35169882	35224798	0
19	35224799	35228727	1
19	35228728	35248390	0
19	35248391	35267962	2
19	35267963	35268976	0
19	35268977	35279813	2
19	35279814	35280714	0
19	35280715	35285141	2
19	35285142	35292123	0
19	35292124	35313802	2
19	35313803	35319259	0
19	35319260	35347353	2
19	35347354	35351550	0
19	35351551	35353860	2
19	35353861	35358458	0
19	35358459	35360483	2
19	35360484	35370927	0
19	35370928	35372960	2
19	35372961	35448299	0
19	35448300	35451765	2
19	35451766	35487322	0
19	35487323	35490529	1
19	35490530	35497218	0
19	35497219	35513656	1
19	35513657	35523365	0
19	35523366	35528349	1
19	35528350	35533410	0
19	35533411	35545314	2
19	35545315	35545593	0
19	35545594	35547524	2
19	35547525	35550041	0
19	35550042	35563656	1
19	35563657	35586159	0
19	35586160	35587294	2
19	35587295	35612768	0
19	35612769	35625347	2
19	35625348	35629028	0
19	35629029	35637684	2
19	35637685	35641743	0
19	35641744	35644869	2
19	35644870	35648221	0
19	35648222	35658859	2
19	35658860	35666514	0
19	35666515	35678481	2
19	35678482	35704525	0
19	35704526	35717036	2
19	35717037	35718017	0
19	35718018	35738799	2
19	35738800	35738876	3
19	35738877	35742451	1
19	35742452	35742527	0
19	35742528	35745112	1
19	35745113	35745440	3
19	35745441	35745443	1
19	35745444	35747517	2
19	35747518	35748359	0
19	35748360	35754517	2
19	35754518	35754567	0
19	35754568	35758077	1
19	35758078	35758141	0
19	35758142	35769186	2
19	35769187	35775513	0
19	35775514	35788820	2
19	35788821	35799988	0
19	35799989	35813297	1
19	35813298	35825962	0
19	35825963	35851836	1
19	35851837	35855859	0
19	35855860	35867107	2
19	35867108	35867897	0
19	35867898	35879786	2
19	35879787	35888239	0
19	35888240	35902301	1
19	35902302	35902478	0
19	35902479	35904375	2
19	35904376	35904399	0
19	35904400	35908293	1
19	35908294	35935548	0
19	35935549	35945765	2
19	35945766	35995197	0
19	35995198	35996313	2
19	35996314	36003297	0
19	36003298	36008791	1
19	36008792	36009122	0
19	36009123	36014237	1
19	36014238	36014658	0
19	36014659	36033341	1
19	36033342	36034983	0
19	36034984	36054760	1
19	36054761	36054935	0
19	36054936	36105101	2
19	36105102	36111149	0
19	36111150	36113708	2
19	36113709	36113709	3
19	36113710	36114984	1
19	36114985	36115344	3
19	36115345	36125945	2
19	36125946	36139573	0
19	36139574	36150351	2
19	36150352	36150920	0
19	36150921	36152867	1
19	36152868	36182058	0
19	36182059	36214600	1
19	36214601	36214671	3
19	36214672	36215131	1
19	36215132	36238772	3
19	36238773	36246255	1
19	36246256	36334451	0
19	36334452	36379197	1
19	36379198	36383118	0
19	36383119	36418654	1
19	36418655	36445117	0
19	36445118	36489859	1
19	36489860	36510693	0
19	36510694	36528658	1
19	36528659	36534772	0
19	36534773	36604815	1
19	36604816	36605274	3
19	36605275	36634111	2
19	36634112	36637818	0
19	36637819	36666839	1
19	36666840	36687626	0
19	36687627	36714381	2
19	36714382	36721325	3
19	36721326	36723345	2
19	36723346	36772823	1
19	36772824	36817426	0
19	36817427	36850359	1
19	36850360	36850785	3
19	36850786	36888122	2
19	36888123	36892928	3
19	36892929	36893032	2
19	36893033	36916289	1
19	36916290	36916327	0
19	36916328	36997930	2
19	36997931	37007855	0
19	37007856	37093017	2
19	37093018	37127440	3
19	37127441	37130309	2
19	37130310	37210547	1
19	37210548	37218188	0
19	37218189	37248736	2
19	37248737	37312835	0
19	37312836	37369363	2
19	37369364	37371157	0
19	37371158	37392892	2
19	37392893	37411153	0
19	37411154	37467770	1
19	37467771	37469268	3
19	37469269	37488650	2
19	37488651	37506937	0
19	37506938	37543333	2
19	37543334	37551404	0
19	37551405	37554780	2
19	37554781	37594753	3
19	37594754	37613747	2
19	37613748	37614093	3
19	37614094	37614095	2
19	37614096	37692335	1
19	37692336	37696361	0
19	37696362	37719788	1
19	37719789	37738285	0
19	37738286	37817298	1
19	37817299	37884821	0
19	37884822	37906675	1
19	37906676	37907226	0
19	37907227	38208370	2
19	38208371	38211004	0
19	38211005	38229712	1
19	38229713	38244033	0
19	38244034	38251235	2
19	38251236	38253255	3
19	38253256	38305007	2
19	38305008	38305102	0
19	38305103	38317271	1
19	38317272	38319842	0
19	38319843	38332074	2
19	38332075	38335773	0
19	38335774	38370941	2
19	38370942	38374534	0
19	38374535	38383822	2
19	38383823	38384263	0
19	38384264	38388080	1
19	38388081	38388419	0
19	38388420	38399585	2
19	38399586	38403133	0
19	38403134	38409053	2
19	38409054	38409082	3
19	38409083	38426303	1
19	38426304	38433697	0
19	38433698	38587562	2
19	38587563	38587639	0
19	38587640	38618880	1
19	38618881	38619080	0
19	38619081	38636953	2
19	38636954	38647668	0
19	38647669	38730272	2
19	38730273	38731581	3
19	38731582	38769902	1
19	38769903	38770969	0
19	38770970	38773490	1
19	38773491	38789209	0
19	38789210	38791747	2
19	38791748	38801677	0
19	38801678	38813362	1
19	38813363	38815420	0
19	38815421	38852336	1
19	38852337	38867832	0
19	38867833	38878277	1
19	38878278	38878553	0
19	38878554	38899698	1
19	38899699	38899860	3
19	38899861	38908889	2
19	38908890	38908978	0
19	38908979	38912156	1
19	38912157	38915264	0
19	38915265	38930546	1
19	38930547	38930894	3
19	38930895	38930952	1
19	38930953	38933160	3
19	38933161	38975908	1
19	38975909	38990712	0
19	38990713	39032783	1
19	39032784	39084303	0
19	39084304	39111491	2
19	39111492	39125768	0
19	39125769	39182814	2
19	39182815	39196959	0
19	39196960	39201882	2
19	39201883	39202829	0
19	39202830	39204264	1
19	39204265	39243551	0
19	39243552	39245127	1
19	39245128	39268512	0
19	39268513	39270090	2
19	39270091	39296323	0
19	39296324	39298671	2
19	39298672	39306566	0
19	39306567	39315334	1
19	39315335	39328351	0
19	39328352	39342370	1
19	39342371	39342394	0
19	39342395	39385708	2
19	39385709	39385850	0
19	39385851	39391193	1
19	39391194	39391309	0
19	39391310	39400635	2
19	39400636	39406811	0
19	39406812	39409410	2
19	39409411	39412583	0
19	39412584	39428413	2
19	39428414	39433205	0
19	39433206	39435946	1
19	39435947	39436154	0
19	39436155	39476668	2
19	39476669	39480410	0
19	39480411	39490886	2
19	39490887	39498893	0
19	39498894	39508479	2
19	39508480	39515111	0
19	39515112	39520684	2
19	39520685	39530988	0
19	39530989	39532852	1
19	39532853	39538703	0
19	39538704	39540331	1
19	39540332	39602499	0
19	39602500	39607474	2
19	39607475	39655892	0
19	39655893	39660645	2
19	39660646	39704304	0
19	39704305	39709442	2
19	39709443	39731248	0
19	39731249	39738026	1
19	39738027	39776593	0
19	39776594	39786165	2
19	39786166	39825348	0
19	39825349	39834199	1
19	39834200	39834456	0
19	39834457	39846412	1
19	39846413	39863321	0
19	39863322	39906321	1
19	39906322	39913688	0
19	39913689	39934624	1
19	39934625	39971003	0
19	39971004	39981439	2
19	39981440	39997034	0
19	39997035	40021039	2
19	40021040	40028258	0
19	40028259	40056207	1
19	40056208	40069150	0
19	40069151	40090936	1
19	40090937	40191742	0
19	40191743	40215573	2
19	40215574	40216056	0
19	40216057	40218397	1
19	40218398	40222206	0
19	40222207	40226695	1
19	40226696	40230315	0
19	40230316	40285534	1
19	40285535	40319534	0
19	40319535	40348454	1
19	40348455	40348525	3
19	40348526	40378481	2
19	40378482	40379269	0
19	40379270	40390185	1
19	40390186	40393766	0
19	40393767	40413364	1
19	40413365	40421590	0
19	40421591	40426023	1
19	40426024	40440842	0
19	40440843	40444703	1
19	40444704	40447763	0
19	40447764	40465838	1
19	40465839	40466239	0
19	40466240	40576462	2
19	40576463	40576849	0
19	40576850	40591397	2
19	40591398	40593164	0
19	40593165	40629816	2
19	40629817	40665903	0
19	40665904	40690970	1
19	40690971	40691527	0
19	40691528	40717101	1
19	40717102	40718205	3
19	40718206	40740854	2
19	40740855	40740858	3
19	40740859	40750490	1
19	40750491	40750635	0
19	40750636	40765387	2
19	40765388	40771646	0
19	40771647	40777488	2
19	40777489	40778214	0
19	40778215	40796933	2
19	40796934	40798994	0
19	40798995	40808431	2
19	40808432	40843536	0
19	40843537	40850445	1
19	40850446	40875437	0
19	40875438	40882750	1
19	40882751	40991248	0
19	40991249	41018396	2
19	41018397	41088470	0
19	41088471	41096193	2
19	41096194	41114430	0
19	41114431	41128364	2
19	41128365	41193047	0
19	41193048	41207537	2
19	41207538	41219201	0
19	41219202	41261764	2
19	41261765	41262494	0
19	41262495	41301585	2
19	41301586	41307596	3
19	41307597	41310187	1
19	41310188	41324881	3
19	41324882	41350909	1
19	41350910	41353909	3
19	41353910	41354419	2
19	41354420	41364171	3
19	41364172	41386372	2
19	41386373	41397477	3
19	41397478	41425003	2
19	41425004	41425357	0
19	41425358	41428728	1
19	41428729	41431316	0
19	41431317	41440715	1
19	41440716	41443156	0
19	41443157	41444763	2
19	41444764	41549516	0
19	41549517	41586842	2
19	41586843	41618969	0
19	41618970	41627072	1
19	41627073	41673305	0
19	41673306	41688365	1
19	41688366	41708583	0
19	41708584	41772206	2
19	41772207	41796435	0
19	41796436	41811551	2
19	41811552	41837072	0
19	41837073	41844695	1
19	41844696	41844944	0
19	41844945	41852331	2
19	41852332	41859916	0
19	41859917	41872924	2
19	41872925	41877118	0
19	41877119	41881370	2
19	41881371	41883159	0
19	41883160	41907703	2
19	41907704	41928514	3
19	41928515	41930148	2
19	41930149	41956679	0
19	41956680	41959388	1
19	41959389	41966580	0
19	41966581	41997495	1
19	41997496	41998319	0
19	41998320	42068475	1
19	42068476	42069496	3
19	42069497	42081547	2
19	42081548	42086108	0
19	42086109	42196583	1
19	42196584	42198596	0
19	42198597	42220121	1
19	42220122	42220269	0
19	42220270	42228199	2
19	42228200	42230184	0
19	42230185	42255155	1
19	42255156	42268535	0
19	42268536	42295795	2
19	42295796	42297031	0
19	42297032	42302096	1
19	42302097	42302569	3
19	42302570	42303544	1
19	42303545	42310819	2
19	42310820	42313334	0
19	42313335	42325060	2
19	42325061	42325607	0
19	42325608	42378767	2
19	42378768	42387017	0
19	42387018	42390285	1
19	42390286	42401505	0
19	42401506	42427424	1
19	42427425	42428286	0
19	42428287	42443046	1
19	42443047	42507302	0
19	42507303	42561232	1
19	42561233	42580239	0
19	42580240	42595053	1
19	42595054	42721640	0
19	42721641	42740567	1
19	42740568	42752684	0
19	42752685	42855689	1
19	42855690	42866462	0
19	42866463	42879717	1
19	42879718	42902077	0
19	42902078	42919561	1
19	42919562	42924138	0
19	42924139	42937171	1
19	42937172	43007654	0
19	43007655	43026510	1
19	43026511	43064209	0
19	43064210	43082666	1
19	43082667	43166254	0
19	43166255	43186534	1
19	43186535	43192700	0
19	43192701	43205772	1
19	43205773	43211789	0
19	43211790	43269528	1
19	43269529	43353657	0
19	43353658	43363170	2
19	43363171	43401494	0
19	43401495	43418595	2
19	43418596	43460785	0
19	43460786	43465658	1
19	43465659	43475101	0
19	43475102	43504933	1
19	43504934	43506717	0
19	43506718	43525495	1
19	43525496	43527242	3
19	43527243	43536128	2
19	43536129	43543038	0
19	43543039	43576798	1
19	43576799	43580471	3
19	43580472	43580542	1
19	43580543	43582096	3
19	43582097	43596133	1
19	43596134	43596390	0
19	43596391	43607217	2
19	43607218	43614495	3
19	43614496	43619872	1
19	43619873	43622366	0
19	43622367	43639837	1
19	43639838	43646093	0
19	43646094	43670545	1
19	43670546	43716008	0
19	43716009	43720019	2
19	43720020	43727990	0
19	43727991	43754988	1
19	43754989	43766531	0
19	43766532	43781259	1
19	43781260	43795927	0
19	43795928	43827197	1
19	43827198	43827290	0
19	43827291	43852015	2
19	43852016	43872361	0
19	43872362	43883962	1
19	43883963	43912627	0
19	43912628	43935257	1
19	43935258	43951221	0
19	43951222	43967707	2
19	43967708	43967860	0
19	43967861	43998323	2
19	43998324	44002946	0
19	44002947	44013924	2
19	44013925	44025340	0
19	44025341	44033110	2
19	44033111	44052007	0
19	44052008	44067989	2
19	44067990	44072142	0
19	44072143	44089611	2
19	44089612	44094337	0
19	44094338	44109884	2
19	44109885	44112179	0
19	44112180	44134814	2
19	44134815	44141555	0
19	44141556	44160307	2
19	44160308	44165071	0
19	44165072	44178379	2
19	44178380	44212526	0
19	44212527	44236108	2
19	44236109	44237265	3
19	44237266	44237266	2
19	44237267	44259878	1
19	44259879	44275307	3
19	44275308	44305044	1
19	44305045	44326553	0
19	44326554	44401606	1
19	44401607	44426249	0
19	44426250	44448576	1
19	44448577	44474426	0
19	44474427	44500521	1
19	44500522	44501675	0
19	44501676	44529786	1
19	44529787	44613628	0
19	44613629	44636779	2
19	44636780	44643796	0
19	44643797	44684357	2
19	44684358	44699149	0
19	44699150	44710712	2
19	44710713	44748545	0
19	44748546	44760042	2
19	44760043	44777867	0
19	44777868	44800650	2
19	44800651	44809057	0
19	44809058	44821419	2
19	44821420	44846173	0
19	44846174	44889226	2
19	44889227	44890567	0
19	44890568	44903687	2
19	44903688	44905752	0
19	44905753	44909391	2
19	44909392	44914245	0
19	44914246	44919344	2
19	44919345	44942236	0
19	44942237	44949563	2
19	44949564	44954589	0
19	44954590	44993339	2
19	44993340	45001428	0
19	45001429	45038196	2
19	45038197	45039038	0
19	45039039	45070954	2
19	45070955	45071498	0
19	45071499	45076586	1
19	45076587	45079193	0
19	45079194	45149748	2
19	45149749	45158735	3
19	45158736	45162926	2
19	45162927	45178235	3
19	45178236	45212619	2
19	45212620	45245429	3
19	45245430	45305281	2
19	45305282	45306412	0
19	45306413	45322975	1
19	45322976	45333432	0
19	45333433	45349835	2
19	45349836	45350385	3
19	45350386	45351389	2
19	45351390	45351518	3
19	45351519	45370916	1
19	45370917	45379632	0
19	45379633	45406207	1
19	45406208	45406347	3
19	45406348	45407331	2
19	45407332	45410764	3
19	45410765	45467993	1
19	45467994	45473010	3
19	45473011	45478826	1
19	45478827	45485287	0
19	45485288	45488775	1
19	45488776	45497059	3
19	45497060	45502508	2
19	45502509	45506577	0
19	45506578	45526981	2
19	45526982	45527425	0
19	45527426	45602210	1
19	45602211	45606992	0
19	45606993	45645627	1
19	45645628	45668242	0
19	45668243	45683722	2
19	45683723	45687452	0
19	45687453	45692331	1
19	45692332	45692481	0
19	45692482	45703987	2
19	45703988	45710627	0
19	45710628	45730902	1
19	45730903	45733249	0
19	45733250	45764532	2
19	45764533	45764783	0
19	45764784	45769224	1
19	45769225	45769715	0
19	45769716	45792800	1
19	45792801	45795708	0
19	45795709	45815317	1
19	45815318	45815433	0
19	45815434	45863288	1
19	45863289	45863987	0
19	45863988	45873795	2
19	45873796	45883605	0
19	45883606	45886168	1
19	45886169	45890018	0
19	45890019	45902602	1
19	45902603	45913212	0
19	45913213	45914868	1
19	45914869	45933732	0
19	45933733	45973544	1
19	45973545	45995459	0
19	45995460	46018614	2
19	46018615	46019151	0
19	46019152	46023063	1
19	46023064	46039746	0
19	46039747	46077092	1
19	46077093	46120069	0
19	46120070	46124672	1
19	46124673	46147780	0
19	46147781	46161297	2
19	46161298	46229750	0
19	46229751	46231241	2
19	46231242	46297044	0
19	46297045	46343431	2
19	46343432	46346992	0
19	46346993	46390850	2
19	46390851	46410327	0
19	46410328	46413660	1
19	46413661	46424695	0
19	46424696	46428949	1
19	46428950	46466489	0
19	46466490	46471561	1
19	46471562	46480794	0
19	46480795	46601072	1
19	46601073	46601198	3
19	46601199	46610791	2
19	46610792	46620466	0
19	46620467	46625116	1
19	46625117	46634074	0
19	46634075	46634683	1
19	46634684	46647610	0
19	46647611	46661136	1
19	46661137	46674273	0
19	46674274	46717125	1
19	46717126	46719505	0
19	46719506	46746044	1
19	46746045	46746478	3
19	46746479	46746908	1
19	46746909	46746992	3
19	46746993	46758483	2
19	46758484	46774881	0
19	46774882	46788592	1
19	46788593	46838134	0
19	46838135	46850990	1
19	46850991	46918674	0
19	46918675	47005075	2
19	47005076	47019818	0
19	47019819	47045773	2
19	47045774	47045905	0
19	47045906	47048628	1
19	47048629	47064185	0
19	47064186	47113272	1
19	47113273	47113750	3
19	47113751	47210634	2
19	47210635	47220822	0
19	47220823	47232764	1
19	47232765	47256457	0
19	47256458	47273699	2
19	47273700	47274451	0
19	47274452	47275705	2
19	47275706	47297073	0
19	47297074	47322064	2
19	47322065	47332145	0
19	47332146	47347325	2
19	47347326	47349279	0
19	47349280	47382702	2
19	47382703	47403122	0
19	47403123	47419521	1
19	47419522	47428015	0
19	47428016	47472166	1
19	47472167	47475142	0
19	47475143	47484266	1
19	47484267	47487635	0
19	47487636	47515238	1
19	47515239	47520683	0
19	47520684	47555854	1
19	47555855	47608194	0
19	47608195	47703275	2
19	47703276	47713341	0
19	47713342	47743132	2
19	47743133	47745520	0
19	47745521	47757056	2
19	47757057	47778570	0
19	47778571	47784682	2
19	47784683	47801241	0
19	47801242	47819049	1
19	47819050	47819777	0
19	47819778	47843328	2
19	47843329	47870464	0
19	47870465	47886395	1
19	47886396	47968044	0
19	47968045	47992168	1
19	47992169	47994649	0
19	47994650	48025151	2
19	48025152	48029951	0
19	48029952	48044051	1
19	48044052	48047841	0
19	48047842	48110815	1
19	48110816	48115443	0
19	48115444	48170601	1
19	48170602	48170690	0
19	48170691	48197618	2
19	48197619	48208102	0
19	48208103	48255944	1
19	48255945	48270100	0
19	48270101	48287606	2
19	48287607	48296455	0
19	48296456	48320073	1
19	48320074	48321507	0
19	48321508	48330551	2
19	48330552	48332354	0
19	48332355	48364235	1
19	48364236	48364393	0
19	48364394	48376374	2
19	48376375	48382568	0
19	48382569	48391551	1
19	48391552	48394873	0
19	48394874	48444929	2
19	48444930	48445771	0
19	48445772	48482312	2
19	48482313	48485269	0
19	48485270	48513933	1
19	48513934	48552073	0
19	48552074	48599423	2
19	48599424	48600808	0
19	48600809	48606741	1
19	48606742	48607712	3
19	48607713	48614813	1
19	48614814	48615326	0
19	48615327	48619289	1
19	48619290	48619534	3
19	48619535	48630028	2
19	48630029	48630403	3
19	48630404	48630683	2
19	48630684	48630715	3
19	48630716	48637436	1
19	48637437	48637940	0
19	48637941	48646310	1
19	48646311	48661405	0
19	48661406	48673079	1
19	48673080	48695969	0
19	48695970	48705948	2
19	48705949	48712740	0
19	48712741	48719719	1
19	48719720	48720585	0
19	48720586	48740719	1
19	48740720	48740886	0
19	48740887	48746907	1
19	48746908	48748009	0
19	48748010	48755388	1
19	48755389	48755557	0
19	48755558	48758331	2
19	48758332	48795060	0
19	48795061	48811027	1
19	48811028	48813015	0
19	48813016	48836676	1
19	48836677	48837095	0
19	48837096	48868630	1
19	48868631	48872390	0
19	48872391	48876055	2
19	48876056	48880963	0
19	48880964	48898731	1
19	48898732	48900048	0
19	48900049	48923370	2
19	48923371	48933680	0
19	48933681	48944967	2
19	48944968	48954875	0
19	48954876	48961796	2
19	48961797	48965299	0
19	48965300	48966876	2
19	48966877	48968123	0
19	48968124	48993308	1
19	48993309	48993446	0
19	48993447	49015978	2
19	49015979	49015993	3
19	49015994	49017089	1
19	49017090	49017494	0
19	49017495	49020521	1
19	49020522	49022867	0
19	49022868	49031910	1
19	49031911	49033152	3
19	49033153	49036893	1
19	49036894	49043882	0
19	49043883	49045309	2
19	49045310	49047636	0
19	49047637	49049104	1
19	49049105	49054273	0
19	49054274	49058858	1
19	49058859	49061064	0
19	49061065	49065052	1
19	49065053	49067416	0
19	49067417	49072939	1
19	49072940	49085421	0
19	49085422	49108561	2
19	49108562	49114322	0
19	49114323	49118395	2
19	49118396	49118458	3
19	49118459	49119138	1
19	49119139	49119387	0
19	49119388	49151024	2
19	49151025	49151196	0
19	49151197	49155422	1
19	49155423	49157739	0
19	49157740	49211834	2
19	49211835	49289636	0
19	49289637	49325223	1
19	49325224	49335394	0
19	49335395	49340593	2
19	49340594	49340604	3
19	49340605	49361781	1
19	49361782	49362380	3
19	49362381	49362455	1
19	49362456	49375114	2
19	49375115	49388216	0
19	49388217	49417992	2
19	49417993	49422412	0
19	49422413	49423439	1
19	49423440	49423747	0
19	49423748	49428816	2
19	49428817	49429399	0
19	49429400	49442358	1
19	49442359	49446297	0
19	49446298	49453167	1
19	49453168	49453492	3
19	49453493	49453495	1
19	49453496	49471046	2
19	49471047	49474226	0
19	49474227	49486229	2
19	49486230	49487552	0
19	49487553	49492306	2
19	49492307	49496372	0
19	49496373	49499687	2
19	49499688	49512277	0
19	49512278	49526331	2
19	49526332	49527616	0
19	49527617	49546960	2
19	49546961	49555709	0
19	49555710	49580644	1
19	49580645	49583945	3
19	49583946	49590260	1
19	49590261	49591013	2
19	49591014	49591641	0
19	49591642	49626437	2
19	49626438	49635290	0
19	49635291	49640199	1
19	49640200	49642123	0
19	49642124	49658640	2
19	49658641	49659568	0
19	49659569	49665140	1
19	49665141	49665873	3
19	49665874	49673914	2
19	49673915	49675784	0
19	49675785	49688448	2
19	49688449	49688662	0
19	49688663	49690573	2
19	49690574	49691108	0
19	49691109	49713729	2
19	49713730	49739753	0
19	49739754	49763328	1
19	49763329	49766966	0
19	49766967	49806883	2
19	49806884	49807110	3
19	49807111	49817374	1
19	49817375	49818277	0
19	49818278	49840381	2
19	49840382	49850733	0
19	49850734	49860097	2
19	49860098	49860737	3
19	49860738	49860742	2
19	49860743	49867907	1
19	49867908	49869031	0
19	49869032	49877423	1
19	49877424	49878354	3
19	49878355	49878457	1
19	49878458	49888747	2
19	49888748	49889652	0
19	49889653	49928700	1
19	49928701	49929537	3
19	49929538	49929742	1
19	49929743	49933933	2
19	49933934	49948983	0
19	49948984	49961170	1
19	49961171	49976465	0
19	49976466	50025712	1
19	50025713	50025944	3
19	50025945	50053412	2
19	50053413	50152546	0
19	50152547	50163193	1
19	50163194	50188184	0
19	50188185	50310542	2
19	50310543	50311935	0
19	50311936	50329651	1
19	50329652	50333513	3
19	50333514	50358475	2
19	50358476	50365828	3
19	50365829	50382980	2
19	50382981	50384337	0
19	50384338	50431311	2
19	50431312	50432901	0
19	50432902	50466319	2
19	50466320	50466785	0
19	50466786	50476494	1
19	50476495	50476751	3
19	50476752	50490868	2
19	50490869	50505996	0
19	50505997	50511351	1
19	50511352	50511598	0
19	50511599	50514688	1
19	50514689	50516890	0
19	50516891	50568043	1
19	50568044	50621975	0
19	50621976	50639825	1
19	50639826	50649443	0
19	50649444	50659308	2
19	50659309	50661825	0
19	50661826	50719448	1
19	50719449	50723327	0
19	50723328	50725716	2
19	50725717	50770462	0
19	50770463	50771730	2
19	50771731	50785724	0
19	50785725	50790413	1
19	50790414	50793140	3
19	50793141	50795222	2
19	50795223	50797703	0
19	50797704	50804715	1
19	50804716	50819151	0
19	50819152	50823782	1
19	50823783	50825303	0
19	50825304	50837211	1
19	50837212	50854913	0
19	50854914	50860762	2
19	50860763	50861566	0
19	50861567	50880565	2
19	50880566	50906350	0
19	50906351	50910736	1
19	50910737	50943301	0
19	50943302	50953091	1
19	50953092	50958629	0
19	50958630	50969671	1
19	50969672	50976486	0
19	50976487	50984036	1
19	50984037	50996005	0
19	50996006	51002709	1
19	51002710	51003109	0
19	51003110	51009546	1
19	51009547	51012737	0
19	51012738	51020173	1
19	51020174	51022214	0
19	51022215	51028037	1
19	51028038	51029090	0
19	51029091	51034890	1
19	51034891	51056535	0
19	51056536	51065112	1
19	51065113	51077493	0
19	51077494	51084243	1
19	51084244	51097604	0
19	51097605	51108368	1
19	51108369	51124906	0
19	51124907	51136649	2
19	51136650	51142297	0
19	51142298	51153524	2
19	51153525	51225062	0
19	51225063	51240014	2
19	51240015	51246346	0
19	51246347	51269328	2
19	51269329	51311846	0
19	51311847	51330352	2
19	51330353	51331816	0
19	51331817	51342122	1
19	51342123	51345167	0
19	51345168	51366416	1
19	51366417	51367096	0
19	51367097	51369001	1
19	51369002	51371604	0
19	51371605	51372713	1
19	51372714	51379907	0
19	51379908	51387958	1
19	51387959	51388287	0
19	51388288	51390572	1
19	51390573	51410019	0
19	51410020	51417801	1
19	51417802	51450845	0
19	51450846	51458454	1
19	51458455	51478620	0
19	51478621	51490950	2
19	51490951	51491362	0
19	51491363	51501787	1
19	51501788	51519523	0
19	51519524	51531854	1
19	51531855	51571296	0
19	51571297	51592506	2
19	51592507	51611925	0
19	51611926	51646887	1
19	51646888	51689126	0
19	51689127	51705188	2
19	51705189	51713110	0
19	51713111	51723992	1
19	51723993	51745170	0
19	51745171	51752024	1
19	51752025	51768921	3
19	51768922	51795161	1
19	51795162	51804108	3
19	51804109	51826187	2
19	51826188	51871280	0
19	51871281	51905038	1
19	51905039	51927218	0
19	51927219	51948757	2
19	51948758	51964341	0
19	51964342	51986854	1
19	51986855	51991330	0
19	51991331	52008228	1
19	52008229	52012763	0
19	52012764	52030238	1
19	52030239	52031377	0
19	52031378	52095763	1
19	52095764	52113089	0
19	52113090	52139920	1
19	52139921	52154846	0
19	52154847	52171641	1
19	52171642	52190037	0
19	52190038	52229531	2
19	52229532	52269569	0
19	52269570	52296044	2
19	52296045	52297175	0
19	52297176	52325920	2
19	52325921	52336243	0
19	52336244	52367776	2
19	52367777	52369915	0
19	52369916	52385793	2
19	52385794	52397847	0
19	52397848	52418402	2
19	52418403	52429185	0
19	52429186	52452313	2
19	52452314	52453574	0
19	52453575	52512152	2
19	52512153	52527651	0
19	52527652	52556758	2
19	52556759	52570271	0
19	52570272	52587172	2
19	52587173	52594058	0
19	52594059	52690494	1
19	52690495	52702811	0
19	52702812	52735052	1
19	52735053	52764193	0
19	52764194	52786805	1
19	52786806	52797407	0
19	52797408	52857647	1
19	52857648	52876170	0
19	52876171	52962909	1
19	52962910	53013919	0
19	53013920	53016120	2
19	53016121	53044736	0
19	53044737	53051074	2
19	53051075	53066604	0
19	53066605	53103434	1
19	53103435	53107877	0
19	53107878	53159058	1
19	53159059	53162419	0
19	53162420	53193372	1
19	53193373	53235379	0
19	53235380	53254877	1
19	53254878	53258290	0
19	53258291	53259600	2
19	53259601	53266674	0
19	53266675	53267721	1
19	53267722	53289599	0
19	53289600	53291624	1
19	53291625	53333744	0
19	53333745	53356904	2
19	53356905	53365691	0
19	53365692	53392215	2
19	53392216	53395148	0
19	53395149	53430411	2
19	53430412	53431991	0
19	53431992	53458259	2
19	53458260	53467733	0
19	53467734	53496253	2
19	53496254	53520946	0
19	53520947	53580267	2
19	53580268	53632054	0
19	53632055	53637007	2
19	53637008	53793601	0
19	53793602	53824392	1
19	53824393	53866221	0
19	53866222	53876435	2
19	53876436	53879188	0
19	53879189	53907650	2
19	53907651	53909333	0
19	53909334	53943939	2
19	53943940	53963038	0
19	53963039	53990213	2
19	53990214	53992286	0
19	53992287	54012667	2
19	54012668	54040823	0
19	54040824	54063951	1
19	54063952	54069893	0
19	54069894	54081363	1
19	54081364	54094666	0
19	54094667	54102690	1
19	54102691	54102835	0
19	54102836	54107011	2
19	54107012	54107566	3
19	54107567	54108531	2
19	54108532	54115408	1
19	54115409	54115673	3
19	54115674	54131717	2
19	54131718	54137715	0
19	54137716	54155159	2
19	54155160	54155706	3
19	54155707	54159880	1
19	54159881	54160106	0
19	54160107	54173248	1
19	54173249	54173411	0
19	54173412	54189880	1
19	54189881	54189936	0
19	54189937	54194534	2
19	54194535	54200740	0
19	54200741	54207645	2
19	54207646	54216276	0
19	54216277	54223504	1
19	54223505	54238547	0
19	54238548	54242789	1
19	54242790	54249429	0
19	54249430	54257299	1
19	54257300	54273819	0
19	54273820	54281182	1
19	54281183	54307068	0
19	54307069	54313137	1
19	54313138	54333183	0
19	54333184	54339148	1
19	54339149	54351382	0
19	54351383	54370556	1
19	54370557	54415217	0
19	54415218	54436898	2
19	54436899	54448885	0
19	54448886	54461794	2
19	54461795	54461830	3
19	54461831	54462035	2
19	54462036	54463709	1
19	54463710	54465024	0
19	54465025	54473262	1
19	54473263	54497877	0
19	54497878	54510685	2
19	54510686	54573026	0
19	54573027	54590285	2
19	54590286	54593646	0
19	54593647	54602088	2
19	54602089	54617156	0
19	54617157	54637526	2
19	54637527	54643913	0
19	54643914	54670357	2
19	54670358	54724477	0
19	54724478	54736534	2
19	54736535	54738513	0
19	54738514	54753050	2
19	54753051	54769809	0
19	54769810	54784320	2
19	54784321	54803533	0
19	54803534	54814515	2
19	54814516	54816466	0
19	54816467	54830776	2
19	54830777	54850441	0
19	54850442	54867205	2
19	54867206	54874246	0
19	54874247	54890470	2
19	54890471	54906148	0
19	54906149	54916138	2
19	54916139	54923507	0
19	54923508	54953128	1
19	54953129	54966241	3
19	54966242	54966310	1
19	54966311	55001140	2
19	55001141	55013703	0
19	55013704	55038262	1
19	55038263	55044322	0
19	55044323	55069538	1
19	55069539	55072018	0
19	55072019	55087920	2
19	55087921	55090911	0
19	55090912	55117557	1
19	55117558	55132792	0
19	55132793	55149352	1
19	55149353	55151768	0
19	55151769	55157730	1
19	55157731	55158659	0
19	55158660	55166720	1
19	55166721	55171197	0
19	55171198	55180439	1
19	55180440	55181246	0
19	55181247	55209454	1
19	55209455	55226746	0
19	55226747	55229262	1
19	55229263	55229778	0
19	55229779	55258993	1
19	55258994	55262229	0
19	55262230	55280379	1
19	55280380	55282070	0
19	55282071	55312531	2
19	55312532	55312799	0
19	55312800	55325338	1
19	55325339	55339851	0
19	55339852	55348118	2
19	55348119	55349304	0
19	55349305	55354812	1
19	55354813	55354906	0
19	55354907	55363258	1
19	55363259	55364387	0
19	55364388	55370461	1
19	55370462	55376834	0
19	55376835	55378242	2
19	55378243	55379243	0
19	55379244	55384596	1
19	55384597	55385343	0
19	55385344	55399743	2
19	55399744	55403248	3
19	55403249	55407775	1
19	55407776	55428738	0
19	55428739	55442861	1
19	55442862	55452983	0
19	55452984	55462341	1
19	55462342	55463000	0
19	55463001	55464705	1
19	55464706	55476330	0
19	55476331	55484485	2
19	55484486	55485002	0
19	55485003	55487566	2
19	55487567	55488402	0
19	55488403	55519096	2
19	55519097	55529731	0
19	55529732	55537087	1
19	55537088	55540654	0
19	55540655	55545541	1
19	55545542	55576768	0
19	55576769	55580843	1
19	55580844	55591369	0
19	55591370	55600020	1
19	55600021	55601968	3
19	55601969	55603136	2
19	55603137	55605403	0
19	55605404	55617267	2
19	55617268	55620740	0
19	55620741	55624599	1
19	55624600	55635014	0
19	55635015	55653159	2
19	55653160	55654144	0
19	55654145	55674713	2
19	55674714	55675224	0
19	55675225	55708430	2
19	55708431	55709531	3
19	55709532	55709856	2
19	55709857	55738400	1
19	55738401	55759012	0
19	55759013	55763173	2
19	55763174	55769139	0
19	55769140	55773177	2
19	55773178	55785395	0
19	55785396	55836576	1
19	55836577	55836798	3
19	55836799	55881852	2
19	55881853	55891697	0
19	55891698	55932334	1
19	55932335	55947830	0
19	55947831	55988627	2
19	55988628	55999724	0
19	55999725	56061811	2
19	56061812	56087364	0
19	56087365	56121278	1
19	56121279	56132597	0
19	56132598	56160891	2
19	56160892	56176018	0
19	56176019	56185773	2
19	56185774	56189568	0
19	56189569	56197918	1
19	56197919	56202299	0
19	56202300	56209450	2
19	56209451	56219668	0
19	56219669	56272767	1
19	56272768	56310448	3
19	56310449	56368381	1
19	56368382	56375844	0
19	56375845	56393543	1
19	56393544	56404012	0
19	56404013	56427362	2
19	56427363	56439323	0
19	56439324	56478063	1
19	56478064	56507841	0
19	56507842	56530219	2
19	56530220	56538946	0
19	56538947	56556808	2
19	56556809	56567509	0
19	56567510	56588909	2
19	56588910	56595262	0
19	56595263	56626479	2
19	56626480	56643143	0
19	56643144	56655764	2
19	56655765	56661979	0
19	56661980	56671781	1
19	56671782	56774545	0
19	56774546	56840727	1
19	56840728	57119136	0
19	57119137	57131924	2
19	57131925	57134094	0
19	57134095	57145200	1
19	57145201	57154019	0
19	57154020	57167441	1
19	57167442	57191498	0
19	57191499	57222844	2
19	57222845	57230800	0
19	57230801	57235546	2
19	57235547	57240683	0
19	57240684	57255133	2
19	57255134	57280049	0
19	57280050	57293567	2
19	57293568	57320507	0
19	57320508	57330774	2
19	57330775	57351305	0
19	57351306	57359896	2
19	57359897	57363509	0
19	57363510	57437968	2
19	57437969	57438455	3
19	57438456	57445483	2
19	57445484	57477568	1
19	57477569	57487709	0
19	57487710	57496095	2
19	57496096	57499913	0
19	57499914	57518402	2
19	57518403	57527323	0
19	57527324	57535255	2
19	57535256	57540761	3
19	57540762	57541834	2
19	57541835	57552752	3
19	57552753	57557540	2
19	57557541	57559861	1
19	57559862	57571564	0
19	57571565	57578925	1
19	57578926	57583608	0
19	57583609	57593775	2
19	57593776	57599883	0
19	57599884	57612720	2
19	57612721	57614236	0
19	57614237	57624721	2
19	57624722	57630393	0
19	57630394	57642777	2
19	57642778	57668933	0
19	57668934	57679150	2
19	57679151	57681967	0
19	57681968	57697365	2
19	57697366	57709166	3
19	57709167	57719749	2
19	57719750	57727622	3
19	57727623	57758157	2
19	57758158	57769653	0
19	57769654	57803839	2
19	57803840	57813402	3
19	57813403	57850313	2
19	57850314	57856231	3
19	57856232	57858128	2
19	57858129	57858909	3
19	57858910	57864757	2
19	57864758	57865110	3
19	57865111	57889072	1
19	57889073	57900294	0
19	57900295	57916608	1
19	57916609	57921882	0
19	57921883	57935391	1
19	57935392	57940831	0
19	57940832	57947673	1
19	57947674	57958435	0
19	57958436	57974532	1
19	57974533	57977051	0
19	57977052	58003347	1
19	58003348	58034030	0
19	58034031	58054629	2
19	58054630	58059237	0
19	58059238	58069753	2
19	58069754	58083836	0
19	58083837	58118425	1
19	58118426	58126250	0
19	58126251	58155065	1
19	58155066	58183027	0
19	58183028	58213560	2
19	58213561	58228592	0
19	58228593	58277493	2
19	58277494	58278949	0
19	58278950	58302803	2
19	58302804	58305317	0
19	58305318	58315661	2
19	58315662	58327017	0
19	58327018	58342330	2
19	58342331	58346848	0
19	58346849	58353497	1
19	58353498	58354355	0
19	58354356	58362846	1
19	58362847	58367616	0
19	58367617	58381058	1
19	58381059	58386398	0
19	58386399	58394804	2
19	58394805	58396088	0
19	58396089	58397077	2
19	58397078	58408623	0
19	58408624	58418325	2
19	58418326	58432812	0
19	58432813	58440220	1
19	58440221	58451602	0
19	58451603	58457831	2
19	58457832	58467043	0
19	58467044	58481228	2
19	58481229	58498331	0
19	58498332	58512063	1
19	58512064	58513528	0
19	58513529	58538909	1
19	58538910	58544089	0
19	58544090	58550720	2
19	58550721	58551564	0
19	58551565	58555122	1
19	58555123	58555710	0
19	58555711	58558958	1
19	58558959	58561930	0
19	58561931	58573573	1
