<CHROM>	<START>	<END>	<TSB>
1	0	65417	0
1	65418	71583	2
1	71584	450701	0
1	450702	451695	1
1	451696	685677	0
1	685678	686671	1
1	686672	923926	0
1	923927	944202	2
1	944203	944573	3
1	944574	944579	2
1	944580	959288	1
1	959289	960585	0
1	960586	965713	2
1	965714	966495	0
1	966496	975202	2
1	975203	975863	3
1	975864	982091	1
1	982092	998960	0
1	998961	1000170	1
1	1000171	1001136	0
1	1001137	1014538	2
1	1014539	1020121	0
1	1020122	1056116	2
1	1056117	1070964	0
1	1070965	1074305	1
1	1074306	1081816	0
1	1081817	1116359	1
1	1116360	1173901	0
1	1173902	1197933	2
1	1197934	1203506	0
1	1203507	1206689	1
1	1206690	1211324	0
1	1211325	1214130	1
1	1214131	1216906	0
1	1216907	1232029	1
1	1232030	1232224	0
1	1232225	1235039	2
1	1235040	1242451	0
1	1242452	1246720	1
1	1246721	1253912	0
1	1253913	1273883	1
1	1273884	1280434	0
1	1280435	1292027	2
1	1292028	1292374	0
1	1292375	1308016	1
1	1308017	1308565	0
1	1308566	1311583	2
1	1311584	1311675	3
1	1311676	1324689	1
1	1324690	1324765	0
1	1324766	1328895	2
1	1328896	1331312	0
1	1331313	1335274	2
1	1335275	1335304	3
1	1335305	1349348	1
1	1349349	1352687	0
1	1352688	1361775	1
1	1361776	1373728	0
1	1373729	1375493	1
1	1375494	1386493	0
1	1386494	1399315	1
1	1399316	1401906	0
1	1401907	1407311	1
1	1407312	1418418	0
1	1418419	1421767	1
1	1421768	1426126	0
1	1426127	1427785	2
1	1427786	1434859	0
1	1434860	1442880	2
1	1442881	1449687	0
1	1449688	1470156	2
1	1470157	1471767	0
1	1471768	1496200	2
1	1496201	1512149	0
1	1512150	1534685	2
1	1534686	1535172	0
1	1535173	1540451	1
1	1540452	1541671	0
1	1541672	1574867	1
1	1574868	1598010	0
1	1598011	1600094	1
1	1600095	1615413	0
1	1615414	1630608	2
1	1630609	1632093	0
1	1632094	1634652	2
1	1634653	1635225	0
1	1635226	1659010	1
1	1659011	1659527	0
1	1659528	1692726	1
1	1692727	1702728	0
1	1702729	1724322	1
1	1724323	1724838	0
1	1724839	1745997	1
1	1745998	1751230	0
1	1751231	1780067	1
1	1780068	1785283	0
1	1785284	1891115	1
1	1891116	1914825	0
1	1914826	1917292	2
1	1917293	1917588	0
1	1917589	1919271	1
1	1919272	1921949	0
1	1921950	2003835	1
1	2003836	2019296	0
1	2019297	2030756	2
1	2030757	2050468	0
1	2050469	2184459	2
1	2184460	2185393	3
1	2185394	2194773	1
1	2194774	2228693	0
1	2228694	2310117	2
1	2310118	2321251	0
1	2321252	2391705	1
1	2391706	2391773	0
1	2391774	2403962	2
1	2403963	2405440	3
1	2405441	2405442	2
1	2405443	2413795	1
1	2413796	2425978	0
1	2425979	2505524	2
1	2505525	2508531	0
1	2508532	2526626	1
1	2526627	2528743	0
1	2528744	2530243	1
1	2530244	2555637	0
1	2555638	2565380	2
1	2565381	2586748	0
1	2586749	2590637	2
1	2590638	2591465	3
1	2591466	2591466	2
1	2591467	2632988	1
1	2632989	2635974	0
1	2635975	2801715	1
1	2801716	3021481	0
1	3021482	3022901	2
1	3022902	3069166	0
1	3069167	3438619	2
1	3438620	3454424	0
1	3454425	3481111	2
1	3481112	3489918	0
1	3489919	3611493	1
1	3611494	3625000	0
1	3625001	3630125	2
1	3630126	3630765	0
1	3630766	3652518	1
1	3652519	3652759	3
1	3652760	3736199	2
1	3736200	3752396	0
1	3752397	3771642	2
1	3771643	3772759	0
1	3772760	3775980	2
1	3775981	3778556	0
1	3778557	3796502	1
1	3796503	3812079	0
1	3812080	3857212	1
1	3857213	3857265	0
1	3857266	3885427	2
1	3885428	3889123	0
1	3889124	3900283	1
1	3900284	4654730	0
1	4654731	4792532	2
1	4792533	5862816	0
1	5862817	5991464	1
1	5991465	5992469	3
1	5992470	5992471	1
1	5992472	6101191	2
1	6101192	6101791	0
1	6101792	6180121	1
1	6180122	6185018	0
1	6185019	6206174	1
1	6206175	6209242	3
1	6209243	6209387	1
1	6209388	6221191	2
1	6221192	6221297	3
1	6221298	6235938	1
1	6235939	6244190	0
1	6244191	6245576	2
1	6245577	6247344	0
1	6247345	6260973	1
1	6260974	6264267	0
1	6264268	6394389	1
1	6394390	6412416	0
1	6412417	6424668	1
1	6424669	6424774	0
1	6424775	6460784	2
1	6460785	6460942	3
1	6460943	6461149	2
1	6461150	6461365	3
1	6461366	6520059	1
1	6520060	6521345	0
1	6521346	6554533	1
1	6554534	6555179	0
1	6555180	6579755	2
1	6579756	6579999	0
1	6580000	6589278	2
1	6589279	6590722	0
1	6590723	6613683	1
1	6613684	6614558	3
1	6614559	6614605	1
1	6614606	6624031	2
1	6624032	6624864	0
1	6624865	6634166	2
1	6634167	6635584	3
1	6635585	6701922	1
1	6701923	6785322	0
1	6785323	7769704	2
1	7769705	7771267	0
1	7771268	7781430	2
1	7781431	7784318	0
1	7784319	7843081	2
1	7843082	7845174	3
1	7845175	7845175	2
1	7845176	7853510	1
1	7853511	7915892	0
1	7915893	7943163	1
1	7943164	7954289	0
1	7954290	7985503	2
1	7985504	8004402	0
1	8004403	8026306	1
1	8026307	8317824	0
1	8317825	8344165	2
1	8344166	8352395	0
1	8352396	8817641	1
1	8817642	8860998	0
1	8860999	8879248	1
1	8879249	8945865	0
1	8945866	8975090	2
1	8975091	9003298	0
1	9003299	9026343	1
1	9026344	9035105	0
1	9035106	9088476	1
1	9088477	9100303	0
1	9100304	9129168	1
1	9129169	9234773	0
1	9234774	9271335	2
1	9271336	9292878	0
1	9292879	9369530	2
1	9369531	9539480	0
1	9539481	9585177	2
1	9585178	9588920	0
1	9588921	9614871	2
1	9614872	9651730	0
1	9651731	9729024	2
1	9729025	9729112	3
1	9729113	9824524	1
1	9824525	9848274	0
1	9848275	9910334	1
1	9910335	9922111	0
1	9922112	9943405	1
1	9943406	9943426	0
1	9943427	9985499	2
1	9985500	9997214	0
1	9997215	10016018	2
1	10016019	10032830	0
1	10032831	10181237	2
1	10181238	10210803	0
1	10210804	10381601	2
1	10381602	10398590	0
1	10398591	10420142	2
1	10420143	10430100	0
1	10430101	10452151	2
1	10452152	10456520	0
1	10456521	10472524	1
1	10472525	10474885	0
1	10474886	10630756	2
1	10630757	10636602	0
1	10636603	10796648	1
1	10796649	10946471	0
1	10946472	10982035	1
1	10982036	11012342	0
1	11012343	11026521	2
1	11026522	11030524	3
1	11030525	11047231	1
1	11047232	11054587	0
1	11054588	11060022	1
1	11060023	11066616	0
1	11066617	11099879	1
1	11099880	11106533	0
1	11106534	11189339	1
1	11189340	11195979	3
1	11195980	11262505	1
1	11262506	11273204	0
1	11273205	11296047	2
1	11296048	11479236	0
1	11479237	11537582	2
1	11537583	11648365	0
1	11648366	11654373	1
1	11654374	11654680	3
1	11654681	11654855	1
1	11654856	11655783	3
1	11655784	11663325	2
1	11663326	11664122	0
1	11664123	11674352	2
1	11674353	11674478	0
1	11674479	11691648	1
1	11691649	11691727	0
1	11691728	11725855	2
1	11725856	11736082	0
1	11736083	11750769	2
1	11750770	11761785	0
1	11761786	11785721	2
1	11785722	11789582	3
1	11789583	11789583	2
1	11789584	11806094	1
1	11806095	11806918	3
1	11806919	11843142	2
1	11843143	11845707	0
1	11845708	11848343	1
1	11848344	11857462	0
1	11857463	11858929	1
1	11858930	11919589	0
1	11919590	11926426	1
1	11926427	11934692	0
1	11934693	11975535	2
1	11975536	11980179	0
1	11980180	12013512	2
1	12013513	12019464	0
1	12019465	12032043	2
1	12032044	12063375	0
1	12063376	12144205	2
1	12144206	12167001	0
1	12167002	12209226	2
1	12209227	12230028	0
1	12230029	12512045	2
1	12512046	12567908	0
1	12567909	12617729	1
1	12617730	12644545	0
1	12644546	12667084	2
1	12667085	12716141	0
1	12716142	12728398	2
1	12728399	12746213	0
1	12746214	12763697	2
1	12763698	12774839	0
1	12774840	12777904	2
1	12777905	12791395	0
1	12791396	12796626	2
1	12796627	12824603	0
1	12824604	12831408	1
1	12831409	12847406	0
1	12847407	12848723	1
1	12848724	12857084	0
1	12857085	12861907	2
1	12861908	12879222	0
1	12879223	12886199	1
1	12886200	12892894	0
1	12892895	12898268	1
1	12898269	12916608	0
1	12916609	12920480	2
1	12920481	12938470	0
1	12938471	12947578	1
1	12947579	13049474	0
1	13049475	13056489	1
1	13056490	13060867	0
1	13060868	13062227	2
1	13062228	13068675	0
1	13068676	13077882	2
1	13077883	13115494	0
1	13115495	13116852	1
1	13116853	13148903	0
1	13148904	13155959	1
1	13155960	13164584	0
1	13164585	13165465	1
1	13165466	13172453	0
1	13172454	13179462	2
1	13179463	13196328	0
1	13196329	13201407	1
1	13201408	13222703	0
1	13222704	13226104	1
1	13226105	13254210	0
1	13254211	13263312	2
1	13263313	13281033	0
1	13281034	13285172	1
1	13285173	13303537	0
1	13303538	13308905	2
1	13308906	13315579	0
1	13315580	13322596	2
1	13322597	13342364	0
1	13342365	13347132	1
1	13347133	13369065	0
1	13369066	13371898	1
1	13371899	13389630	0
1	13389631	13392627	2
1	13392628	13410448	0
1	13410449	13421326	2
1	13421327	13474975	0
1	13474976	13514046	1
1	13514047	13583463	0
1	13583464	13617955	2
1	13617956	13700196	0
1	13700197	13825077	2
1	13825078	13892790	0
1	13892791	15118041	2
1	15118042	15152530	0
1	15152531	15220478	2
1	15220479	15247270	0
1	15247271	15398124	2
1	15398125	15409893	0
1	15409894	15430341	2
1	15430342	15438437	0
1	15438438	15449240	2
1	15449241	15456727	0
1	15456728	15472089	2
1	15472090	15476099	0
1	15476100	15490830	2
1	15490831	15491398	3
1	15491399	15526532	1
1	15526533	15526811	0
1	15526812	15572351	2
1	15572352	15576090	3
1	15576091	15585108	1
1	15585109	15617498	0
1	15617499	15669042	2
1	15669043	15684330	0
1	15684331	15734767	2
1	15734768	15736403	0
1	15736404	15741394	2
1	15741395	15742420	0
1	15742421	15747980	2
1	15747981	15756605	0
1	15756606	15786592	2
1	15786593	15807167	0
1	15807168	15809346	1
1	15809347	15847862	0
1	15847863	15940458	2
1	15940459	15941867	0
1	15941868	15976130	1
1	15976131	16004234	0
1	16004235	16008805	2
1	16008806	16014026	0
1	16014027	16019592	1
1	16019593	16021869	0
1	16021870	16034048	2
1	16034049	16043734	0
1	16043735	16057306	2
1	16057307	16057767	0
1	16057768	16073624	1
1	16073625	16124335	0
1	16124336	16156085	1
1	16156086	16198102	0
1	16198103	16212607	1
1	16212608	16231698	0
1	16231699	16237160	1
1	16237161	16246837	0
1	16246838	16352452	1
1	16352453	16367081	0
1	16367082	16387115	2
1	16387116	16398140	3
1	16398141	16398143	2
1	16398144	16437422	1
1	16437423	16440670	0
1	16440671	16460076	2
1	16460077	16562317	0
1	16562318	16613485	1
1	16613486	16921948	0
1	16921949	16972977	2
1	16972978	16974500	0
1	16974501	16980833	1
1	16980834	16985956	0
1	16985957	17011926	1
1	17011927	17018720	0
1	17018721	17054168	1
1	17054169	17066759	0
1	17066760	17119433	1
1	17119434	17205124	0
1	17205125	17246003	2
1	17246004	17249096	0
1	17249097	17284231	2
1	17284232	17308193	0
1	17308194	17364002	2
1	17364003	17372194	0
1	17372195	17401697	2
1	17401698	17406758	0
1	17406759	17439722	1
1	17439723	17539833	0
1	17539834	17697867	2
1	17697868	17755311	0
1	17755312	17827061	2
1	17827062	18107744	0
1	18107745	18378480	2
1	18378481	18480980	0
1	18480981	18486124	2
1	18486125	18631004	0
1	18631005	18748864	2
1	18748865	18839597	0
1	18839598	18859680	1
1	18859681	18871428	0
1	18871429	18902779	1
1	18902780	18904279	0
1	18904280	18956684	1
1	18956685	19074504	0
1	19074505	19210274	1
1	19210275	19215662	0
1	19215663	19251537	1
1	19251538	19251550	3
1	19251551	19260126	2
1	19260127	19282556	0
1	19282557	19289248	1
1	19289249	19303963	0
1	19303964	19312144	1
1	19312145	19312324	0
1	19312325	19329298	2
1	19329299	19338774	0
1	19338775	19484401	1
1	19484402	19485511	3
1	19485512	19658454	2
1	19658455	19665285	0
1	19665286	19679560	2
1	19679561	19682211	0
1	19682212	19799915	1
1	19799916	19814027	0
1	19814028	19815276	1
1	19815277	19882511	0
1	19882512	19912943	2
1	19912944	19920007	0
1	19920008	19923615	1
1	19923616	19975429	0
1	19975430	19980414	1
1	19980415	20070206	0
1	20070207	20091166	2
1	20091167	20111937	0
1	20111938	20119564	1
1	20119565	20139324	0
1	20139325	20150384	2
1	20150385	20161251	0
1	20161252	20177422	1
1	20177423	20186083	0
1	20186084	20196046	2
1	20196047	20290917	0
1	20290918	20354892	2
1	20354893	20482389	0
1	20482390	20486218	1
1	20486219	20499446	0
1	20499447	20508159	1
1	20508160	20552437	0
1	20552438	20555008	2
1	20555009	20588946	0
1	20588947	20618906	2
1	20618907	20633453	0
1	20633454	20651509	2
1	20651510	20651765	0
1	20651766	20661542	1
1	20661543	20664012	0
1	20664013	20718015	1
1	20718016	20719730	0
1	20719731	20732835	1
1	20732836	20742659	0
1	20742660	20787321	1
1	20787322	20806290	0
1	20806291	21176886	1
1	21176887	21217245	0
1	21217246	21345570	1
1	21345571	21440126	0
1	21440127	21484898	2
1	21484899	21509370	0
1	21509371	21578410	2
1	21578411	21596213	0
1	21596214	21669361	1
1	21669362	21678296	0
1	21678297	21783604	1
1	21783605	21812263	0
1	21812264	21822243	2
1	21822244	21825219	3
1	21825220	21937295	1
1	21937296	21977019	0
1	21977020	21998640	2
1	21998641	22001654	0
1	22001655	22012537	2
1	22012538	22025509	0
1	22025510	22101358	2
1	22101359	22117303	0
1	22117304	22143967	1
1	22143968	22428836	0
1	22428837	22531155	2
1	22531156	22563562	0
1	22563563	22603592	2
1	22603593	22636504	0
1	22636505	22639606	2
1	22639607	22643628	0
1	22643629	22648108	2
1	22648109	22652760	0
1	22652761	22661536	2
1	22661537	22710837	0
1	22710838	22921498	2
1	22921499	22953041	0
1	22953042	22965336	1
1	22965337	23010832	0
1	23010833	23015848	1
1	23015849	23019441	0
1	23019442	23083687	2
1	23083688	23084021	0
1	23084022	23177806	1
1	23177807	23191893	0
1	23191894	23194727	1
1	23194728	23304686	0
1	23304687	23344334	1
1	23344335	23359446	0
1	23359447	23369440	1
1	23369441	23381059	0
1	23381060	23424738	1
1	23424739	23428561	0
1	23428562	23484566	1
1	23484567	23506428	0
1	23506429	23531218	1
1	23531219	23557916	0
1	23557917	23559792	1
1	23559793	23691740	0
1	23691741	23696833	2
1	23696834	23743153	0
1	23743154	23762057	2
1	23762058	23778403	0
1	23778404	23788230	2
1	23788231	23790968	0
1	23790969	23795537	2
1	23795538	23795597	0
1	23795598	23800802	1
1	23800803	23801883	0
1	23801884	23825457	1
1	23825458	23845075	0
1	23845076	23868292	1
1	23868293	23870524	0
1	23870525	23913360	1
1	23913361	23956837	0
1	23956838	23963460	2
1	23963461	23964802	0
1	23964803	23980354	1
1	23980355	24056033	0
1	24056034	24112173	1
1	24112174	24119769	0
1	24119770	24143119	1
1	24143120	24154155	0
1	24154156	24187957	1
1	24187958	24319320	0
1	24319321	24356997	2
1	24356998	24364480	3
1	24364481	24415095	1
1	24415096	24415792	0
1	24415793	24472974	2
1	24472975	24502349	0
1	24502350	24541038	2
1	24541039	24556109	0
1	24556110	24609323	2
1	24609324	24641229	0
1	24641230	24673265	2
1	24673266	24745355	0
1	24745356	24844322	2
1	24844323	24899509	0
1	24899510	24965008	1
1	24965009	25222677	0
1	25222678	25232491	1
1	25232492	25242235	0
1	25242236	25272391	1
1	25272392	25330443	3
1	25330444	25337915	1
1	25337916	25338098	3
1	25338099	25338211	1
1	25338212	25362247	2
1	25362248	25362359	3
1	25362360	25430190	1
1	25430191	25430856	0
1	25430857	25500207	2
1	25500208	25543578	0
1	25543579	25568884	2
1	25568885	25617466	0
1	25617467	25786205	2
1	25786206	25800174	0
1	25800175	25818222	2
1	25818223	25818638	0
1	25818639	25831911	2
1	25831912	25832939	3
1	25832940	25832940	2
1	25832941	25859456	1
1	25859457	25861208	0
1	25861209	25871251	1
1	25871252	25885438	0
1	25885439	25906989	1
1	25906990	25959765	0
1	25959766	25998155	1
1	25998156	26021778	0
1	26021779	26036462	2
1	26036463	26037250	0
1	26037251	26046131	1
1	26046132	26051302	0
1	26051303	26067631	1
1	26067632	26111163	0
1	26111164	26125541	2
1	26125542	26159018	0
1	26159019	26163960	2
1	26163961	26164159	0
1	26164160	26168579	1
1	26168580	26169514	0
1	26169515	26169869	1
1	26169870	26170871	3
1	26170872	26171829	1
1	26171830	26177401	0
1	26177402	26189884	2
1	26189885	26190559	0
1	26190560	26202966	2
1	26202967	26234198	0
1	26234199	26278806	2
1	26278807	26279174	0
1	26279175	26281326	2
1	26281327	26281520	3
1	26281521	26317955	1
1	26317956	26318263	3
1	26318264	26318361	1
1	26318362	26320521	2
1	26320522	26321696	0
1	26321697	26360078	1
1	26360079	26361632	0
1	26361633	26374520	1
1	26374521	26410776	0
1	26410777	26429720	2
1	26429721	26432314	0
1	26432315	26471292	2
1	26471293	26472513	0
1	26472514	26475970	2
1	26475971	26529765	0
1	26529766	26575023	2
1	26575024	26693234	0
1	26693235	26782108	2
1	26782109	26787470	0
1	26787471	26798396	2
1	26798397	26826708	0
1	26826709	26857600	2
1	26857601	26863136	0
1	26863137	26864455	2
1	26864456	26876131	0
1	26876132	26890295	1
1	26890296	26890486	0
1	26890487	26900236	1
1	26900237	26900464	3
1	26900465	26911487	2
1	26911488	26913964	3
1	26913965	26946860	2
1	26946861	26949560	0
1	26949561	26960404	1
1	26960405	26993705	0
1	26993706	27000896	2
1	27000897	27005018	0
1	27005019	27012834	1
1	27012835	27098813	0
1	27098814	27166979	1
1	27166980	27234514	0
1	27234515	27308631	2
1	27308632	27322143	0
1	27322144	27336398	2
1	27336399	27342018	0
1	27342019	27353930	2
1	27353931	27355182	0
1	27355183	27366890	1
1	27366891	27369110	0
1	27369111	27374822	1
1	27374823	27379174	0
1	27379175	27383378	1
1	27383379	27392642	0
1	27392643	27395812	2
1	27395813	27404224	0
1	27404225	27490156	1
1	27490157	27534033	0
1	27534034	27604175	1
1	27604176	27612062	0
1	27612063	27635275	1
1	27635276	27666059	0
1	27666060	27672216	1
1	27672217	27725977	0
1	27725978	27763120	2
1	27763121	27773181	0
1	27773182	27824450	2
1	27824451	27830776	0
1	27830777	27851674	2
1	27851675	27872541	0
1	27872542	27886683	2
1	27886684	27891522	0
1	27891523	27914744	1
1	27914745	27934991	0
1	27934992	27959155	2
1	27959156	27959460	0
1	27959461	27968094	2
1	27968095	27970342	0
1	27970343	28088694	1
1	28088695	28147164	0
1	28147165	28193934	1
1	28193935	28199454	0
1	28199455	28233023	1
1	28233024	28236107	0
1	28236108	28246904	2
1	28246905	28259525	0
1	28259526	28282489	2
1	28282490	28329036	0
1	28329037	28335965	2
1	28335966	28369601	0
1	28369602	28500367	2
1	28500368	28505941	0
1	28505942	28539298	2
1	28539299	28553083	0
1	28553084	28578543	2
1	28578544	28592198	0
1	28592199	28595441	2
1	28595442	28602848	0
1	28602849	28643064	1
1	28643065	28668730	0
1	28668731	28719351	2
1	28719352	28736619	0
1	28736620	28769773	2
1	28769774	28812140	0
1	28812141	28871265	2
1	28871266	28887089	0
1	28887090	29119426	2
1	29119427	29120018	3
1	29120019	29120044	2
1	29120045	29123933	1
1	29123934	29147741	0
1	29147742	29181985	1
1	29181986	29192871	0
1	29192872	29230930	1
1	29230931	29236514	0
1	29236515	29326811	2
1	29326812	30711275	0
1	30711276	30723585	1
1	30723586	30732467	0
1	30732468	30757818	1
1	30757819	30869465	0
1	30869466	30908759	1
1	30908760	30931504	0
1	30931505	31065989	1
1	31065990	31179743	0
1	31179744	31239552	1
1	31239553	31259566	0
1	31259567	31296768	1
1	31296769	31296980	0
1	31296981	31364951	2
1	31364952	31365623	0
1	31365624	31376848	1
1	31376849	31409563	0
1	31409564	31434678	2
1	31434679	31576483	0
1	31576484	31587684	2
1	31587685	31617698	0
1	31617699	31629860	2
1	31629861	31632516	3
1	31632517	31644885	1
1	31644886	31652245	0
1	31652246	31704317	1
1	31704318	31727115	0
1	31727116	31764891	1
1	31764892	31790420	0
1	31790421	31816049	1
1	31816050	31906419	0
1	31906420	31942574	1
1	31942575	32013827	0
1	32013828	32043880	2
1	32043881	32072900	0
1	32072901	32102859	2
1	32102860	32108036	0
1	32108037	32176566	2
1	32176567	32179684	0
1	32179685	32198283	2
1	32198284	32200384	0
1	32200385	32205385	2
1	32205386	32205659	0
1	32205660	32208685	2
1	32208686	32209092	0
1	32209093	32216194	2
1	32216195	32216195	0
1	32216196	32221926	1
1	32221927	32222323	3
1	32222324	32222341	1
1	32222342	32231602	2
1	32231603	32247231	0
1	32247232	32248854	2
1	32248855	32251237	0
1	32251238	32286163	2
1	32286164	32292084	0
1	32292085	32333633	2
1	32333634	32333830	0
1	32333831	32336377	1
1	32336378	32353452	0
1	32353453	32361268	2
1	32361269	32362241	3
1	32362242	32364310	2
1	32364311	32365101	0
1	32365102	32394446	1
1	32394447	32465067	0
1	32465068	32496684	2
1	32496685	32539425	0
1	32539426	32600170	2
1	32600171	32605937	3
1	32605938	32650582	1
1	32650583	32651140	0
1	32651141	32680358	2
1	32680359	32686209	3
1	32686210	32703594	1
1	32703595	32741883	0
1	32741884	32774968	2
1	32774969	32775237	0
1	32775238	32816765	1
1	32816766	32818151	3
1	32818152	32858877	2
1	32858878	32862266	0
1	32862267	32872478	1
1	32872479	32886433	0
1	32886434	32894593	2
1	32894594	32894644	3
1	32894645	32901387	1
1	32901388	32936443	0
1	32936444	32964683	1
1	32964684	33007938	0
1	33007939	33036990	1
1	33036991	33081111	0
1	33081112	33120527	2
1	33120528	33145400	0
1	33145401	33181664	1
1	33181665	33256543	0
1	33256544	33300717	2
1	33300718	33306764	0
1	33306765	33321096	1
1	33321097	33323621	0
1	33323622	33375591	1
1	33375592	33472643	0
1	33472644	33496505	2
1	33496506	33513997	0
1	33513998	33860473	1
1	33860474	33864789	3
1	33864790	34165840	1
1	34165841	34166881	0
1	34166882	34219129	2
1	34219130	34755045	0
1	34755046	34758510	2
1	34758511	34759739	0
1	34759740	34763722	2
1	34763723	34781187	0
1	34781188	34786367	2
1	34786368	34792996	0
1	34792997	34795745	2
1	34795746	34852667	0
1	34852668	34859814	1
1	34859815	34865434	0
1	34865435	34929583	1
1	34929584	34974354	0
1	34974355	34985351	1
1	34985352	34986978	0
1	34986979	35031966	1
1	35031967	35032170	0
1	35032171	35115857	2
1	35115858	35182930	0
1	35182931	35193146	1
1	35193147	35268965	0
1	35268966	35422056	2
1	35422057	35433488	0
1	35433489	35557471	1
1	35557472	35557653	3
1	35557654	35567272	2
1	35567273	35573368	0
1	35573369	35595326	2
1	35595327	35599542	0
1	35599543	35641842	1
1	35641843	35713873	0
1	35713874	35719470	1
1	35719471	35720216	0
1	35720217	35769965	1
1	35769966	35808170	0
1	35808171	35857888	2
1	35857889	35869806	0
1	35869807	35930526	2
1	35930527	35930716	0
1	35930717	36072498	2
1	36072499	36084073	0
1	36084074	36088273	2
1	36088274	36088873	0
1	36088874	36093930	2
1	36093931	36095234	0
1	36095235	36125218	1
1	36125219	36136568	0
1	36136569	36155577	1
1	36155578	36156051	3
1	36156052	36180847	2
1	36180848	36224414	0
1	36224415	36305355	2
1	36305356	36306385	0
1	36306386	36321228	2
1	36321229	36322029	0
1	36322030	36324152	1
1	36324153	36339622	0
1	36339623	36385894	1
1	36385895	36393428	0
1	36393429	36397890	1
1	36397891	36415825	0
1	36415826	36450449	1
1	36450450	36455716	0
1	36455717	36464435	1
1	36464436	36466041	0
1	36466042	36483276	1
1	36483277	36795525	0
1	36795526	37034127	1
1	37034128	37474550	0
1	37474551	37484377	2
1	37484378	37492573	0
1	37492574	37514772	1
1	37514773	37534447	0
1	37534448	37554342	1
1	37554343	37556917	0
1	37556918	37566814	2
1	37566815	37566855	3
1	37566856	37595919	1
1	37595920	37611348	0
1	37611349	37634921	1
1	37634922	37681568	0
1	37681569	37692247	1
1	37692248	37692416	0
1	37692417	37709717	2
1	37709718	37715852	0
1	37715853	37765131	1
1	37765132	37793800	0
1	37793801	37801135	2
1	37801136	37802942	0
1	37802943	37806977	1
1	37806978	37808183	3
1	37808184	37809452	2
1	37809453	37809565	0
1	37809566	37859618	1
1	37859619	37860695	0
1	37860696	37947055	1
1	37947056	37956973	0
1	37956974	37990919	1
1	37990920	37996768	0
1	37996769	38005503	1
1	38005504	38012740	0
1	38012741	38024822	2
1	38024823	38044609	0
1	38044610	38046792	1
1	38046793	38838196	0
1	38838197	38859821	1
1	38859822	38862962	0
1	38862963	38881600	1
1	38881601	38885805	0
1	38885806	38941797	1
1	38941798	38991221	0
1	38991222	39006057	2
1	39006058	39026316	0
1	39026317	39034634	2
1	39034635	39081314	0
1	39081315	39487175	2
1	39487176	39491644	0
1	39491645	39525933	2
1	39525934	39560814	0
1	39560815	39576788	1
1	39576789	39624151	0
1	39624152	39639943	1
1	39639944	39659119	0
1	39659120	39672036	1
1	39672037	39678646	0
1	39678647	39691687	1
1	39691688	39692180	0
1	39692181	39757180	2
1	39757181	39763912	3
1	39763913	39788859	1
1	39788860	39841020	0
1	39841021	39883504	1
1	39883505	39895424	0
1	39895425	39902254	1
1	39902255	39955110	0
1	39955111	39969966	2
1	39969967	40040231	0
1	40040232	40071459	2
1	40071460	40072647	3
1	40072648	40097725	1
1	40097726	40161371	0
1	40161372	40240919	2
1	40240920	40247899	0
1	40247900	40251689	2
1	40251690	40258105	0
1	40258106	40294182	2
1	40294183	40300485	0
1	40300486	40317292	1
1	40317293	40344848	0
1	40344849	40423324	2
1	40423325	40450105	0
1	40450106	40463716	2
1	40463717	40477213	0
1	40477214	40496341	2
1	40496342	40508739	0
1	40508740	40516554	2
1	40516555	40531559	0
1	40531560	40548167	2
1	40548168	40620677	0
1	40620678	40665655	1
1	40665656	40691687	0
1	40691688	40771601	2
1	40771602	40783812	0
1	40783813	40840450	2
1	40840451	40861049	0
1	40861050	40862364	1
1	40862365	40979333	0
1	40979334	41012563	2
1	41012564	41015595	0
1	41015596	41023235	1
1	41023236	41027198	0
1	41027199	41242114	1
1	41242115	41361929	0
1	41361930	41382676	2
1	41382677	41478773	0
1	41478774	41484669	1
1	41484670	41506363	0
1	41506364	41918705	1
1	41918706	42153419	0
1	42153420	42155822	2
1	42155823	42162689	0
1	42162690	42164716	1
1	42164717	42176537	0
1	42176538	42335875	1
1	42335876	42380793	0
1	42380794	42422576	2
1	42422577	42430327	0
1	42430328	42456115	1
1	42456116	42456265	3
1	42456266	42460412	2
1	42460413	42463352	0
1	42463353	42654662	2
1	42654663	42658423	0
1	42658424	42676756	2
1	42676757	42682425	0
1	42682426	42702347	2
1	42702348	42733091	0
1	42733092	42740252	1
1	42740253	42746333	0
1	42746334	42767082	1
1	42767083	42767267	0
1	42767268	42779486	2
1	42779487	42785030	0
1	42785031	42800816	2
1	42800817	42807050	0
1	42807051	42817086	1
1	42817087	42817250	3
1	42817251	42844991	2
1	42844992	42846571	0
1	42846572	42852475	2
1	42852476	42925373	0
1	42925374	42959174	1
1	42959175	43145151	0
1	43145152	43156394	2
1	43156395	43164173	0
1	43164174	43172147	1
1	43172148	43172568	3
1	43172569	43254356	2
1	43254357	43269992	0
1	43269993	43274000	2
1	43274001	43281881	0
1	43281882	43285615	1
1	43285616	43300991	0
1	43300992	43323106	2
1	43323107	43337847	0
1	43337848	43352770	2
1	43352771	43358953	0
1	43358954	43363201	2
1	43363202	43363395	0
1	43363396	43368072	1
1	43368073	43383915	0
1	43383916	43389806	1
1	43389807	43389880	0
1	43389881	43451001	2
1	43451002	43451150	3
1	43451151	43451152	2
1	43451153	43453714	3
1	43453715	43454245	2
1	43454246	43530874	0
1	43530875	43623664	2
1	43623665	43650156	0
1	43650157	43705513	2
1	43705514	43707495	0
1	43707496	43931163	2
1	43931164	43933318	0
1	43933319	43937239	2
1	43937240	43946937	0
1	43946938	43968020	2
1	43968021	43970002	0
1	43970003	43973367	2
1	43973368	43974485	0
1	43974486	43978293	2
1	43978294	43979200	0
1	43979201	43991168	2
1	43991169	43991498	0
1	43991499	43991606	1
1	43991607	43996526	3
1	43996527	44031460	1
1	44031461	44118848	0
1	44118849	44135138	2
1	44135139	44137819	0
1	44137820	44141629	1
1	44141630	44213453	0
1	44213454	44220679	2
1	44220680	44221068	0
1	44221069	44355258	1
1	44355259	44405192	0
1	44405193	44635236	2
1	44635237	44651721	3
1	44651722	44651722	2
1	44651723	44674553	1
1	44674554	44674711	0
1	44674712	44725589	2
1	44725590	44739816	0
1	44739817	44767765	2
1	44767766	44775435	0
1	44775436	44778777	2
1	44778778	44783583	0
1	44783584	44787703	1
1	44787704	44800223	0
1	44800224	44805911	2
1	44805912	44805988	3
1	44805989	44806673	1
1	44806674	44808480	0
1	44808481	44814127	2
1	44814128	44819842	0
1	44819843	44843061	1
1	44843062	44850520	0
1	44850521	44986720	1
1	44986721	45002538	0
1	45002539	45011327	1
1	45011328	45012145	0
1	45012146	45015573	2
1	45015574	45016397	0
1	45016398	45206554	1
1	45206555	45326903	0
1	45326904	45328531	2
1	45328532	45329161	0
1	45329162	45339668	1
1	45339669	45340445	3
1	45340446	45340468	1
1	45340469	45343881	2
1	45343882	45343973	3
1	45343974	45491164	1
1	45491165	45494390	0
1	45494391	45499972	1
1	45499973	45500051	0
1	45500052	45511034	2
1	45511035	45513380	3
1	45513381	45523045	1
1	45523046	45550541	0
1	45550542	45570047	2
1	45570048	45583844	0
1	45583845	45618902	2
1	45618903	45620043	0
1	45620044	45624055	1
1	45624056	45627302	0
1	45627303	45686628	1
1	45686629	45687212	0
1	45687213	45694322	2
1	45694323	45694441	3
1	45694442	45750648	1
1	45750649	45803611	0
1	45803612	46036122	2
1	46036123	46040138	0
1	46040139	46175085	1
1	46175086	46176486	3
1	46176487	46185956	2
1	46185957	46188680	0
1	46188681	46203332	1
1	46203333	46220289	3
1	46220290	46220303	1
1	46220304	46221259	2
1	46221260	46247686	0
1	46247687	46261194	2
1	46261195	46261356	3
1	46261357	46277460	2
1	46277461	46278471	3
1	46278472	46303606	1
1	46303607	46303629	0
1	46303630	46316774	2
1	46316775	46340175	0
1	46340176	46362190	2
1	46362191	46394263	0
1	46394264	46413843	2
1	46413844	46506994	0
1	46506995	46514224	2
1	46514225	46532164	0
1	46532165	46543967	1
1	46543968	46547378	0
1	46547379	46551525	1
1	46551526	46557406	0
1	46557407	46616889	1
1	46616890	46632735	0
1	46632736	46668452	1
1	46668453	46668853	0
1	46668854	46673592	2
1	46673593	46675157	0
1	46675158	46719062	1
1	46719063	46798996	0
1	46798997	46819411	2
1	46819412	46929175	0
1	46929176	46941463	1
1	46941464	47023566	0
1	47023567	47050749	2
1	47050750	47067486	0
1	47067487	47118317	2
1	47118318	47137448	0
1	47137449	47149739	2
1	47149740	47183591	0
1	47183592	47191042	1
1	47191043	47216288	0
1	47216289	47231713	1
1	47231714	47250137	0
1	47250138	47314145	1
1	47314146	47333795	0
1	47333796	47378837	2
1	47378838	47416070	0
1	47416071	47418050	2
1	47418051	47436015	0
1	47436016	47440689	2
1	47440690	47760526	0
1	47760527	47996893	1
1	47996894	48222683	0
1	48222684	48248642	2
1	48248643	48295370	0
1	48295371	48472206	1
1	48472207	48532853	0
1	48532854	50023911	1
1	50023912	50048012	0
1	50048013	50203784	2
1	50203785	50417548	0
1	50417549	50423498	1
1	50423499	50437026	0
1	50437027	50960261	1
1	50960262	50960743	0
1	50960744	50974631	2
1	50974632	51102219	0
1	51102220	51148084	2
1	51148085	51236269	0
1	51236270	51273453	2
1	51273454	51287256	0
1	51287257	51345114	1
1	51345115	51354261	0
1	51354262	51519326	1
1	51519327	51577177	0
1	51577178	51789189	2
1	51789190	51798425	3
1	51798426	51878935	1
1	51878936	51907954	0
1	51907955	51990762	1
1	51990763	52020129	0
1	52020130	52056123	1
1	52056124	52056169	3
1	52056170	52090714	2
1	52090715	52142092	0
1	52142093	52346684	2
1	52346685	52350591	0
1	52350592	52366191	1
1	52366192	52372827	0
1	52372828	52404457	1
1	52404458	52404562	0
1	52404563	52408280	2
1	52408281	52420837	3
1	52420838	52553485	1
1	52553486	52602370	0
1	52602371	52609049	2
1	52609050	52633342	0
1	52633343	52657063	2
1	52657064	52684449	0
1	52684450	52698364	1
1	52698365	52726465	0
1	52726466	52827340	2
1	52827341	52842509	0
1	52842510	52894996	2
1	52894997	52895908	0
1	52895909	52921772	1
1	52921773	52927227	0
1	52927228	53051701	2
1	53051702	53062050	0
1	53062051	53085500	2
1	53085501	53087177	0
1	53087178	53142615	1
1	53142616	53196427	0
1	53196428	53214097	2
1	53214098	53214195	3
1	53214196	53220615	1
1	53220616	53226890	0
1	53226891	53238608	1
1	53238609	53242362	0
1	53242363	53328052	1
1	53328053	53459397	0
1	53459398	53467486	2
1	53467487	53506235	0
1	53506236	53738104	1
1	53738105	53765458	0
1	53765459	53838858	1
1	53838859	53851731	0
1	53851732	53889832	1
1	53889833	53892165	0
1	53892166	53911084	2
1	53911085	53916572	0
1	53916573	53945927	1
1	53945928	53946075	0
1	53946076	53968166	2
1	53968167	54007297	0
1	54007298	54018184	1
1	54018185	54026679	0
1	54026680	54053502	1
1	54053503	54053599	0
1	54053600	54106080	2
1	54106081	54132966	0
1	54132967	54153768	1
1	54153769	54169649	0
1	54169650	54196402	1
1	54196403	54200165	0
1	54200166	54225431	2
1	54225432	54225462	3
1	54225463	54413477	1
1	54413478	54548226	0
1	54548227	54609180	2
1	54609181	54610325	3
1	54610326	54639190	2
1	54639191	54641752	0
1	54641753	54710260	2
1	54710261	54715820	0
1	54715821	54742655	2
1	54742656	54756896	0
1	54756897	54764512	1
1	54764513	54779710	0
1	54779711	54801265	1
1	54801266	54806061	0
1	54806062	54842250	2
1	54842251	54849625	0
1	54849626	54887269	1
1	54887270	54980790	0
1	54980791	54992291	2
1	54992292	54998191	0
1	54998192	55011782	2
1	55011783	55039546	0
1	55039547	55064850	2
1	55064851	55066357	0
1	55066358	55215111	1
1	55215112	56494745	0
1	56494746	56579566	1
1	56579567	56645320	0
1	56645321	56715333	2
1	56715334	56718802	0
1	56718803	56819369	1
1	56819370	56854804	0
1	56854805	56918219	2
1	56918220	56929208	0
1	56929209	56966138	1
1	56966139	56994776	0
1	56994777	57424055	1
1	57424056	58467925	0
1	58467926	58546800	1
1	58546801	58575421	0
1	58575422	58577771	1
1	58577772	58654737	0
1	58654738	58700090	1
1	58700091	58780786	0
1	58780787	58784325	1
1	58784326	59296636	0
1	59296637	59762728	2
1	59762729	59814784	0
1	59814785	59876376	2
1	59876377	59893306	0
1	59893307	59926788	1
1	59926789	59990392	0
1	59990393	60073768	1
1	60073769	60865257	0
1	60865258	61462791	2
1	61462792	61681044	0
1	61681045	61725421	1
1	61725422	61742404	0
1	61742405	62178673	2
1	62178674	62194829	0
1	62194830	62212326	2
1	62212327	62236977	0
1	62236978	62319412	1
1	62319413	62436295	0
1	62436296	62451802	2
1	62451803	62454724	0
1	62454725	62597485	1
1	62597486	62606157	3
1	62606158	62688366	1
1	62688367	62784133	0
1	62784134	62865511	2
1	62865512	63323039	0
1	63323040	63325124	2
1	63325125	63367588	0
1	63367589	63438560	2
1	63438561	63440771	0
1	63440772	63523213	1
1	63523214	63523388	0
1	63523389	63572691	2
1	63572692	63593274	0
1	63593275	63660243	2
1	63660244	63774020	0
1	63774021	64181496	2
1	64181497	64203625	0
1	64203626	64267366	2
1	64267367	64470790	0
1	64470791	64693056	2
1	64693057	64745093	0
1	64745094	64833230	2
1	64833231	64966502	1
1	64966503	65147547	0
1	65147548	65232143	2
1	65232144	65254460	0
1	65254461	65415867	2
1	65415868	65420585	0
1	65420586	65641557	2
1	65641558	65792512	0
1	65792513	66374577	2
1	66374578	66533381	0
1	66533382	66748297	2
1	66748298	66752458	0
1	66752459	66778785	2
1	66778786	66797739	0
1	66797740	66801254	1
1	66801255	66812883	0
1	66812884	66924885	1
1	66924886	66924893	0
1	66924894	66988617	2
1	66988618	66999330	0
1	66999331	67054097	1
1	67054098	67092163	0
1	67092164	67138905	1
1	67138906	67231850	3
1	67231851	67231851	1
1	67231852	67259977	2
1	67259978	67307362	0
1	67307363	67397088	2
1	67397089	67407808	0
1	67407809	67430413	1
1	67430414	67685059	0
1	67685060	67688336	2
1	67688337	67701464	0
1	67701465	67833465	1
1	67833466	68045894	0
1	68045895	68051629	1
1	68051630	68098471	0
1	68098472	68233118	1
1	68233119	68428820	0
1	68428821	68449957	1
1	68449958	68474150	0
1	68474151	68497219	1
1	68497220	69568396	0
1	69568397	70123486	2
1	70123487	70144803	0
1	70144804	70205618	1
1	70205619	70205680	0
1	70205681	70253050	2
1	70253051	70260586	0
1	70260587	70354732	1
1	70354733	70354803	0
1	70354804	70385337	2
1	70385338	70411216	0
1	70411217	70439849	2
1	70439850	70852351	0
1	70852352	71047806	1
1	71047807	71063289	0
1	71063290	71081295	1
1	71081296	71395938	0
1	71395939	72282732	1
1	72282733	74026013	0
1	74026014	74198185	1
1	74198186	74198210	0
1	74198211	74469876	2
1	74469877	74512612	3
1	74512613	74544422	2
1	74544423	74568109	0
1	74568110	74673736	1
1	74673737	74705480	0
1	74705481	74733150	1
1	74733151	74733406	3
1	74733407	74766672	2
1	74766673	75128432	0
1	75128433	75161531	2
1	75161532	75202129	0
1	75202130	75611114	1
1	75611115	75724345	0
1	75724346	75763677	2
1	75763678	75786199	0
1	75786200	75795077	2
1	75795078	75796880	0
1	75796881	75913236	2
1	75913237	75918871	0
1	75918872	75932429	1
1	75932430	76074717	0
1	76074718	76634599	2
1	76634600	76867439	0
1	76867440	77065709	2
1	77065710	77088988	0
1	77088989	77219428	1
1	77219429	77282049	0
1	77282050	77559967	2
1	77559968	77564498	0
1	77564499	77683417	1
1	77683418	77695985	0
1	77695986	77759850	1
1	77759851	77779622	0
1	77779623	77879537	2
1	77879538	77888511	0
1	77888512	77943893	2
1	77943894	77948403	0
1	77948404	77979108	1
1	77979109	77980182	0
1	77980183	78017962	2
1	78017963	78045900	0
1	78045901	78138447	2
1	78138448	78303882	0
1	78303883	78539747	2
1	78539748	78619920	0
1	78619921	78646143	2
1	78646144	78649829	0
1	78649830	78664076	2
1	78664077	78889762	0
1	78889763	79006716	1
1	79006717	81306164	0
1	81306165	81992421	2
1	81992422	83865026	0
1	83865027	83999148	1
1	83999149	84078060	0
1	84078061	84238496	2
1	84238497	84298364	0
1	84298365	84389955	2
1	84389956	84398530	0
1	84398531	84415016	2
1	84415017	84479257	0
1	84479258	84497788	2
1	84497789	84498323	0
1	84498324	84506395	1
1	84506396	84506563	3
1	84506564	84549604	2
1	84549605	84554537	3
1	84554538	84574462	1
1	84574463	84643705	0
1	84643706	84690801	1
1	84690802	84811600	0
1	84811601	84893211	1
1	84893212	84925581	0
1	84925582	84997110	1
1	84997111	84999145	0
1	84999146	85018080	2
1	85018081	85048444	3
1	85048445	85133136	2
1	85133137	85156871	0
1	85156872	85201044	1
1	85201045	85251966	0
1	85251967	85259640	1
1	85259641	85265774	0
1	85265775	85276902	1
1	85276903	85318479	0
1	85318480	85578361	1
1	85578362	85580759	0
1	85580760	85583960	2
1	85583961	85649421	0
1	85649422	85708431	1
1	85708432	85729231	0
1	85729232	86156941	1
1	86156942	86346822	0
1	86346823	86396340	1
1	86396341	86424084	0
1	86424085	86456556	2
1	86456557	86468366	0
1	86468367	86500287	2
1	86500288	86547076	0
1	86547077	86580752	2
1	86580753	86704568	0
1	86704569	86748182	2
1	86748183	86862443	0
1	86862444	86914422	1
1	86914423	86914646	0
1	86914647	87169202	2
1	87169203	87328466	0
1	87328467	87348921	2
1	87348922	88684220	0
1	88684221	88836253	2
1	88836254	88852930	0
1	88852931	88891616	1
1	88891617	88935771	0
1	88935772	88992958	1
1	88992959	89006664	0
1	89006665	89022880	1
1	89022881	89052317	0
1	89052318	89065358	1
1	89065359	89107998	0
1	89107999	89126112	1
1	89126113	89131749	0
1	89131750	89176038	1
1	89176039	89181146	0
1	89181147	89198930	1
1	89198931	89260580	0
1	89260581	89272802	1
1	89272803	89364056	0
1	89364057	89386459	2
1	89386460	89524834	0
1	89524835	89597862	2
1	89597863	89633070	0
1	89633071	89719531	2
1	89719532	89821012	0
1	89821013	89936609	2
1	89936610	89995113	0
1	89995114	90035529	2
1	90035530	90711537	0
1	90711538	90717235	1
1	90717236	90915296	0
1	90915297	91022270	1
1	91022271	91260764	0
1	91260765	91404867	1
1	91404868	91500891	0
1	91500892	91525762	2
1	91525763	91680343	0
1	91680344	91906333	1
1	91906334	91949369	0
1	91949370	92014424	2
1	92014425	92029980	0
1	92029981	92063534	2
1	92063535	92074531	0
1	92074532	92075439	1
1	92075440	92080303	0
1	92080304	92184723	2
1	92184724	92217938	0
1	92217939	92245811	2
1	92245812	92246400	0
1	92246401	92298963	1
1	92298964	92298974	3
1	92298975	92402054	2
1	92402055	92474760	0
1	92474761	92486874	1
1	92486875	92508694	0
1	92508695	92792402	1
1	92792403	92831981	0
1	92831982	92832735	2
1	92832736	92841922	3
1	92841923	92961520	1
1	92961521	93079233	0
1	93079234	93139079	2
1	93139080	93149740	0
1	93149741	93179917	1
1	93179918	93180726	3
1	93180727	93278728	2
1	93278729	93345886	0
1	93345887	93369496	2
1	93369497	93448129	0
1	93448130	93554659	2
1	93554660	93561784	0
1	93561785	93847148	1
1	93847149	93866281	0
1	93866282	93879204	1
1	93879205	93885203	0
1	93885204	93909454	1
1	93909455	93992833	0
1	93992834	94121130	1
1	94121131	94171749	0
1	94171750	94237631	1
1	94237632	94418453	0
1	94418454	94518661	2
1	94518662	94529223	0
1	94529224	94541798	1
1	94541799	94820340	0
1	94820341	94895244	2
1	94895245	94896947	0
1	94896948	94927276	1
1	94927277	94974405	0
1	94974406	95072943	1
1	95072944	95117336	0
1	95117337	95247223	2
1	95247224	96721781	0
1	96721782	96823736	2
1	96823737	97077741	0
1	97077742	97921047	1
1	97921048	98661699	0
1	98661700	98760498	2
1	98760499	98890243	0
1	98890244	99005030	1
1	99005031	99263951	0
1	99263952	99309588	2
1	99309589	99645941	0
1	99645942	99694539	2
1	99694540	99708630	0
1	99708631	99766628	1
1	99766629	99850082	0
1	99850083	99924021	2
1	99924022	99969349	0
1	99969350	100082696	2
1	100082697	100083561	0
1	100083562	100132953	1
1	100132954	100133148	0
1	100133149	100148447	2
1	100148448	100150495	3
1	100150496	100178271	1
1	100178272	100186917	0
1	100186918	100249832	1
1	100249833	100266205	0
1	100266206	100292767	2
1	100292768	100345020	0
1	100345021	100520276	2
1	100520277	100538135	0
1	100538136	100542016	2
1	100542017	100719740	0
1	100719741	100739043	2
1	100739044	100872370	0
1	100872371	100895996	1
1	100895997	100896074	0
1	100896075	100981751	2
1	100981752	100990061	0
1	100990062	101025770	1
1	101025771	101236863	0
1	101236864	101241516	2
1	101241517	101802572	0
1	101802573	101997028	1
1	101997029	102876465	0
1	102876466	103108870	1
1	103108871	103525689	0
1	103525690	103579528	2
1	103579529	103616809	0
1	103616810	103625778	2
1	103625779	103655288	0
1	103655289	103664552	2
1	103664553	103687413	0
1	103687414	103696678	1
1	103696679	103750404	0
1	103750405	103758688	2
1	103758689	107056677	0
1	107056678	107059292	2
1	107059293	107140005	0
1	107140006	107483456	2
1	107483457	107571158	0
1	107571159	107965142	1
1	107965143	108134034	0
1	108134035	108200847	1
1	108200848	108223339	0
1	108223340	108244079	1
1	108244080	108450280	0
1	108450281	108471000	2
1	108471001	108560087	0
1	108560088	108644898	2
1	108644899	108648288	0
1	108648289	108661524	1
1	108661525	108692321	0
1	108692322	108701801	2
1	108701802	108712655	0
1	108712656	108742738	2
1	108742739	108746686	0
1	108746687	108809524	2
1	108809525	108815896	0
1	108815897	108875348	1
1	108875349	108934543	3
1	108934544	108963482	1
1	108963483	108970212	0
1	108970213	109042111	1
1	109042112	109064138	0
1	109064139	109076000	1
1	109076001	109089801	0
1	109089802	109096932	2
1	109096933	109105949	0
1	109105950	109113677	1
1	109113678	109113855	3
1	109113856	109203227	2
1	109203228	109213916	0
1	109213917	109238146	2
1	109238147	109250017	0
1	109250018	109275748	2
1	109275749	109279554	0
1	109279555	109283184	1
1	109283185	109292363	0
1	109292364	109307039	1
1	109307040	109309566	0
1	109309567	109397949	1
1	109397950	109399029	0
1	109399030	109426349	1
1	109426350	109466626	0
1	109466627	109482135	2
1	109482136	109483937	0
1	109483938	109492732	2
1	109492733	109494050	0
1	109494051	109502930	2
1	109502931	109504173	0
1	109504174	109509736	1
1	109509737	109539870	0
1	109539871	109547258	2
1	109547259	109548609	0
1	109548610	109603265	2
1	109603266	109613055	3
1	109613056	109618319	2
1	109618320	109619835	1
1	109619836	109619927	3
1	109619928	109632049	2
1	109632050	109656079	0
1	109656080	109709547	2
1	109709548	109711778	0
1	109711779	109718264	2
1	109718265	109733930	0
1	109733931	109741036	1
1	109741037	109750078	0
1	109750079	109764025	1
1	109764026	109910240	0
1	109910241	109930990	2
1	109930991	109984684	0
1	109984685	110023739	2
1	110023740	110031575	0
1	110031576	110054639	2
1	110054640	110059992	0
1	110059993	110070698	1
1	110070699	110112466	0
1	110112467	110113943	2
1	110113944	110150484	0
1	110150485	110202200	2
1	110202201	110211471	0
1	110211472	110249122	2
1	110249123	110338504	0
1	110338505	110346679	2
1	110346680	110362846	0
1	110362847	110391080	1
1	110391081	110401247	0
1	110401248	110407940	1
1	110407941	110451198	0
1	110451199	110457352	2
1	110457353	110517215	0
1	110517216	110519173	1
1	110519174	110593578	0
1	110593579	110631472	1
1	110631473	110672463	0
1	110672464	110675031	1
1	110675032	110871186	0
1	110871187	110899926	2
1	110899927	110947183	0
1	110947184	110964077	1
1	110964078	111117331	0
1	111117332	111139625	1
1	111139626	111140038	3
1	111140039	111140214	1
1	111140215	111185100	2
1	111185101	111187172	0
1	111187173	111200769	1
1	111200770	111204407	3
1	111204408	111243438	2
1	111243439	111290860	0
1	111290861	111320564	2
1	111320565	111346286	0
1	111346287	111353011	2
1	111353012	111414312	0
1	111414313	111427775	1
1	111427776	111439888	0
1	111439889	111448934	1
1	111448935	111449374	3
1	111449375	111462771	2
1	111462772	111473790	0
1	111473791	111478510	2
1	111478511	111483346	0
1	111483347	111542216	1
1	111542217	111563960	3
1	111563961	111716689	2
1	111716690	111722062	0
1	111722063	111755303	1
1	111755304	111755795	3
1	111755796	111768014	2
1	111768015	111770660	0
1	111770661	111989153	1
1	111989154	112396179	0
1	112396180	112461162	2
1	112461163	112466539	0
1	112466540	112523516	2
1	112523517	112530163	3
1	112530164	112619171	1
1	112619172	112619187	3
1	112619188	112619416	1
1	112619417	112671617	2
1	112671618	112674419	0
1	112674420	112700744	2
1	112700745	112701104	0
1	112701105	112715475	1
1	112715476	112720417	0
1	112720418	112727233	2
1	112727234	112911845	0
1	112911846	112957011	1
1	112957012	113073207	0
1	113073208	113132258	2
1	113132259	113390747	0
1	113390748	113685921	2
1	113685922	113697200	0
1	113697201	113759474	1
1	113759475	113761830	0
1	113761831	113812474	1
1	113812475	113813809	0
1	113813810	113871757	1
1	113871758	113880701	0
1	113880702	113887545	1
1	113887546	113894746	0
1	113894747	113905139	1
1	113905140	113905199	3
1	113905200	113914084	2
1	113914085	113929190	0
1	113929191	113977867	2
1	113977868	113979389	0
1	113979390	113982252	2
1	113982253	114089290	0
1	114089291	114153917	1
1	114153918	114392775	0
1	114392776	114511158	1
1	114511159	114567555	0
1	114567556	114581637	1
1	114581638	114582846	0
1	114582847	114670109	1
1	114670110	114673096	0
1	114673097	114695616	1
1	114695617	114704467	0
1	114704468	114716892	1
1	114716893	114716911	0
1	114716912	114758674	1
1	114758675	114769477	0
1	114769478	114780683	1
1	114780684	114854801	0
1	114854802	114995368	2
1	114995369	115029822	0
1	115029823	115034307	2
1	115034308	115048009	0
1	115048010	115089498	1
1	115089499	115285916	0
1	115285917	115338234	1
1	115338235	115641951	0
1	115641952	115698222	2
1	115698223	115700005	0
1	115700006	115768779	1
1	115768780	115836375	0
1	115836376	115843915	1
1	115843916	115976496	0
1	115976497	116070052	2
1	116070053	116111753	0
1	116111754	116135238	2
1	116135239	116372666	0
1	116372667	116410259	2
1	116410260	116514533	0
1	116514534	116571037	1
1	116571038	116574397	0
1	116574398	116667753	1
1	116667754	116754383	0
1	116754384	116769226	2
1	116769227	116910055	0
1	116910056	116990356	2
1	116990357	117001748	0
1	117001749	117036415	2
1	117036416	117060301	0
1	117060302	117107451	2
1	117107452	117111058	0
1	117111059	117122585	1
1	117122586	117143585	0
1	117143586	117210958	1
1	117210959	117367447	0
1	117367448	117528870	2
1	117528871	117605932	0
1	117605933	117628370	2
1	117628371	117863483	0
1	117863484	117929628	1
1	117929629	117929718	0
1	117929719	117953862	2
1	117953863	117966540	3
1	117966541	118185221	1
1	118185222	118883044	0
1	118883045	118989554	1
1	118989555	119031214	0
1	119031215	119140669	1
1	119140670	119368777	0
1	119368778	119394128	2
1	119394129	119414929	0
1	119414930	119423033	2
1	119423034	119507196	0
1	119507197	119515052	2
1	119515053	119619420	0
1	119619421	119647771	1
1	119647772	119648409	0
1	119648410	119744224	2
1	119744225	119747994	0
1	119747995	119768903	1
1	119768904	119794016	0
1	119794017	119811658	1
1	119811659	119893531	0
1	119893532	119896493	1
1	119896494	119911551	0
1	119911552	120069624	1
1	120069625	120150896	0
1	120150897	120176513	1
1	120176514	120723921	0
1	120723922	120841479	2
1	120841480	120889744	0
1	120889745	120890403	2
1	120890404	121087343	0
1	121087344	121096308	2
1	121096309	121167644	0
1	121167645	121184808	1
1	121184809	121185537	3
1	121185538	121392820	2
1	121392821	143905554	0
1	143905555	143905964	1
1	143905965	143955362	0
1	143955363	143971963	1
1	143971964	144372873	0
1	144372874	144373657	1
1	144373658	144421384	0
1	144421385	144461645	1
1	144461646	144592866	0
1	144592867	144593525	2
1	144593526	144887263	0
1	144887264	145095526	1
1	145095527	145095998	0
1	145095999	145112694	2
1	145112695	145241628	0
1	145241629	145242122	1
1	145242123	145289898	0
1	145289899	145405776	1
1	145405777	145607988	0
1	145607989	145670646	2
1	145670647	145670850	0
1	145670851	145708146	1
1	145708147	145719469	0
1	145719470	145738866	2
1	145738867	145739151	3
1	145739152	145739286	2
1	145739287	145824075	1
1	145824076	145824174	0
1	145824175	145842503	2
1	145842504	145845627	0
1	145845628	145848520	2
1	145848521	145848951	3
1	145848952	145859834	1
1	145859835	145866558	0
1	145866559	145885864	1
1	145885865	145891206	0
1	145891207	145910187	1
1	145910188	145911348	0
1	145911349	145918835	1
1	145918836	145921554	0
1	145921555	145927256	1
1	145927257	145927534	3
1	145927535	145933421	2
1	145933422	145957999	3
1	145958000	145959440	2
1	145959441	145964580	3
1	145964581	145978846	2
1	145978847	145992433	0
1	145992434	145996598	1
1	145996599	146017466	0
1	146017467	146036744	1
1	146036745	146064697	0
1	146064698	146144802	1
1	146144803	146146519	0
1	146146520	146229024	1
1	146229025	146344129	0
1	146344130	146344788	1
1	146344789	146938742	0
1	146938743	146996200	2
1	146996201	147155104	0
1	147155105	147172542	1
1	147172543	147184303	0
1	147184304	147225871	1
1	147225872	147242639	0
1	147242640	147295764	2
1	147295765	147541410	0
1	147541411	147626214	2
1	147626215	147629650	0
1	147629651	147670494	1
1	147670495	147756197	0
1	147756198	147773360	1
1	147773361	147907954	0
1	147907955	147909255	2
1	147909256	147928391	0
1	147928392	147993337	2
1	147993338	148102044	0
1	148102045	148152320	1
1	148152321	148479822	0
1	148479823	148483677	1
1	148483678	148531383	0
1	148531384	148679749	1
1	148679750	148748892	0
1	148748893	148750097	2
1	148750098	148808179	0
1	148808180	149033017	2
1	149033018	149054025	0
1	149054026	149103559	1
1	149103560	149390621	0
1	149390622	149556359	2
1	149556360	149583863	0
1	149583864	149584462	2
1	149584463	149782669	0
1	149782670	149782687	2
1	149782688	149791388	3
1	149791389	149812371	1
1	149812372	149813269	0
1	149813270	149813679	1
1	149813680	149832657	0
1	149832658	149833239	2
1	149833240	149839536	0
1	149839537	149841191	1
1	149841192	149842186	0
1	149842187	149842734	1
1	149842735	149851059	0
1	149851060	149851622	2
1	149851623	149852617	0
1	149852618	149854272	2
1	149854273	149860077	0
1	149860078	149861208	1
1	149861209	149884457	0
1	149884458	149886650	1
1	149886651	149886973	0
1	149886974	149887362	2
1	149887363	149887522	0
1	149887523	149887888	1
1	149887889	149887914	3
1	149887915	149900790	2
1	149900791	149903316	0
1	149903317	149917880	1
1	149917881	149923315	0
1	149923316	149928342	1
1	149928343	149928650	0
1	149928651	149936865	1
1	149936866	149937810	0
1	149937811	150010674	1
1	150010675	150067277	0
1	150067278	150145327	2
1	150145328	150149181	0
1	150149182	150160063	2
1	150160064	150218415	0
1	150218416	150236154	1
1	150236155	150257157	0
1	150257158	150265076	2
1	150265077	150265397	0
1	150265398	150268198	1
1	150268199	150269207	3
1	150269208	150269301	1
1	150269302	150280914	2
1	150280915	150282541	0
1	150282542	150287091	2
1	150287092	150293718	0
1	150293719	150308977	2
1	150308978	150321474	0
1	150321475	150353193	2
1	150353194	150364648	0
1	150364649	150476564	2
1	150476565	150487362	0
1	150487363	150507607	2
1	150507608	150508074	0
1	150508075	150513787	2
1	150513788	150549367	0
1	150549368	150560935	2
1	150560936	150574549	0
1	150574550	150579736	1
1	150579737	150600849	0
1	150600850	150629594	1
1	150629595	150646223	0
1	150646224	150697142	1
1	150697143	150698058	0
1	150698059	150720883	1
1	150720884	150730194	0
1	150730195	150765955	1
1	150765956	150796206	0
1	150796207	150808321	1
1	150808322	150809703	0
1	150809704	150876766	1
1	150876767	150887134	0
1	150887135	150913290	2
1	150913291	150926261	0
1	150926262	150963668	2
1	150963669	150964733	3
1	150964734	150964742	2
1	150964743	150975002	1
1	150975003	150982015	0
1	150982016	150995632	2
1	150995633	150996084	0
1	150996085	151008373	1
1	151008374	151008459	0
1	151008460	151035711	2
1	151035712	151036319	0
1	151036320	151047718	2
1	151047719	151047738	0
1	151047739	151050969	2
1	151050970	151051418	3
1	151051419	151057756	1
1	151057757	151068495	3
1	151068496	151070323	1
1	151070324	151070602	0
1	151070603	151125540	2
1	151125541	151131683	0
1	151131684	151146662	1
1	151146663	151156627	0
1	151156628	151159746	2
1	151159747	151159747	3
1	151159748	151160583	2
1	151160584	151165946	3
1	151165947	151169984	2
1	151169985	151170295	3
1	151170296	151176014	1
1	151176015	151176302	0
1	151176303	151190211	1
1	151190212	151197947	0
1	151197948	151249534	2
1	151249535	151254701	0
1	151254702	151267477	2
1	151267478	151281616	0
1	151281617	151291795	2
1	151291796	151292178	3
1	151292179	151327713	1
1	151327714	151340638	0
1	151340639	151347355	1
1	151347356	151364300	0
1	151364301	151372731	1
1	151372732	151399532	0
1	151399533	151401942	2
1	151401943	151402722	0
1	151402723	151459463	1
1	151459464	151510508	0
1	151510509	151538690	2
1	151538691	151540303	0
1	151540304	151583581	2
1	151583582	151612004	0
1	151612005	151699089	2
1	151699090	151702402	0
1	151702403	151710431	1
1	151710432	151716050	3
1	151716051	151716812	1
1	151716813	151729604	2
1	151729605	151759641	0
1	151759642	151762897	1
1	151762898	151763562	3
1	151763563	151771332	2
1	151771333	151771562	0
1	151771563	151791414	1
1	151791415	151800262	0
1	151800263	151831870	1
1	151831871	151837817	0
1	151837818	151840555	1
1	151840556	151847261	0
1	151847262	151853695	1
1	151853696	151873582	0
1	151873583	151909806	1
1	151909807	151982913	0
1	151982914	151994388	1
1	151994389	152032504	0
1	152032505	152037033	1
1	152037034	152084142	0
1	152084143	152089062	1
1	152089063	152106315	0
1	152106316	152115452	1
1	152115453	152153593	0
1	152153594	152159226	1
1	152159227	152212080	0
1	152212081	152224191	1
1	152224192	152302173	0
1	152302174	152325201	1
1	152325202	152348733	0
1	152348734	152360004	1
1	152360005	152409241	0
1	152409242	152414261	1
1	152414262	152510842	0
1	152510843	152512175	2
1	152512176	152514500	0
1	152514501	152516008	2
1	152516009	152565652	0
1	152565653	152566770	1
1	152566771	152579379	0
1	152579380	152580502	1
1	152580503	152600660	0
1	152600661	152601084	2
1	152601085	152613809	0
1	152613810	152614096	2
1	152614097	152622832	0
1	152622833	152623101	1
1	152623102	152663394	0
1	152663395	152664657	2
1	152664658	152675293	0
1	152675294	152676572	2
1	152676573	152686121	0
1	152686122	152687399	2
1	152687400	152698362	0
1	152698363	152699440	2
1	152699441	152708158	0
1	152708159	152709489	2
1	152709490	152719520	0
1	152719521	152720468	2
1	152720469	152759559	0
1	152759560	152762050	2
1	152762051	152776370	0
1	152776371	152776726	2
1	152776727	152786212	0
1	152786213	152788424	2
1	152788425	152796749	0
1	152796750	152798179	2
1	152798180	152804833	0
1	152804834	152806626	1
1	152806627	152811969	0
1	152811970	152813107	2
1	152813108	152827471	0
1	152827472	152827892	2
1	152827893	152842866	0
1	152842867	152843981	2
1	152843982	152859994	0
1	152859995	152860983	2
1	152860984	152878315	0
1	152878316	152885045	2
1	152885046	152908543	0
1	152908544	152911884	2
1	152911885	152947152	0
1	152947153	152949256	2
1	152949257	152970664	0
1	152970665	152972572	2
1	152972573	152985229	0
1	152985230	152985498	2
1	152985499	153001745	0
1	153001746	153003854	2
1	153003855	153031200	0
1	153031201	153032898	2
1	153032899	153039723	0
1	153039724	153041929	1
1	153041930	153056111	0
1	153056112	153057535	1
1	153057536	153070222	0
1	153070223	153070838	1
1	153070839	153093133	0
1	153093134	153106182	1
1	153106183	153112112	0
1	153112113	153113513	1
1	153113514	153149580	0
1	153149581	153150867	1
1	153150868	153203441	0
1	153203442	153205118	2
1	153205119	153217582	0
1	153217583	153219315	2
1	153219316	153259698	0
1	153259699	153262120	2
1	153262121	153297860	0
1	153297861	153310716	1
1	153310717	153330118	0
1	153330119	153348838	1
1	153348839	153357852	0
1	153357853	153361025	2
1	153361026	153373704	0
1	153373705	153375647	1
1	153375648	153390030	0
1	153390031	153391186	1
1	153391187	153416522	0
1	153416523	153423223	2
1	153423224	153437056	0
1	153437057	153439947	1
1	153439948	153457742	0
1	153457743	153460699	1
1	153460700	153534597	0
1	153534598	153536242	1
1	153536243	153537145	0
1	153537146	153541763	1
1	153541764	153543611	0
1	153543612	153550134	1
1	153550135	153561106	0
1	153561107	153567888	1
1	153567889	153606884	0
1	153606885	153613081	1
1	153613082	153614253	0
1	153614254	153616984	1
1	153616985	153618797	0
1	153618798	153627924	1
1	153627925	153628178	3
1	153628179	153628237	1
1	153628238	153632035	2
1	153632036	153633980	0
1	153633981	153646304	2
1	153646305	153658652	0
1	153658653	153661786	2
1	153661787	153661828	3
1	153661829	153671046	1
1	153671047	153678635	0
1	153678636	153693990	2
1	153693991	153728065	0
1	153728066	153780155	2
1	153780156	153789028	0
1	153789029	153923358	1
1	153923359	153929499	0
1	153929500	153946694	1
1	153946695	153947673	0
1	153947674	153958623	1
1	153958624	153959097	0
1	153959098	153967890	1
1	153967891	153968182	3
1	153968183	153974267	2
1	153974268	153974361	3
1	153974362	153977686	1
1	153977687	153981615	0
1	153981616	153986350	1
1	153986351	153990753	0
1	153990754	153992153	2
1	153992154	153992683	0
1	153992684	154155114	1
1	154155115	154155302	0
1	154155303	154194646	1
1	154194647	154199370	0
1	154199371	154206331	1
1	154206332	154206704	0
1	154206705	154220177	1
1	154220178	154220604	3
1	154220605	154220634	1
1	154220635	154271508	2
1	154271509	154272509	0
1	154272510	154275873	2
1	154275874	154321114	0
1	154321115	154325323	2
1	154325324	154325551	0
1	154325552	154351305	2
1	154351306	154405191	0
1	154405192	154469448	2
1	154469449	154469770	0
1	154469771	154502111	1
1	154502112	154502217	0
1	154502218	154548145	2
1	154548146	154548575	0
1	154548576	154558631	1
1	154558632	154567779	0
1	154567780	154580024	2
1	154580025	154582055	0
1	154582056	154628011	1
1	154628012	154697453	0
1	154697454	154870278	1
1	154870279	154924732	0
1	154924733	154936989	1
1	154936990	154944074	0
1	154944075	154956119	1
1	154956120	154957024	0
1	154957025	154962034	1
1	154962035	154962296	0
1	154962297	154974393	1
1	154974394	154974651	0
1	154974652	154979247	2
1	154979248	154983350	0
1	154983351	154993109	2
1	154993110	154993586	0
1	154993587	154994140	2
1	154994141	155002628	0
1	155002629	155018520	2
1	155018521	155018531	0
1	155018532	155033758	1
1	155033759	155033822	0
1	155033823	155050928	2
1	155050929	155051284	0
1	155051285	155062773	2
1	155062774	155063729	0
1	155063730	155087536	2
1	155087537	155127458	0
1	155127459	155134855	2
1	155134856	155135342	0
1	155135343	155138855	2
1	155138856	155139889	0
1	155139890	155140593	1
1	155140594	155169406	0
1	155169407	155173331	1
1	155173332	155173785	0
1	155173786	155184969	2
1	155184970	155185822	0
1	155185823	155192913	1
1	155192914	155195586	0
1	155195587	155207979	1
1	155207980	155208697	0
1	155208698	155213822	2
1	155213823	155234450	0
1	155234451	155244697	1
1	155244698	155247203	0
1	155247204	155255481	1
1	155255482	155255977	0
1	155255978	155262428	1
1	155262429	155262866	0
1	155262867	155273514	1
1	155273515	155277581	0
1	155277582	155289291	2
1	155289292	155289846	3
1	155289847	155301436	1
1	155301437	155308746	0
1	155308747	155320664	2
1	155320665	155320894	0
1	155320895	155331112	2
1	155331113	155335266	0
1	155335267	155562805	1
1	155562806	155610216	0
1	155610217	155614965	2
1	155614966	155659441	0
1	155659442	155687965	1
1	155687966	155688654	3
1	155688655	155688998	1
1	155688999	155739008	2
1	155739009	155749660	0
1	155749661	155859398	1
1	155859399	155859507	0
1	155859508	155885197	2
1	155885198	155897806	0
1	155897807	155911402	1
1	155911403	155913041	0
1	155913042	155934397	1
1	155934398	155941708	0
1	155941709	155942947	2
1	155942948	155946849	0
1	155946850	156007068	1
1	156007069	156009046	0
1	156009047	156020957	1
1	156020958	156035299	0
1	156035300	156053792	1
1	156053793	156054750	0
1	156054751	156058508	2
1	156058509	156061158	0
1	156061159	156070512	2
1	156070513	156072011	0
1	156072012	156081996	1
1	156081997	156082576	0
1	156082577	156140087	2
1	156140088	156147364	0
1	156147365	156177750	2
1	156177751	156193930	0
1	156193931	156212794	2
1	156212795	156212980	0
1	156212981	156243319	2
1	156243320	156243330	3
1	156243331	156248115	1
1	156248116	156249222	0
1	156249223	156282823	1
1	156282824	156282946	0
1	156282947	156292441	2
1	156292442	156292685	0
1	156292686	156295687	1
1	156295688	156298622	0
1	156298623	156299297	1
1	156299298	156308966	0
1	156308967	156337312	1
1	156337313	156338463	3
1	156338464	156338501	1
1	156338502	156346988	3
1	156346989	156367871	1
1	156367872	156369210	0
1	156369211	156385217	2
1	156385218	156404250	0
1	156404251	156429421	1
1	156429422	156463725	0
1	156463726	156500826	1
1	156500827	156525403	0
1	156525404	156572538	1
1	156572539	156579725	0
1	156579726	156586768	2
1	156586769	156591760	0
1	156591761	156594297	2
1	156594298	156594485	0
1	156594486	156601488	1
1	156601489	156619292	0
1	156619293	156625723	2
1	156625724	156641388	0
1	156641389	156659526	2
1	156659527	156668761	0
1	156668762	156677395	1
1	156677396	156699604	0
1	156699605	156705814	1
1	156705815	156721889	0
1	156721890	156728440	1
1	156728441	156728797	3
1	156728798	156736947	2
1	156736948	156737301	0
1	156737302	156741588	1
1	156741589	156742105	0
1	156742106	156752446	1
1	156752447	156767498	0
1	156767499	156800815	2
1	156800816	156806241	0
1	156806242	156815654	1
1	156815655	156816832	3
1	156816833	156816860	1
1	156816861	156840061	2
1	156840062	156859016	3
1	156859017	156881848	2
1	156881849	156893718	0
1	156893719	156916432	2
1	156916433	156920648	0
1	156920649	156933092	2
1	156933093	156934838	0
1	156934839	157045368	1
1	157045369	157092042	0
1	157092043	157099806	1
1	157099807	157121189	0
1	157121190	157138472	1
1	157138473	157513375	0
1	157513376	157552518	1
1	157552519	157573747	0
1	157573748	157598078	1
1	157598079	157676479	0
1	157676480	157700855	1
1	157700856	157745731	0
1	157745732	157777130	1
1	157777131	157794534	0
1	157794535	157820103	1
1	157820104	157830912	0
1	157830913	157841796	1
1	157841797	157993271	0
1	157993272	158100260	2
1	158100261	158179945	0
1	158179946	158184894	2
1	158184895	158254135	0
1	158254136	158258267	2
1	158258268	158289784	0
1	158289785	158293628	2
1	158293629	158327949	0
1	158327950	158331529	1
1	158331530	158353694	0
1	158353695	158357551	2
1	158357552	158398520	0
1	158398521	158399464	1
1	158399465	158418208	0
1	158418209	158426235	1
1	158426236	158461572	0
1	158461573	158468977	2
1	158468978	158472218	0
1	158472219	158480934	2
1	158480935	158544548	0
1	158544549	158554403	1
1	158554404	158560604	0
1	158560605	158570578	1
1	158570579	158578917	0
1	158578918	158579897	1
1	158579898	158605266	0
1	158605267	158610704	2
1	158610705	158612512	3
1	158612513	158686713	1
1	158686714	158699676	0
1	158699677	158700650	1
1	158700651	158716325	0
1	158716326	158720718	1
1	158720719	158754718	0
1	158754719	158755889	2
1	158755890	158764234	0
1	158764235	158772193	1
1	158772194	158774220	0
1	158774221	158781202	1
1	158781203	158831315	0
1	158831316	158849504	2
1	158849505	158930794	0
1	158930795	158977052	2
1	158977053	158999966	0
1	158999967	159055153	2
1	159055154	159062482	0
1	159062483	159140506	1
1	159140507	159171607	0
1	159171608	159206498	2
1	159206499	159289712	0
1	159289713	159308222	2
1	159308223	159437843	0
1	159437844	159443076	2
1	159443077	159535076	0
1	159535077	159536005	1
1	159536006	159587823	0
1	159587824	159588863	2
1	159588864	159712287	0
1	159712288	159714587	1
1	159714588	159780930	0
1	159780931	159782541	2
1	159782542	159800510	0
1	159800511	159816249	2
1	159816250	159826748	0
1	159826749	159837247	2
1	159837248	159854314	0
1	159854315	159862655	1
1	159862656	159872362	0
1	159872363	159900161	1
1	159900162	159918105	0
1	159918106	159925730	1
1	159925731	159927037	0
1	159927038	159945602	1
1	159945603	159951490	0
1	159951491	159954252	1
1	159954253	159998649	0
1	159998650	160070481	1
1	160070482	160081568	0
1	160081569	160090561	2
1	160090562	160091338	0
1	160091339	160098941	1
1	160098942	160115771	0
1	160115772	160143589	2
1	160143590	160151568	0
1	160151569	160186975	2
1	160186976	160190554	0
1	160190555	160201884	2
1	160201885	160205335	0
1	160205336	160215374	2
1	160215375	160215713	0
1	160215714	160285144	1
1	160285145	160289199	0
1	160289200	160343270	1
1	160343271	160343398	3
1	160343399	160358950	2
1	160358951	160367065	0
1	160367066	160372846	2
1	160372847	160400584	0
1	160400585	160428676	2
1	160428677	160485028	0
1	160485029	160523260	1
1	160523261	160541093	0
1	160541094	160579514	1
1	160579515	160608098	0
1	160608099	160647293	1
1	160647294	160678744	0
1	160678745	160711849	1
1	160711850	160739055	0
1	160739056	160754819	2
1	160754820	160796072	0
1	160796073	160828259	2
1	160828260	160830158	0
1	160830159	160862853	1
1	160862854	160876537	0
1	160876538	160885168	1
1	160885169	160945023	0
1	160945024	160954797	1
1	160954798	160995209	0
1	160995210	161021346	1
1	161021347	161037629	0
1	161037630	161038988	1
1	161038989	161039249	0
1	161039250	161045975	1
1	161045976	161046946	0
1	161046947	161069968	1
1	161069969	161070993	0
1	161070994	161089597	1
1	161089598	161098392	0
1	161098393	161100344	2
1	161100345	161100554	0
1	161100555	161118099	1
1	161118100	161118109	3
1	161118110	161120972	2
1	161120973	161121065	3
1	161121066	161121785	2
1	161121786	161125443	3
1	161125444	161132686	1
1	161132687	161153750	0
1	161153751	161158854	2
1	161158855	161159448	0
1	161159449	161165721	2
1	161165722	161166408	0
1	161166409	161171308	2
1	161171309	161177039	3
1	161177040	161177090	2
1	161177091	161177966	1
1	161177967	161184306	0
1	161184307	161199054	1
1	161199055	161199313	0
1	161199314	161214393	2
1	161214394	161215277	0
1	161215278	161220697	2
1	161220698	161222290	0
1	161222291	161223629	1
1	161223630	161225937	0
1	161225938	161229664	2
1	161229665	161230742	3
1	161230743	161238300	1
1	161238301	161258725	0
1	161258726	161285448	2
1	161285449	161304733	0
1	161304734	161309970	1
1	161309971	161314255	0
1	161314256	161364729	2
1	161364730	161367872	3
1	161367873	161375338	2
1	161375339	161505428	0
1	161505429	161519965	2
1	161519966	161524538	0
1	161524539	161526908	2
1	161526909	161541757	0
1	161541758	161550735	1
1	161550736	161623194	0
1	161623195	161631961	1
1	161631962	161663145	0
1	161663146	161678652	2
1	161678653	161706970	0
1	161706971	161714349	2
1	161714350	161721561	0
1	161721562	161728141	2
1	161728142	161749768	0
1	161749769	161757160	2
1	161757161	161766292	0
1	161766293	161964068	2
1	161964069	161983190	0
1	161983191	162023852	1
1	162023853	162069772	0
1	162069773	162373201	2
1	162373202	162376868	3
1	162376869	162386816	2
1	162386817	162395264	0
1	162395265	162412124	1
1	162412125	162497249	0
1	162497250	162529627	2
1	162529628	162561504	0
1	162561505	162599840	2
1	162599841	162631371	0
1	162631372	162787398	2
1	162787399	162790721	0
1	162790722	162812527	2
1	162812528	162851314	0
1	162851315	162868813	1
1	162868814	163068773	0
1	163068774	163076800	2
1	163076801	163142297	0
1	163142298	163266574	1
1	163266575	163321789	3
1	163321790	163355762	2
1	163355763	164559198	0
1	164559199	164851829	2
1	164851830	165201865	0
1	165201866	165356713	1
1	165356714	165400915	0
1	165400916	165445353	1
1	165445354	165544005	0
1	165544006	165563959	2
1	165563960	165630859	0
1	165630860	165661794	2
1	165661795	165662214	0
1	165662215	165698861	1
1	165698862	165724291	0
1	165724292	165827529	1
1	165827530	165827753	3
1	165827754	165911606	2
1	165911607	166070017	0
1	166070018	166166967	1
1	166166968	166839445	0
1	166839446	166856342	2
1	166856343	166856508	0
1	166856509	166876325	1
1	166876326	166908189	0
1	166908190	166975480	1
1	166975481	166975580	0
1	166975581	167022212	2
1	167022213	167052834	0
1	167052835	167094043	1
1	167094044	167129127	3
1	167129128	167166477	1
1	167166478	167220827	0
1	167220828	167427343	2
1	167427344	167430638	0
1	167430639	167518608	1
1	167518609	167529115	0
1	167529116	167553803	1
1	167553804	167630091	0
1	167630092	167706247	2
1	167706248	167721948	0
1	167721949	167791917	2
1	167791918	167809386	0
1	167809387	167914213	1
1	167914214	167916727	0
1	167916728	167936557	1
1	167936558	167937038	3
1	167937039	168075841	2
1	168075842	168079541	0
1	168079542	168137665	1
1	168137666	168178931	0
1	168178932	168202112	2
1	168202113	168225948	0
1	168225949	168253023	2
1	168253024	168281038	0
1	168281039	168314424	2
1	168314425	168540763	0
1	168540764	168543995	1
1	168543996	168576471	0
1	168576472	168582075	2
1	168582076	168695457	0
1	168695458	168729262	1
1	168729263	169105695	0
1	169105696	169132529	2
1	169132530	169132720	3
1	169132721	169367965	1
1	169367966	169367968	0
1	169367969	169394868	2
1	169394869	169396538	3
1	169396539	169460667	1
1	169460668	169463907	0
1	169463908	169486001	1
1	169486002	169514164	0
1	169514165	169586586	1
1	169586587	169588847	0
1	169588848	169630191	1
1	169630192	169690665	0
1	169690666	169711696	1
1	169711697	169722639	0
1	169722640	169764703	1
1	169764704	169792527	0
1	169792528	169794728	1
1	169794729	169794964	3
1	169794965	169849629	2
1	169849630	169854078	3
1	169854079	169894265	1
1	169894266	169921324	0
1	169921325	170074736	1
1	170074737	170145999	0
1	170146000	170167788	2
1	170167789	170532127	0
1	170532128	170553444	2
1	170553445	170663132	0
1	170663133	170739417	2
1	170739418	170935469	0
1	170935470	171064763	2
1	171064764	171090875	0
1	171090876	171117817	2
1	171117818	171185206	0
1	171185207	171211228	2
1	171211229	171248469	0
1	171248470	171285976	2
1	171285977	171314232	0
1	171314233	171342082	2
1	171342083	171485549	0
1	171485550	171593509	2
1	171593510	171600619	0
1	171600620	171635415	2
1	171635416	171638797	3
1	171638798	171652681	1
1	171652682	171700158	0
1	171700159	171742245	1
1	171742246	171781680	0
1	171781681	171797715	2
1	171797716	171841496	0
1	171841497	172418464	2
1	172418465	172420686	0
1	172420687	172441455	2
1	172441456	172444058	3
1	172444059	172468829	2
1	172468830	172532347	0
1	172532348	172611831	2
1	172611832	172659016	0
1	172659017	172666872	2
1	172666873	173039958	0
1	173039959	173050961	1
1	173050962	173183732	0
1	173183733	173207311	1
1	173207312	173477264	0
1	173477265	173488805	2
1	173488806	173500462	0
1	173500463	173603092	1
1	173603093	173609559	0
1	173609560	173635331	1
1	173635332	173637132	3
1	173637133	173669860	1
1	173669861	173714982	0
1	173714983	173786700	2
1	173786701	173799548	0
1	173799549	173824320	1
1	173824321	173824566	0
1	173824567	173858544	2
1	173858545	173868080	0
1	173868081	173903547	2
1	173903548	173903802	0
1	173903803	173917376	1
1	173917377	173931212	0
1	173931213	174022295	1
1	174022296	174159408	0
1	174159409	174995306	2
1	174995307	174999161	0
1	174999162	175011713	2
1	175011714	175012956	0
1	175012957	175023423	1
1	175023424	175067856	0
1	175067857	175148064	2
1	175148065	175156985	0
1	175156986	175192941	1
1	175192942	175315192	0
1	175315193	175743768	1
1	175743769	175944829	0
1	175944830	176207491	1
1	176207492	176463169	0
1	176463170	176845603	2
1	176845604	176857300	0
1	176857301	177164865	1
1	177164866	177171495	0
1	177171496	177282420	2
1	177282421	177929144	0
1	177929145	177970211	1
1	177970212	178094139	0
1	178094140	178479245	2
1	178479246	178484145	3
1	178484146	178496937	1
1	178496938	178513075	0
1	178513076	178523429	2
1	178523430	178725145	0
1	178725146	178849703	2
1	178849704	178871050	3
1	178871051	178921839	2
1	178921840	179025802	0
1	179025803	179076560	2
1	179076561	179081375	0
1	179081376	179098021	2
1	179098022	179099325	0
1	179099326	179229682	1
1	179229683	179293712	0
1	179293713	179358678	2
1	179358679	179365718	0
1	179365719	179550537	2
1	179550538	179554731	3
1	179554732	179554733	2
1	179554734	179575950	1
1	179575951	179591611	0
1	179591612	179691270	2
1	179691271	179743161	0
1	179743162	179816196	2
1	179816197	179839965	0
1	179839966	179877801	1
1	179877802	179882040	0
1	179882041	179924998	2
1	179924999	179954736	0
1	179954737	180114878	2
1	180114879	180154832	0
1	180154833	180204028	2
1	180204029	180230284	0
1	180230285	180269651	2
1	180269652	180278980	3
1	180278981	180502952	1
1	180502953	180632002	0
1	180632003	180890249	2
1	180890250	180913187	0
1	180913188	180951612	2
1	180951613	180972710	0
1	180972711	181023119	1
1	181023120	181033423	0
1	181033424	181061936	2
1	181061937	181088710	0
1	181088711	181092897	2
1	181092898	181317688	0
1	181317689	181808082	2
1	181808083	182054568	0
1	182054569	182061710	1
1	182061711	182381702	0
1	182381703	182392204	1
1	182392205	182398115	0
1	182398116	182400614	1
1	182400615	182409190	0
1	182409191	182560591	2
1	182560592	182573632	0
1	182573633	182589254	1
1	182589255	182598621	0
1	182598622	182604406	1
1	182604407	182641814	0
1	182641815	182672912	1
1	182672913	182789447	0
1	182789448	182830382	2
1	182830383	182839367	0
1	182839368	182887749	2
1	182887750	182899863	0
1	182899864	182953368	1
1	182953369	183023458	0
1	183023459	183145590	2
1	183145591	183186236	0
1	183186237	183244898	2
1	183244899	183248235	0
1	183248236	183418600	1
1	183418601	183472476	0
1	183472477	183554191	2
1	183554192	183555561	0
1	183555562	183590874	1
1	183590875	183620844	0
1	183620845	183635755	1
1	183635756	183636083	0
1	183636084	183646402	2
1	183646403	183653311	3
1	183653312	183928529	2
1	183928530	183929852	0
1	183929853	184037727	1
1	184037728	184051649	0
1	184051650	184097483	2
1	184097484	184387056	0
1	184387057	184629018	2
1	184629019	184690229	0
1	184690230	184754911	1
1	184754912	184790722	0
1	184790723	184974548	1
1	184974549	185045362	0
1	185045363	185102606	2
1	185102607	185118096	0
1	185118097	185156979	1
1	185156980	185157078	0
1	185157079	185291763	2
1	185291764	185296386	0
1	185296387	185317327	1
1	185317328	185734549	0
1	185734550	186190947	2
1	186190948	186296277	0
1	186296278	186311650	2
1	186311651	186314560	3
1	186314561	186375691	1
1	186375692	186375836	0
1	186375837	186421376	2
1	186421377	186443564	0
1	186443565	186461120	1
1	186461121	186671789	0
1	186671790	186680425	1
1	186680426	186828951	0
1	186828952	186988979	2
1	186988980	190097660	0
1	190097661	190477880	1
1	190477881	192158455	0
1	192158456	192185813	2
1	192185814	192316990	0
1	192316991	192367283	2
1	192367284	192575725	0
1	192575726	192580029	2
1	192580030	192636136	0
1	192636137	192660304	2
1	192660305	192716130	0
1	192716131	192716651	2
1	192716652	192809039	0
1	192809040	192812281	2
1	192812282	193012248	0
1	193012249	193059420	1
1	193059421	193059494	3
1	193059495	193059617	1
1	193059618	193060078	3
1	193060079	193091775	2
1	193091776	193096466	0
1	193096467	193106112	1
1	193106113	193121798	0
1	193121799	193179043	2
1	193179044	193186652	3
1	193186653	193254813	2
1	193254814	196225777	0
1	196225778	196609223	1
1	196609224	196651876	0
1	196651877	196747502	2
1	196747503	196774793	0
1	196774794	196795404	2
1	196795405	196819755	0
1	196819756	196832187	2
1	196832188	196888012	0
1	196888013	196918711	2
1	196918712	196943754	0
1	196943755	196959224	2
1	196959225	196977554	0
1	196977555	197009672	2
1	197009673	197038739	0
1	197038740	197067265	1
1	197067266	197084126	0
1	197084127	197146692	1
1	197146693	197153678	0
1	197153679	197200540	1
1	197200541	197268202	0
1	197268203	197478453	2
1	197478454	197504746	0
1	197504747	197775631	1
1	197775632	197902645	0
1	197902646	197907365	2
1	197907366	197911900	0
1	197911901	197935476	2
1	197935477	198156961	0
1	198156962	198322418	2
1	198322419	198523220	0
1	198523221	198540943	1
1	198540944	198638455	0
1	198638456	198757474	2
1	198757475	200027600	0
1	200027601	200177422	2
1	200177423	200404938	0
1	200404939	200410054	1
1	200410055	200551495	0
1	200551496	200620732	1
1	200620733	200623894	0
1	200623895	200669967	1
1	200669968	200739556	0
1	200739557	200860702	2
1	200860703	200872953	0
1	200872954	200874176	2
1	200874177	200891046	0
1	200891047	200915733	2
1	200915734	200969388	0
1	200969389	201023698	1
1	201023699	201039510	0
1	201039511	201112564	1
1	201112565	201113951	0
1	201113952	201127182	1
1	201127183	201134770	0
1	201134771	201171572	1
1	201171573	201190823	0
1	201190824	201228950	2
1	201228951	201283450	0
1	201283451	201332991	2
1	201332992	201359006	0
1	201359007	201399913	1
1	201399914	201403766	0
1	201403767	201429864	1
1	201429865	201464381	0
1	201464382	201469235	1
1	201469236	201483528	0
1	201483529	201509454	1
1	201509455	201622883	0
1	201622884	201826967	2
1	201826968	201829139	0
1	201829140	201884292	2
1	201884293	201888706	0
1	201888707	201892304	2
1	201892305	201896450	0
1	201896451	201946586	1
1	201946587	201955489	0
1	201955490	201970659	2
1	201970660	201982622	0
1	201982623	202006145	2
1	202006146	202007943	0
1	202007944	202017186	2
1	202017187	202122856	0
1	202122857	202133402	2
1	202133403	202133590	3
1	202133591	202144741	1
1	202144742	202147011	0
1	202147012	202161586	1
1	202161587	202193899	0
1	202193900	202319779	2
1	202319780	202331655	0
1	202331656	202341964	1
1	202341965	202348697	0
1	202348698	202590594	2
1	202590595	202592704	3
1	202592705	202710415	1
1	202710416	202724493	0
1	202724494	202809468	1
1	202809469	202878955	0
1	202878956	202889133	1
1	202889134	202891098	0
1	202891099	202928634	1
1	202928635	202940821	0
1	202940822	202958570	1
1	202958571	202961867	0
1	202961868	202967278	1
1	202967279	203007384	0
1	203007385	203024846	2
1	203024847	203026496	0
1	203026497	203078738	2
1	203078739	203083130	0
1	203083131	203086034	1
1	203086035	203090652	0
1	203090653	203167403	2
1	203167404	203167809	0
1	203167810	203175811	1
1	203175812	203178929	0
1	203178930	203186747	1
1	203186748	203216077	0
1	203216078	203229669	1
1	203229670	203305534	0
1	203305535	203309600	2
1	203309601	203340626	0
1	203340627	203351756	1
1	203351757	203475826	0
1	203475827	203491350	2
1	203491351	203494141	0
1	203494142	203508862	2
1	203508863	203626559	0
1	203626560	203744079	2
1	203744080	203765174	0
1	203765175	203776115	2
1	203776116	203795652	0
1	203795653	203854997	2
1	203854998	203861613	0
1	203861614	203870548	2
1	203870549	204073602	0
1	204073603	204127741	2
1	204127742	204131060	0
1	204131061	204152001	1
1	204152002	204154817	0
1	204154818	204190322	1
1	204190323	204190339	0
1	204190340	204196484	1
1	204196485	204198158	0
1	204198159	204214090	1
1	204214091	204218849	0
1	204218850	204377663	1
1	204377664	204403385	0
1	204403386	204411789	1
1	204411790	204422626	0
1	204422627	204494722	1
1	204494723	204516377	0
1	204516378	204558118	2
1	204558119	204617168	0
1	204617169	204685731	1
1	204685732	204828652	0
1	204828653	205022820	2
1	205022821	205042966	0
1	205042967	205078282	2
1	205078283	205083127	0
1	205083128	205084458	1
1	205084459	205086140	0
1	205086141	205122013	1
1	205122014	205142503	0
1	205142504	205211564	1
1	205211565	205228174	0
1	205228175	205273341	2
1	205273342	205302057	0
1	205302058	205321789	1
1	205321790	205336063	0
1	205336064	205357088	1
1	205357089	205381376	0
1	205381377	205455952	1
1	205455953	205504593	0
1	205504594	205532791	2
1	205532792	205568975	0
1	205568976	205602916	2
1	205602917	205607941	0
1	205607942	205631960	1
1	205631961	205657849	0
1	205657850	205680457	1
1	205680458	205712817	0
1	205712818	205750274	1
1	205750275	205767984	0
1	205767985	205775457	1
1	205775458	205789091	0
1	205789092	205813174	1
1	205813175	205828020	0
1	205828021	205850115	1
1	205850116	205913046	0
1	205913047	205943458	1
1	205943459	205976738	0
1	205976739	206003459	1
1	206003460	206009262	0
1	206009263	206023907	1
1	206023908	206052721	0
1	206052722	206102457	2
1	206102458	206109690	0
1	206109691	206117353	1
1	206117354	206186177	0
1	206186178	206203343	1
1	206203344	206204063	3
1	206204064	206204091	1
1	206204092	206464441	2
1	206464442	206470493	0
1	206470494	206496887	2
1	206496888	206507528	0
1	206507529	206589446	2
1	206589447	206591640	0
1	206591641	206612457	1
1	206612458	206635534	0
1	206635535	206649195	2
1	206649196	206684942	0
1	206684943	206734281	2
1	206734282	206767600	0
1	206767601	206772492	1
1	206772493	206798868	0
1	206798869	206842979	2
1	206842980	206865352	0
1	206865353	206869221	2
1	206869222	206897441	0
1	206897442	206904137	2
1	206904138	206904384	0
1	206904385	206923245	1
1	206923246	206928516	0
1	206928517	206946464	1
1	206946465	206957965	0
1	206957966	206970623	1
1	206970624	207018519	0
1	207018520	207032754	1
1	207032755	207034364	0
1	207034365	207043847	2
1	207043848	207051075	3
1	207051076	207081022	2
1	207081023	207088840	0
1	207088841	207099991	2
1	207099992	207104260	0
1	207104261	207144970	2
1	207144971	207321374	0
1	207321375	207373244	2
1	207373245	207454228	0
1	207454229	207489893	2
1	207489894	207496145	0
1	207496146	207641763	2
1	207641764	207645172	0
1	207645173	207723701	2
1	207723702	207752055	0
1	207752056	207795511	2
1	207795512	207880970	0
1	207880971	207911400	1
1	207911401	208022240	0
1	208022241	208244318	1
1	208244319	209583715	0
1	209583716	209613936	2
1	209613937	209614868	0
1	209614869	209652464	1
1	209652465	209675418	0
1	209675419	209676386	2
1	209676387	209686176	0
1	209686177	209734948	2
1	209734949	209756030	0
1	209756031	209779206	2
1	209779207	209779653	3
1	209779654	209782318	2
1	209782319	209784557	1
1	209784558	209785621	0
1	209785622	209806173	1
1	209806174	209828005	0
1	209828006	209857563	2
1	209857564	209938172	0
1	209938173	210171387	2
1	210171388	210232797	0
1	210232798	210246253	2
1	210246254	210328250	0
1	210328251	210676294	2
1	210676295	210676821	0
1	210676822	211188531	1
1	211188532	211258375	0
1	211258376	211316383	2
1	211316384	211326613	0
1	211326614	211374944	2
1	211374945	211476520	0
1	211476521	211492915	1
1	211492916	211571566	0
1	211571567	211578740	1
1	211578741	211658655	0
1	211658656	211675628	1
1	211675629	211743455	0
1	211743456	211830770	1
1	211830771	211940399	0
1	211940400	212035540	1
1	212035541	212035551	0
1	212035552	212105004	2
1	212105005	212285535	0
1	212285536	212361861	2
1	212361862	212363929	0
1	212363930	212414899	1
1	212414900	212432885	0
1	212432886	212446377	2
1	212446378	212565332	0
1	212565333	212620775	2
1	212620776	212624472	0
1	212624473	212626776	2
1	212626777	212686416	0
1	212686417	212699983	1
1	212699984	212726151	0
1	212726152	212791780	1
1	212791781	212791826	0
1	212791827	212816624	2
1	212816625	212830139	0
1	212830140	212847647	1
1	212847648	212858253	0
1	212858254	212899361	2
1	212899362	212950518	0
1	212950519	212991583	2
1	212991584	212992180	0
1	212992181	213015824	1
1	213015825	213051231	0
1	213051232	213274771	2
1	213274772	213983179	0
1	213983180	214041500	2
1	214041501	214281231	0
1	214281232	214337129	2
1	214337130	214348694	0
1	214348695	214551221	1
1	214551222	214603193	0
1	214603194	214664586	2
1	214664587	215005853	0
1	215005854	215237091	2
1	215237092	215567390	0
1	215567391	215621805	2
1	215621806	215622892	0
1	215622893	216423394	1
1	216423395	216503244	0
1	216503245	217137753	1
1	217137754	217426990	0
1	217426991	217631080	1
1	217631081	217631322	0
1	217631323	217871694	2
1	217871695	218285285	0
1	218285286	218337981	2
1	218337982	218346233	0
1	218346234	218444617	2
1	218444618	219173842	0
1	219173843	219212863	2
1	219212864	219915152	0
1	219915153	219928600	1
1	219928601	219968599	0
1	219968600	220046656	1
1	220046657	220057480	0
1	220057481	220090460	1
1	220090461	220094100	0
1	220094101	220148039	2
1	220148040	220148291	0
1	220148292	220272452	1
1	220272453	220528181	0
1	220528182	220664459	2
1	220664460	220689843	0
1	220689844	220699155	2
1	220699156	220748267	0
1	220748268	220784813	2
1	220784814	220786757	0
1	220786758	220819655	2
1	220819656	220879398	0
1	220879399	220885057	2
1	220885058	221701422	0
1	221701423	221742174	1
1	221742175	222522258	0
1	222522259	222548101	1
1	222548102	222557900	0
1	222557901	222589931	1
1	222589932	222618084	0
1	222618085	222668010	2
1	222668011	222668011	0
1	222668012	222712522	1
1	222712523	222712551	0
1	222712552	222735194	2
1	222735195	222737205	0
1	222737206	222750658	2
1	222750659	222928422	0
1	222928423	223005993	2
1	223005994	223109404	0
1	223109405	223143280	1
1	223143281	223220817	0
1	223220818	223364200	1
1	223364201	223393415	0
1	223393416	223395468	2
1	223395469	223538006	0
1	223538007	223665732	1
1	223665733	223701591	0
1	223701592	223776016	2
1	223776017	223779897	0
1	223779898	223845970	1
1	223845971	224114085	0
1	224114086	224162045	2
1	224162046	224175754	0
1	224175755	224193439	2
1	224193440	224227332	0
1	224227333	224330385	1
1	224330386	224356848	0
1	224356849	224379450	2
1	224379451	224385141	0
1	224385142	224437031	1
1	224437032	224616291	0
1	224616292	224740547	2
1	224740548	224896260	0
1	224896261	225399290	2
1	225399291	225401500	0
1	225401501	225428923	1
1	225428924	225486833	0
1	225486834	225653140	1
1	225653141	225777811	0
1	225777812	225790464	2
1	225790465	225810090	0
1	225810091	225845534	2
1	225845535	225845557	3
1	225845558	225845561	2
1	225845562	225882367	1
1	225882368	225886280	0
1	225886281	225924338	1
1	225924339	225936596	0
1	225936597	225941487	1
1	225941488	225982700	0
1	225982701	225999329	1
1	225999330	226061849	0
1	226061850	226071999	2
1	226072000	226144677	0
1	226144678	226186728	1
1	226186729	226223616	0
1	226223617	226227052	2
1	226227053	226231147	0
1	226231148	226309867	1
1	226309868	226360689	0
1	226360690	226408077	1
1	226408078	226548798	0
1	226548799	226609212	2
1	226609213	226631688	0
1	226631689	226739321	1
1	226739322	226870182	0
1	226870183	226896103	2
1	226896104	226897534	0
1	226897535	226987543	2
1	226987544	226989863	0
1	226989864	227318472	1
1	227318473	227563541	0
1	227563542	227677441	2
1	227677442	227728655	0
1	227728656	227731187	2
1	227731188	227735409	3
1	227735410	227781229	2
1	227781230	227815691	0
1	227815692	227846468	2
1	227846469	227918654	0
1	227918655	227947896	1
1	227947897	228007049	0
1	228007050	228061258	2
1	228061259	228082658	0
1	228082659	228099210	2
1	228099211	228100729	0
1	228100730	228103460	1
1	228103461	228106677	0
1	228106678	228109310	1
1	228109311	228139960	0
1	228139961	228148982	2
1	228148983	228149850	0
1	228149851	228159824	2
1	228159825	228165813	0
1	228165814	228182255	2
1	228182256	228208128	0
1	228208129	228378872	2
1	228378873	228393671	0
1	228393672	228406838	1
1	228406839	228407938	0
1	228407939	228416859	1
1	228416860	228424843	0
1	228424844	228425323	1
1	228425324	228456977	0
1	228456978	228457871	1
1	228457872	228458105	0
1	228458106	228460468	2
1	228460469	228487059	0
1	228487060	228495764	2
1	228495765	228735075	0
1	228735076	228746667	2
1	228746668	229271060	0
1	229271061	229305892	2
1	229305893	229321003	0
1	229321004	229342939	1
1	229342940	229431243	0
1	229431244	229434096	1
1	229434097	229440258	0
1	229440259	229508339	1
1	229508340	229516580	0
1	229516581	229558693	1
1	229558694	229593109	0
1	229593110	229626045	1
1	229626046	229626232	0
1	229626233	229660197	2
1	229660198	230067207	0
1	230067208	230282122	2
1	230282123	230314480	0
1	230314481	230426369	1
1	230426370	230642490	0
1	230642491	230693980	2
1	230693981	230702521	0
1	230702522	230714295	1
1	230714296	230747382	0
1	230747383	230802001	2
1	230802002	230837117	0
1	230837118	230869587	1
1	230869588	230906241	0
1	230906242	230978859	1
1	230978860	230979047	0
1	230979048	231000593	2
1	231000594	231018956	0
1	231018957	231040244	1
1	231040245	231162110	0
1	231162111	231221554	2
1	231221555	231223761	0
1	231223762	231241176	1
1	231241177	231241205	0
1	231241206	231277971	2
1	231277972	231332751	0
1	231332752	231337102	1
1	231337103	231337850	3
1	231337851	231355021	2
1	231355022	231363749	0
1	231363750	231425042	1
1	231425043	231528651	0
1	231528652	231566522	2
1	231566523	231626813	0
1	231626814	232041270	2
1	232041271	232397963	0
1	232397964	232561556	1
1	232561557	232804890	0
1	232804891	232808405	2
1	232808406	232950622	0
1	232950623	232983433	2
1	232983434	232983880	3
1	232983881	233295711	1
1	233295712	233327766	0
1	233327767	233385146	2
1	233385147	233614002	0
1	233614003	233672510	2
1	233672511	233904931	0
1	233904932	234324514	2
1	234324515	234373454	0
1	234373455	234384047	2
1	234384048	234391311	0
1	234391312	234479101	1
1	234479102	234604267	0
1	234604268	234609523	1
1	234609524	235109334	0
1	235109335	235128934	1
1	235128935	235131181	0
1	235131182	235161455	1
1	235161456	235166893	0
1	235166894	235327348	1
1	235327349	235327485	3
1	235327486	235328217	1
1	235328218	235449921	2
1	235449922	235452441	3
1	235452442	235504479	1
1	235504480	235547685	0
1	235547686	235650752	1
1	235650753	235661039	0
1	235661040	235866922	1
1	235866923	235975828	0
1	235975829	236065160	1
1	236065161	236142530	0
1	236142531	236208907	2
1	236208908	236215553	0
1	236215554	236281983	1
1	236281984	236348255	0
1	236348256	236484912	2
1	236484913	236517998	0
1	236517999	236549003	2
1	236549004	236552979	3
1	236552980	236604502	1
1	236604503	236686452	0
1	236686453	236764629	2
1	236764630	236795279	0
1	236795280	236903979	2
1	236903980	237004101	0
1	237004102	237004416	1
1	237004417	237042203	0
1	237042204	237833986	2
1	237833987	237877862	0
1	237877863	237890920	1
1	237890921	237943722	0
1	237943723	237945273	1
1	237945274	239629071	0
1	239629072	239915450	2
1	239915451	240014346	0
1	240014347	240475187	2
1	240475188	240489571	0
1	240489572	240612147	1
1	240612148	240775513	0
1	240775514	241357228	1
1	241357229	241497601	0
1	241497602	241519759	1
1	241519760	241532132	0
1	241532133	241593122	2
1	241593123	241595640	3
1	241595641	241640359	1
1	241640360	241652276	0
1	241652277	241802131	2
1	241802132	241847965	0
1	241847966	241889937	2
1	241889938	241957765	0
1	241957766	241959060	2
1	241959061	241995488	0
1	241995489	241999071	1
1	241999072	242082984	0
1	242082985	242524694	1
1	242524695	243124426	0
1	243124427	243255346	1
1	243255347	243256054	0
1	243256055	243488231	2
1	243488232	243500090	3
1	243500091	243851077	1
1	243851078	244048937	0
1	244048938	244057474	2
1	244057475	244352633	0
1	244352634	244389089	2
1	244389090	244408492	0
1	244408493	244452132	1
1	244452133	244461369	0
1	244461370	244640502	2
1	244640503	244652933	0
1	244652934	244709031	2
1	244709032	244729896	0
1	244729897	244730960	1
1	244730961	244835320	0
1	244835321	244845055	2
1	244845056	244850295	0
1	244850296	244864558	1
1	244864559	244969867	0
1	244969868	245127162	2
1	245127163	245154983	0
1	245154984	245709429	2
1	245709430	245749340	0
1	245749341	246507310	1
1	246507311	246540558	0
1	246540559	246566322	1
1	246566323	246566444	0
1	246566445	246668582	2
1	246668583	246724045	0
1	246724046	246768135	2
1	246768136	246839096	0
1	246839097	246931965	1
1	246931966	246945673	0
1	246945674	247008091	1
1	247008092	247036782	0
1	247036783	247078753	1
1	247078754	247099960	0
1	247099961	247104370	1
1	247104371	247121973	0
1	247121974	247172014	1
1	247172015	247297410	0
1	247297411	247331741	1
1	247331742	247416154	0
1	247416155	247449106	2
1	247449107	247449116	0
1	247449117	247458103	1
1	247458104	247507056	0
1	247507057	247524675	2
1	247524676	247536438	3
1	247536439	247577688	2
1	247577689	247588358	0
1	247588359	247589311	2
1	247589312	247605584	0
1	247605585	247606513	2
1	247606514	247670810	0
1	247670811	247679737	1
1	247679738	247711434	0
1	247711435	247724041	1
1	247724042	247738613	0
1	247738614	247739557	2
1	247739558	247754844	0
1	247754845	247760554	1
1	247760555	247814658	0
1	247814659	247824117	1
1	247824118	247840926	0
1	247840927	247841894	1
1	247841895	247857197	0
1	247857198	247878203	2
1	247878204	247895585	0
1	247895586	247896529	2
1	247896530	247920250	0
1	247920251	247921954	2
1	247921955	247924887	0
1	247924888	247935337	2
1	247935338	247948856	0
1	247948857	247949794	2
1	247949795	247965231	0
1	247965232	247966384	2
1	247966385	248013658	0
1	248013659	248024274	2
1	248024275	248030068	0
1	248030069	248042303	2
1	248042304	248046834	0
1	248046835	248063405	2
1	248063406	248095182	0
1	248095183	248101101	2
1	248101102	248145146	0
1	248145147	248146084	2
1	248146085	248174819	0
1	248174820	248181065	2
1	248181066	248197263	0
1	248197264	248212923	2
1	248212924	248231415	0
1	248231416	248244677	2
1	248244678	248269915	0
1	248269916	248277974	1
1	248277975	248290137	0
1	248290138	248303422	1
1	248303423	248323628	0
1	248323629	248324566	1
1	248324567	248348773	0
1	248348774	248349711	2
1	248349712	248361579	0
1	248361580	248362625	2
1	248362626	248375744	0
1	248375745	248391809	2
1	248391810	248403046	0
1	248403047	248408018	2
1	248408019	248445510	0
1	248445511	248455723	2
1	248455724	248473349	0
1	248473350	248474305	2
1	248474306	248488587	0
1	248488588	248491111	2
1	248491112	248508071	0
1	248508072	248527335	2
1	248527336	248556910	0
1	248556911	248562770	1
1	248562771	248573799	0
1	248573800	248574755	1
1	248574756	248590485	0
1	248590486	248597698	1
1	248597699	248623555	0
1	248623556	248635089	1
1	248635090	248636354	0
1	248636355	248645276	1
1	248645277	248649836	0
1	248649837	248655526	1
1	248655527	248681367	0
1	248681368	248682302	1
1	248682303	248739413	0
1	248739414	248755737	1
1	248755738	248810449	0
1	248810450	248826631	1
1	248826632	248838278	0
1	248838279	248849515	2
1	248849516	248850004	0
1	248850005	248859083	1
1	248859084	248906194	0
1	248906195	248919944	2
