<CHROM>	<START>	<END>	<TSB>
3	0	196594	0
3	196595	409415	2
3	409416	1092574	0
3	1092575	1404215	2
3	1404216	2098811	0
3	2098812	3057954	2
3	3057955	3066324	0
3	3066325	3126611	1
3	3126612	3126914	0
3	3126915	3144626	2
3	3144627	3149021	3
3	3149022	3179725	1
3	3179726	3799435	0
3	3799436	3847701	2
3	3847702	4303302	0
3	4303303	4317565	2
3	4317566	4361144	0
3	4361145	4467279	1
3	4467280	4493343	0
3	4493344	4847838	2
3	4847839	4979114	0
3	4979115	4985321	2
3	4985322	5122218	0
3	5122219	5180910	2
3	5180911	5187671	0
3	5187672	5219955	2
3	5219956	6770067	0
3	6770068	7741531	2
3	7741532	8501705	0
3	8501706	8574671	2
3	8574672	8619398	0
3	8619399	8682069	1
3	8682070	8733798	0
3	8733799	8746763	2
3	8746764	8750406	0
3	8750407	8769626	1
3	8769627	8775400	0
3	8775401	8963771	1
3	8963772	8980589	0
3	8980590	9249377	1
3	9249378	9362840	0
3	9362841	9386789	2
3	9386790	9397717	0
3	9397718	9479238	2
3	9479239	9498359	0
3	9498360	9553800	1
3	9553801	9649431	0
3	9649432	9702391	2
3	9702392	9703805	0
3	9703806	9729906	2
3	9729907	9731727	0
3	9731728	9748016	2
3	9748017	9749942	0
3	9749943	9757340	2
3	9757341	9757405	3
3	9757406	9761686	2
3	9761687	9766666	3
3	9766667	9779858	2
3	9779859	9788217	3
3	9788218	9792493	1
3	9792494	9792745	3
3	9792746	9793009	1
3	9793010	9837847	2
3	9837848	9840615	3
3	9840616	9841255	2
3	9841256	9844057	3
3	9844058	9855136	2
3	9855137	9866709	0
3	9866710	9880252	1
3	9880253	9890570	0
3	9890571	9894347	2
3	9894348	9902617	0
3	9902618	9916400	2
3	9916401	9917072	0
3	9917073	9933619	2
3	9933620	9933820	0
3	9933821	9945411	2
3	9945412	9945540	0
3	9945541	9952392	1
3	9952393	9962535	0
3	9962536	10011114	1
3	10011115	10026412	0
3	10026413	10081318	2
3	10081319	10099658	3
3	10099659	10101928	2
3	10101929	10108229	1
3	10108230	10115590	0
3	10115591	10127188	2
3	10127189	10141006	0
3	10141007	10152218	2
3	10152219	10164863	0
3	10164864	10243741	2
3	10243742	10248021	0
3	10248022	10281216	2
3	10281217	10285673	0
3	10285674	10292945	1
3	10292946	10300929	0
3	10300930	10321176	1
3	10321177	10324021	0
3	10324022	10708005	1
3	10708006	10816198	0
3	10816199	10940731	2
3	10940732	10992184	0
3	10992185	11039247	2
3	11039248	11137091	0
3	11137092	11263555	2
3	11263556	11272307	0
3	11272308	11556068	2
3	11556069	11557663	3
3	11557664	11771348	1
3	11771349	11790440	0
3	11790441	11846917	1
3	11846918	12004400	0
3	12004401	12153049	2
3	12153050	12159349	3
3	12159350	12191398	2
3	12191399	12287366	0
3	12287367	12434354	2
3	12434355	12484430	0
3	12484431	12539618	2
3	12539619	12539970	0
3	12539971	12545554	1
3	12545555	12557012	0
3	12557013	12583599	2
3	12583600	12583711	3
3	12583712	12664224	1
3	12664225	12733523	0
3	12733524	12769455	1
3	12769456	12796470	0
3	12796471	12834483	2
3	12834484	12834800	3
3	12834801	12834944	2
3	12834945	12841580	3
3	12841581	12871914	2
3	12871915	12897218	0
3	12897219	13283279	1
3	13283280	13316233	0
3	13316234	13420307	1
3	13420308	13479722	0
3	13479723	13506422	2
3	13506423	13549129	0
3	13549130	13638420	2
3	13638421	13816256	0
3	13816257	13880119	1
3	13880120	14112075	0
3	14112076	14124868	1
3	14124869	14124938	0
3	14124939	14143677	2
3	14143678	14145145	0
3	14145146	14178356	1
3	14178357	14178781	3
3	14178782	14201117	2
3	14201118	14402574	0
3	14402575	14489109	2
3	14489110	14489345	3
3	14489346	14489347	2
3	14489348	14556073	1
3	14556074	14651744	0
3	14651745	14672657	2
3	14672658	14675097	0
3	14675098	14773032	2
3	14773033	14810851	0
3	14810852	14934563	2
3	14934564	14947582	0
3	14947583	15048516	2
3	15048517	15049271	3
3	15049272	15051715	2
3	15051716	15053598	3
3	15053599	15065333	1
3	15065334	15070071	0
3	15070072	15099161	1
3	15099162	15206241	0
3	15206242	15252916	2
3	15252917	15254851	0
3	15254852	15341366	1
3	15341367	15381273	0
3	15381274	15427353	1
3	15427354	15427516	3
3	15427517	15440564	1
3	15440565	15442611	2
3	15442612	15450131	0
3	15450132	15521749	1
3	15521750	15560702	0
3	15560703	15601339	1
3	15601340	15601829	3
3	15601830	15601850	1
3	15601851	15647638	2
3	15647639	15667234	0
3	15667235	15859769	1
3	15859770	16174647	0
3	16174648	16231990	2
3	16231991	16257976	0
3	16257977	16264970	1
3	16264971	16265158	0
3	16265159	16315843	2
3	16315844	16337359	3
3	16337360	16350297	2
3	16350298	16514024	1
3	16514025	16586790	0
3	16586791	16670304	1
3	16670305	16884957	0
3	16884958	17090592	2
3	17090593	17157160	0
3	17157161	17742650	1
3	17742651	18345385	0
3	18345386	18445586	1
3	18445587	19148452	0
3	19148453	19535644	2
3	19535645	19879470	0
3	19879471	19947007	1
3	19947008	19947077	0
3	19947078	19985173	2
3	19985174	19985378	0
3	19985379	20012328	1
3	20012329	20040021	0
3	20040022	20154402	2
3	20154403	20160591	0
3	20160592	20186290	1
3	20186291	21412220	0
3	21412221	22373191	1
3	22373192	23203018	0
3	23203019	23591791	2
3	23591792	23805901	0
3	23805902	23891314	2
3	23891315	23891658	0
3	23891659	23916543	1
3	23916544	23916967	3
3	23916968	23916977	1
3	23916978	23919407	3
3	23919408	23945258	1
3	23945259	23946589	3
3	23946590	23980616	2
3	23980617	24117151	0
3	24117152	24495754	1
3	24495755	25174330	0
3	25174331	25597903	2
3	25597904	25597930	3
3	25597931	25664905	1
3	25664906	25718943	0
3	25718944	25783071	1
3	25783072	25783496	3
3	25783497	25790037	1
3	25790038	25794532	2
3	25794533	26622804	0
3	26622805	26710774	2
3	26710775	27110083	0
3	27110084	27369458	1
3	27369459	27372719	0
3	27372720	27484418	1
3	27484419	27715947	0
3	27715948	27722709	1
3	27722710	28241593	0
3	28241594	28315001	2
3	28315002	28325140	3
3	28325141	28349125	1
3	28349126	28349144	0
3	28349145	28538120	2
3	28538121	28576464	0
3	28576465	30010389	2
3	30010390	30606500	0
3	30606501	30694140	2
3	30694141	30726198	0
3	30726199	30894763	1
3	30894764	31532788	0
3	31532789	31637620	2
3	31637621	31657888	0
3	31657889	31981300	1
3	31981301	31981772	0
3	31981773	31991626	2
3	31991627	32105687	0
3	32105688	32168711	2
3	32168712	32238677	0
3	32238678	32370323	2
3	32370324	32391669	0
3	32391670	32455526	2
3	32455527	32481310	0
3	32481311	32503406	1
3	32503407	32525969	0
3	32525970	32570872	1
3	32570873	32685143	0
3	32685144	32773873	2
3	32773874	32818016	0
3	32818017	32897824	2
3	32897825	32951572	0
3	32951573	32956347	2
3	32956348	32996606	0
3	32996607	33097228	1
3	33097229	33113977	0
3	33113978	33147771	2
3	33147772	33150040	0
3	33150041	33219213	1
3	33219214	33277420	0
3	33277421	33388090	2
3	33388091	33388334	0
3	33388335	33440585	1
3	33440586	33496243	0
3	33496244	33718354	1
3	33718355	33798350	0
3	33798351	33869705	2
3	33869706	35638943	0
3	35638944	35794494	2
3	35794495	36380342	0
3	36380343	36548005	2
3	36548006	36712420	0
3	36712421	36764347	1
3	36764348	36826818	0
3	36826819	36945096	1
3	36945097	36985041	0
3	36985042	36993166	1
3	36993167	36993330	0
3	36993331	37050916	2
3	37050917	37052654	0
3	37052655	37176530	1
3	37176531	37243175	0
3	37243176	37366749	2
3	37366750	37452113	0
3	37452114	37823512	2
3	37823513	37861958	0
3	37861959	37984467	2
3	37984468	37988057	0
3	37988058	38007186	2
3	38007187	38007496	0
3	38007497	38029760	1
3	38029761	38039203	0
3	38039204	38122708	2
3	38122709	38122735	3
3	38122736	38122831	2
3	38122832	38123547	3
3	38123548	38137240	1
3	38137241	38138476	0
3	38138477	38143020	2
3	38143021	38165503	0
3	38165504	38255486	2
3	38255487	38265810	0
3	38265811	38278755	2
3	38278756	38282292	0
3	38282293	38318573	2
3	38318574	38346758	0
3	38346759	38420649	2
3	38420650	38453849	0
3	38453850	38493140	2
3	38493141	38496270	0
3	38496271	38525949	2
3	38525950	38548055	0
3	38548056	38649671	1
3	38649672	38696805	0
3	38696806	38816215	1
3	38816216	38845767	0
3	38845768	38950559	1
3	38950560	39051996	0
3	39051997	39096386	2
3	39096387	39096657	0
3	39096658	39107702	1
3	39107703	39108361	3
3	39108362	39138898	2
3	39138899	39141853	0
3	39141854	39154560	1
3	39154561	39183208	0
3	39183209	39192594	1
3	39192595	39263492	0
3	39263493	39281733	1
3	39281734	39329704	0
3	39329705	39333509	2
3	39333510	39383322	0
3	39383323	39397349	2
3	39397350	39406687	0
3	39406688	39412540	2
3	39412541	39467196	0
3	39467197	39516001	2
3	39516002	39808912	0
3	39808913	40260319	2
3	40260320	40309682	0
3	40309683	40312422	2
3	40312423	40387154	0
3	40387155	40428617	2
3	40428618	40457290	0
3	40457291	40468585	2
3	40468586	40477111	0
3	40477112	40490234	2
3	40490235	40505990	0
3	40505991	40518734	2
3	40518735	40524876	0
3	40524877	40539792	2
3	40539793	41194739	0
3	41194740	41240451	2
3	41240452	41246605	0
3	41246606	41962428	1
3	41962429	42013800	0
3	42013801	42225887	2
3	42225888	42257823	0
3	42257824	42266205	1
3	42266206	42397076	0
3	42397077	42410598	1
3	42410599	42489297	0
3	42489298	42537571	2
3	42537572	42547967	0
3	42547968	42581838	1
3	42581839	42581940	3
3	42581941	42590836	1
3	42590837	42594994	3
3	42594995	42600612	1
3	42600613	42601078	3
3	42601079	42648739	2
3	42648740	42653682	0
3	42653683	42665852	2
3	42665853	42685517	0
3	42685518	42692542	2
3	42692543	42692661	0
3	42692662	42702825	1
3	42702826	42705754	0
3	42705755	42804529	1
3	42804530	42809470	0
3	42809471	42856003	2
3	42856004	42867281	3
3	42867282	42872190	2
3	42872191	42876163	3
3	42876164	43057682	2
3	43057683	43079230	0
3	43079231	43106074	1
3	43106075	43286510	0
3	43286511	43351141	2
3	43351142	43365846	0
3	43365847	43690111	1
3	43690112	43691592	3
3	43691593	43734369	2
3	43734370	44241884	0
3	44241885	44332096	2
3	44332097	44338117	0
3	44338118	44409449	2
3	44409450	44431718	0
3	44431719	44477668	1
3	44477669	44494845	0
3	44494846	44510634	1
3	44510635	44555191	0
3	44555192	44648469	2
3	44648470	44648725	0
3	44648726	44660789	2
3	44660790	44712641	0
3	44712642	44723829	2
3	44723830	44729594	0
3	44729595	44737081	2
3	44737082	44748742	0
3	44748743	44761660	1
3	44761661	44761715	0
3	44761716	44853259	2
3	44853260	44861867	0
3	44861868	44865668	2
3	44865669	44874609	0
3	44874610	44914988	2
3	44914989	44915255	0
3	44915256	44976183	1
3	44976184	44976228	0
3	44976229	45011468	2
3	45011469	45026181	0
3	45026182	45036069	2
3	45036070	45082276	0
3	45082277	45146420	1
3	45146421	45224464	0
3	45224465	45226276	1
3	45226277	45388504	0
3	45388505	45549419	2
3	45549420	45594322	0
3	45594323	45686336	2
3	45686337	45689239	0
3	45689240	45745422	2
3	45745423	45755448	0
3	45755449	45796533	1
3	45796534	45823314	0
3	45823315	45886502	1
3	45886503	45903173	3
3	45903174	45915722	1
3	45915723	45917897	0
3	45917898	45940931	1
3	45940932	45948335	3
3	45948336	45995822	1
3	45995823	46017022	0
3	46017023	46027740	1
3	46027741	46163602	0
3	46163603	46201707	2
3	46201708	46208394	3
3	46208395	46266704	2
3	46266705	46353732	0
3	46353733	46360926	2
3	46360927	46370852	0
3	46370853	46376204	2
3	46376205	46407161	0
3	46407162	46409521	2
3	46409522	46435643	0
3	46435644	46485232	1
3	46485233	46497489	0
3	46497490	46500947	2
3	46500948	46515421	0
3	46515422	46574532	1
3	46574533	46580097	3
3	46580098	46582461	2
3	46582462	46612433	0
3	46612434	46626541	2
3	46626542	46669187	0
3	46669188	46693699	1
3	46693700	46694526	0
3	46694527	46710884	2
3	46710885	46712113	0
3	46712114	46812572	1
3	46812573	46829540	0
3	46829541	46834093	1
3	46834094	46857870	0
3	46857871	46877744	1
3	46877745	46882167	3
3	46882168	46903797	2
3	46903798	46921724	0
3	46921725	46979681	1
3	46979682	46981980	3
3	46981981	46982008	1
3	46982009	47009701	2
3	47009702	47016687	0
3	47016688	47163965	1
3	47163966	47228024	0
3	47228025	47282944	1
3	47282945	47283449	3
3	47283450	47346814	2
3	47346815	47381012	0
3	47381013	47413439	2
3	47413440	47413692	0
3	47413693	47477124	1
3	47477125	47495638	0
3	47495639	47513759	1
3	47513760	47562237	0
3	47562238	47580790	1
3	47580791	47585270	0
3	47585271	47781915	1
3	47781916	47802926	0
3	47802927	47850193	2
3	47850194	47850688	0
3	47850689	48089270	1
3	48089271	48157144	0
3	48157145	48188400	1
3	48188401	48223345	0
3	48223346	48225489	2
3	48225490	48241098	0
3	48241099	48290720	2
3	48290721	48299251	3
3	48299252	48301683	1
3	48301684	48306840	0
3	48306841	48328339	1
3	48328340	48372217	0
3	48372218	48394723	2
3	48394724	48403852	0
3	48403853	48430049	1
3	48430050	48432162	0
3	48432163	48440255	1
3	48440256	48440454	3
3	48440455	48444206	2
3	48444207	48446708	0
3	48446709	48467643	2
3	48467644	48467796	0
3	48467797	48504824	1
3	48504825	48517682	0
3	48517683	48561170	1
3	48561171	48561725	0
3	48561726	48563771	1
3	48563772	48564071	0
3	48564072	48595265	1
3	48595266	48599001	0
3	48599002	48610035	1
3	48610036	48620757	0
3	48620758	48621853	1
3	48621854	48625721	0
3	48625722	48635491	1
3	48635492	48636467	0
3	48636468	48662913	1
3	48662914	48673842	0
3	48673843	48686362	1
3	48686363	48688001	0
3	48688002	48717276	1
3	48717277	48744595	0
3	48744596	48847844	1
3	48847845	48856929	0
3	48856930	48898991	1
3	48898992	48917786	0
3	48917787	48918819	1
3	48918820	48919383	3
3	48919384	48986380	2
3	48986381	48989884	0
3	48989885	49015486	2
3	49015487	49015951	3
3	49015952	49020457	1
3	49020458	49021056	3
3	49021057	49021183	1
3	49021184	49021249	3
3	49021250	49021603	1
3	49021604	49022291	3
3	49022292	49023493	2
3	49023494	49024323	0
3	49024324	49029388	1
3	49029389	49029705	0
3	49029706	49094361	1
3	49094362	49095930	0
3	49095931	49105133	1
3	49105134	49108044	0
3	49108045	49120936	1
3	49120937	49121112	0
3	49121113	49133116	1
3	49133117	49162533	0
3	49162534	49166319	1
3	49166320	49171609	0
3	49171610	49176484	2
3	49176485	49177630	0
3	49177631	49191856	1
3	49191857	49198426	0
3	49198427	49258102	2
3	49258103	49268784	0
3	49268785	49340069	1
3	49340070	49359143	0
3	49359144	49412200	1
3	49412201	49412204	0
3	49412205	49416473	2
3	49416474	49416773	0
3	49416774	49429324	1
3	49429325	49468701	0
3	49468702	49535616	2
3	49535617	49554487	0
3	49554488	49671543	2
3	49671544	49674000	0
3	49674001	49683945	2
3	49683946	49683961	3
3	49683962	49689051	1
3	49689052	49689497	0
3	49689498	49716832	2
3	49716833	49719693	3
3	49719694	49719922	2
3	49719923	49721525	3
3	49721526	49723949	1
3	49723950	49724292	0
3	49724293	49786540	1
3	49786541	49790730	0
3	49790731	49799833	1
3	49799834	49803252	0
3	49803253	49805028	2
3	49805029	49805205	0
3	49805206	49813944	1
3	49813945	49828597	0
3	49828598	49856572	1
3	49856573	49857987	0
3	49857988	49870220	1
3	49870221	49887000	0
3	49887001	49903871	1
3	49903872	49907158	0
3	49907159	49930171	1
3	49930172	49940005	0
3	49940006	50077250	2
3	50077251	50088906	0
3	50088907	50119019	2
3	50119020	50155043	0
3	50155044	50189073	2
3	50189074	50191610	0
3	50191611	50196514	2
3	50196515	50205244	0
3	50205245	50221484	2
3	50221485	50226290	0
3	50226291	50259353	2
3	50259354	50267556	0
3	50267557	50277177	2
3	50277178	50279025	0
3	50279026	50287730	2
3	50287731	50288112	3
3	50288113	50299466	1
3	50299467	50299887	0
3	50299888	50312379	1
3	50312380	50317788	0
3	50317789	50322904	1
3	50322905	50324905	0
3	50324906	50328241	1
3	50328242	50329780	0
3	50329781	50340934	1
3	50340935	50341108	0
3	50341109	50346850	1
3	50346851	50347486	0
3	50347487	50350693	1
3	50350694	50351089	3
3	50351090	50354747	2
3	50354748	50359608	3
3	50359609	50362797	2
3	50362798	50367921	3
3	50367922	50504242	1
3	50504243	50558023	0
3	50558024	50569150	1
3	50569151	50570989	3
3	50570990	50596166	2
3	50596167	50606494	0
3	50606495	50611829	1
3	50611830	50611906	0
3	50611907	50649295	2
3	50649296	50675239	0
3	50675240	51384196	2
3	51384197	51385045	0
3	51385046	51389395	2
3	51389396	51391266	0
3	51391267	51395865	2
3	51395866	51397906	3
3	51397907	51500000	1
3	51500001	51541578	0
3	51541579	51704321	2
3	51704322	51707068	0
3	51707069	51718408	2
3	51718409	51778559	0
3	51778560	51779239	1
3	51779240	51798801	0
3	51798802	51830854	2
3	51830855	51861636	0
3	51861637	51863422	2
3	51863423	51873719	0
3	51873720	51875582	1
3	51875583	51894874	0
3	51894875	51903333	1
3	51903334	51933428	0
3	51933429	51941939	1
3	51941940	51942343	0
3	51942344	51948865	2
3	51948866	51955312	0
3	51955313	51957452	2
3	51957453	51957502	3
3	51957503	51971424	1
3	51971425	51974014	3
3	51974015	51975024	1
3	51975025	51981197	3
3	51981198	51983276	1
3	51983277	51983407	3
3	51983408	51989200	2
3	51989201	51993520	0
3	51993521	51995940	1
3	51995941	52048917	0
3	52048918	52056548	1
3	52056549	52075251	0
3	52075252	52154688	1
3	52154689	52198084	0
3	52198085	52214325	2
3	52214326	52221078	0
3	52221079	52239258	1
3	52239259	52245791	0
3	52245792	52250595	2
3	52250596	52254419	0
3	52254420	52287087	1
3	52287088	52288018	3
3	52288019	52293474	2
3	52293475	52316317	0
3	52316318	52400489	2
3	52400490	52401011	0
3	52401012	52410348	1
3	52410349	52410655	0
3	52410656	52423639	2
3	52423640	52433051	0
3	52433052	52445083	1
3	52445084	52451100	0
3	52451101	52454068	1
3	52454069	52455116	0
3	52455117	52493069	2
3	52493070	52495336	0
3	52495337	52524383	2
3	52524384	52524493	3
3	52524494	52535052	1
3	52535053	52536600	0
3	52536601	52545350	2
3	52545351	52579235	3
3	52579236	52681154	1
3	52681155	52685834	3
3	52685835	52685915	1
3	52685916	52694486	2
3	52694487	52694490	3
3	52694491	52704953	1
3	52704954	52705784	3
3	52705785	52705838	1
3	52705839	52708447	2
3	52708448	52711144	3
3	52711145	52770947	1
3	52770948	52777590	0
3	52777591	52792066	2
3	52792067	52794766	0
3	52794767	52809007	2
3	52809008	52812973	0
3	52812974	52830737	1
3	52830738	52833112	0
3	52833113	52897594	1
3	52897595	52903570	0
3	52903571	53046661	1
3	53046662	53088481	0
3	53088482	53130460	1
3	53130461	53156007	0
3	53156008	53192715	2
3	53192716	53224705	0
3	53224706	53256029	1
3	53256030	53283426	0
3	53283427	53328961	1
3	53328962	53347608	3
3	53347609	53812333	2
3	53812334	53812463	3
3	53812464	53813731	2
3	53813732	53846388	1
3	53846389	53846578	0
3	53846579	53865798	2
3	53865799	53867064	0
3	53867065	53882200	1
3	53882201	53884408	0
3	53884409	53891986	1
3	53891987	54122545	0
3	54122546	54918235	2
3	54918236	54928072	3
3	54928073	55074555	2
3	55074556	55465713	0
3	55465714	55489943	1
3	55489944	55508306	0
3	55508307	56468361	1
3	56468362	56557159	0
3	56557160	56620543	2
3	56620544	56621795	3
3	56621796	56683235	1
3	56683236	56727416	0
3	56727417	57060439	1
3	57060440	57075430	3
3	57075431	57079306	1
3	57079307	57089980	0
3	57089981	57170304	1
3	57170305	57197836	0
3	57197837	57227604	1
3	57227605	57227735	0
3	57227736	57268345	2
3	57268346	57273466	3
3	57273467	57292680	1
3	57292681	57293697	0
3	57293698	57544342	1
3	57544343	57556274	0
3	57556275	57566842	2
3	57566843	57571361	0
3	57571362	57598218	1
3	57598219	57625455	0
3	57625456	57693087	1
3	57693088	57756228	0
3	57756229	57929166	2
3	57929167	58008398	0
3	58008399	58172249	2
3	58172250	58192255	0
3	58192256	58214695	1
3	58214696	58237504	0
3	58237505	58294732	2
3	58294733	58306260	0
3	58306261	58324693	2
3	58324694	58332878	0
3	58332879	58426124	2
3	58426125	58427628	0
3	58427629	58433855	1
3	58433856	58492112	0
3	58492113	58502358	2
3	58502359	58505134	0
3	58505135	58537317	1
3	58537318	58564115	0
3	58564116	58627608	1
3	58627609	58633944	0
3	58633945	58666846	1
3	58666847	58717363	0
3	58717364	59050082	1
3	59050083	59749308	0
3	59749309	61251457	1
3	61251458	61561909	0
3	61561910	62297611	2
3	62297612	62318971	0
3	62318972	62336211	2
3	62336212	62369679	0
3	62369680	62374322	1
3	62374323	62398344	0
3	62398345	62875387	1
3	62875388	63278121	0
3	63278122	63616919	2
3	63616920	63652666	0
3	63652667	63679018	2
3	63679019	63819360	0
3	63819361	63833868	2
3	63833869	63848634	3
3	63848635	63863901	1
3	63863902	63864555	0
3	63864556	64003460	2
3	64003461	64010547	0
3	64010548	64024008	1
3	64024009	64092240	0
3	64092241	64445405	1
3	64445406	64515652	0
3	64515653	64687998	1
3	64687999	65353523	0
3	65353524	66038548	1
3	66038549	66133608	0
3	66133609	66378795	2
3	66378796	66378925	3
3	66378926	66501009	1
3	66501010	66998305	0
3	66998306	67011208	2
3	67011209	67360458	0
3	67360459	67654612	1
3	67654613	68004214	0
3	68004215	68545623	2
3	68545624	68731764	0
3	68731765	68953295	1
3	68953296	68975212	0
3	68975213	69013959	1
3	69013960	69019825	0
3	69019826	69052337	1
3	69052338	69054728	0
3	69054729	69080406	1
3	69080407	69084942	0
3	69084943	69106064	2
3	69106065	69106870	0
3	69106871	69123030	1
3	69123031	69169988	0
3	69169989	69542581	1
3	69542582	69739433	0
3	69739434	69968335	2
3	69968336	70196892	0
3	70196893	70312724	1
3	70312725	70952815	0
3	70952816	71754048	1
3	71754049	71754227	3
3	71754228	71754771	1
3	71754772	71756494	2
3	71756495	71771654	0
3	71771655	71785204	1
3	71785205	72371823	0
3	72371824	72446619	1
3	72446620	72749277	0
3	72749278	72861912	1
3	72861913	72888071	0
3	72888072	73069197	2
3	73069198	73382431	0
3	73382432	73624938	1
3	73624939	74262566	0
3	74262567	74521138	1
3	74521139	75664328	0
3	75664329	75667218	2
3	75667219	75729959	0
3	75729960	75785581	1
3	75785582	75906693	0
3	75906694	77649962	2
3	77649963	78597238	0
3	78597239	79767813	1
3	79767814	81489697	0
3	81489698	81762159	1
3	81762160	84958979	0
3	84958980	86074427	2
3	86074428	86937967	0
3	86937968	86991117	1
3	86991118	87227269	0
3	87227270	87255546	2
3	87255547	87259402	0
3	87259403	87276585	1
3	87276586	87990694	0
3	87990695	87993833	2
3	87993834	88051942	0
3	88051943	88059272	1
3	88059273	88144663	3
3	88144664	88149741	1
3	88149742	88149883	3
3	88149884	88157966	2
3	88157967	88338411	0
3	88338412	88467560	2
3	88467561	89107522	0
3	89107523	89482132	2
3	89482133	93873031	0
3	93873032	93980001	1
3	93980002	93980137	0
3	93980138	94014367	2
3	94014368	94028608	3
3	94028609	94055666	2
3	94055667	94057920	0
3	94057921	94062914	1
3	94062915	94062985	3
3	94062986	94063387	1
3	94063388	94128543	2
3	94128544	96617186	0
3	96617187	96618234	1
3	96618235	96814579	0
3	96814580	97749239	2
3	97749240	97764519	0
3	97764520	97801240	2
3	97801241	97822038	0
3	97822039	97941816	2
3	97941817	97944961	3
3	97944962	97972455	1
3	97972456	97986671	0
3	97986672	98035302	1
3	98035303	98087171	0
3	98087172	98088100	2
3	98088101	98130719	0
3	98130720	98138546	2
3	98138547	98147477	0
3	98147478	98156612	2
3	98156613	98166694	0
3	98166695	98169772	2
3	98169773	98263250	0
3	98263251	98265354	2
3	98265355	98282886	0
3	98282887	98283830	2
3	98283831	98353852	0
3	98353853	98354817	2
3	98354818	98390664	0
3	98390665	98391629	2
3	98391630	98463199	0
3	98463200	98472922	2
3	98472923	98497602	0
3	98497603	98497910	2
3	98497911	98498661	3
3	98498662	98523064	1
3	98523065	98531897	0
3	98531898	98533148	2
3	98533149	98579444	0
3	98579445	98593721	1
3	98593722	98732234	0
3	98732235	98795843	2
3	98795844	98795939	0
3	98795940	98901687	1
3	98901688	99638473	0
3	99638474	99799224	2
3	99799225	99817832	0
3	99817833	99830477	2
3	99830478	99848610	3
3	99848611	99898125	2
3	99898126	100114511	3
3	100114512	100181730	2
3	100181731	100260998	0
3	100260999	100325249	2
3	100325250	100334699	0
3	100334700	100361633	2
3	100361634	100363429	0
3	100363430	100401191	1
3	100401192	100401396	3
3	100401397	100456317	2
3	100456318	100492617	0
3	100492618	100577442	2
3	100577443	100609587	0
3	100609588	100695477	2
3	100695478	100709329	0
3	100709330	100748964	2
3	100748965	100749154	0
3	100749155	100993513	1
3	100993514	101222544	0
3	101222545	101320558	1
3	101320559	101324203	0
3	101324204	101513239	1
3	101513240	101561860	0
3	101561861	101566444	2
3	101566445	101574093	0
3	101574094	101594435	2
3	101594436	101648887	0
3	101648888	101677493	1
3	101677494	101681090	0
3	101681091	101686780	1
3	101686781	101723923	0
3	101723924	101770560	2
3	101770561	101779200	0
3	101779201	101827390	2
3	101827391	101827989	0
3	101827990	101861020	2
3	101861021	102099242	0
3	102099243	102479839	2
3	102479840	105366907	0
3	105366908	105576898	2
3	105576899	105655459	0
3	105655460	105869550	1
3	105869551	107377192	0
3	107377193	107378635	2
3	107378636	107522934	0
3	107522935	107811322	2
3	107811323	108043092	0
3	108043093	108091860	1
3	108091861	108160810	0
3	108160811	108222568	1
3	108222569	108296488	0
3	108296489	108378283	2
3	108378284	108380367	0
3	108380368	108529320	1
3	108529321	108549867	0
3	108549868	108589450	1
3	108589451	108589680	0
3	108589681	108694844	2
3	108694845	108755635	0
3	108755636	108757382	1
3	108757383	108822696	0
3	108822697	108855003	2
3	108855004	108907790	0
3	108907791	108953893	1
3	108953894	108958237	0
3	108958238	109118140	1
3	109118141	109136712	0
3	109136713	109150512	2
3	109150513	109293786	0
3	109293787	109316515	1
3	109316516	109326139	0
3	109326140	109337570	1
3	109337571	111070069	0
3	111070070	111275561	2
3	111275562	111292717	0
3	111292718	111592898	2
3	111592899	111595441	3
3	111595442	111652370	2
3	111652371	111674674	0
3	111674675	111976515	2
3	111976516	111979033	0
3	111979034	111993361	2
3	111993362	111998662	0
3	111998663	112013885	2
3	112013886	112034841	0
3	112034842	112081267	2
3	112081268	112086333	0
3	112086334	112120839	2
3	112120840	112128747	3
3	112128748	112133303	1
3	112133304	112140885	0
3	112140886	112294256	1
3	112294257	112332345	0
3	112332346	112362810	2
3	112362811	112463966	0
3	112463967	112499559	1
3	112499560	112532507	0
3	112532508	112561707	1
3	112561708	112561961	3
3	112561962	112562008	1
3	112562009	112562044	3
3	112562045	112585575	2
3	112585576	112596792	0
3	112596793	112641298	1
3	112641299	112815707	0
3	112815708	112846854	1
3	112846855	112921207	0
3	112921208	112975120	1
3	112975121	112990916	0
3	112990917	113001933	2
3	113001934	113002438	0
3	113002439	113019837	1
3	113019838	113211001	0
3	113211002	113287457	2
3	113287458	113290118	0
3	113290119	113441608	1
3	113441609	113442716	0
3	113442717	113515185	1
3	113515186	113532294	0
3	113532295	113629576	2
3	113629577	113648383	0
3	113648384	113696644	1
3	113696645	113716458	0
3	113716459	113746298	1
3	113746299	113747017	0
3	113747018	113812054	2
3	113812055	113838416	0
3	113838417	113947172	2
3	113947173	113947899	0
3	113947900	113964135	2
3	113964136	113965399	3
3	113965400	114005831	1
3	114005832	114056611	3
3	114056612	114088420	2
3	114088421	114128650	0
3	114128651	114199405	1
3	114199406	114234629	0
3	114234630	114237576	1
3	114237577	114276911	0
3	114276912	114310286	2
3	114310287	114314499	0
3	114314500	115147269	1
3	115147270	115623322	0
3	115623323	115721488	2
3	115721489	115802361	0
3	115802362	117139387	1
3	117139388	118900555	0
3	118900556	119146066	1
3	119146067	119146148	0
3	119146149	119205151	2
3	119205152	119211730	0
3	119211731	119241101	1
3	119241102	119294371	0
3	119294372	119420712	2
3	119420713	119429498	0
3	119429499	119468828	1
3	119468829	119468936	0
3	119468937	119494706	2
3	119494707	119498530	0
3	119498531	119524291	2
3	119524292	119525088	3
3	119525089	119559600	1
3	119559601	119579266	0
3	119579267	119589943	2
3	119589944	119597840	0
3	119597841	119629809	2
3	119629810	119642057	0
3	119642058	119660881	1
3	119660882	119669269	0
3	119669270	119677401	1
3	119677402	119703020	0
3	119703021	119818483	2
3	119818484	119821321	0
3	119821322	120094415	1
3	120094416	120165479	0
3	120165480	120285092	1
3	120285093	120324507	0
3	120324508	120349337	1
3	120349338	120392291	0
3	120392292	120451251	1
3	120451252	120596307	0
3	120596308	120602498	2
3	120602499	120628171	0
3	120628172	120682569	1
3	120682570	120686679	0
3	120686680	120742535	1
3	120742536	120742635	0
3	120742636	120783067	2
3	120783068	120908070	0
3	120908071	121424759	2
3	121424760	121431425	0
3	121431426	121546639	1
3	121546640	121570702	0
3	121570703	121586632	2
3	121586633	121593117	0
3	121593118	121630293	2
3	121630294	121631397	0
3	121631398	121660909	1
3	121660910	121663197	0
3	121663198	121749765	1
3	121749766	121769761	0
3	121769762	121835077	1
3	121835078	121835213	0
3	121835214	121886524	2
3	121886525	121894087	0
3	121894088	121944100	2
3	121944101	121987321	0
3	121987322	122022256	1
3	122022257	122055364	0
3	122055365	122121137	2
3	122121138	122183681	0
3	122183682	122291627	2
3	122291628	122325242	0
3	122325243	122341970	2
3	122341971	122359589	0
3	122359590	122383229	1
3	122383230	122384174	0
3	122384175	122412330	2
3	122412331	122412332	3
3	122412333	122416049	1
3	122416050	122421947	0
3	122421948	122514943	1
3	122514944	122527922	0
3	122527923	122564236	1
3	122564237	122564575	3
3	122564576	122575201	2
3	122575202	122577600	0
3	122577601	122639045	2
3	122639046	122680616	0
3	122680617	122730838	2
3	122730839	122740001	0
3	122740002	122793822	1
3	122793823	122794793	0
3	122794794	122881137	2
3	122881138	122909080	0
3	122909081	123027876	1
3	123027877	123067068	0
3	123067069	123162102	2
3	123162103	123201956	0
3	123201957	123274128	2
3	123274129	123282294	0
3	123282295	123449756	1
3	123449757	123491552	0
3	123491553	123585183	1
3	123585184	123610047	0
3	123610048	123884329	1
3	123884330	123897509	0
3	123897510	123961406	1
3	123961407	123968519	0
3	123968520	123992176	1
3	123992177	124080021	0
3	124080022	124726323	2
3	124726324	124730364	0
3	124730365	124749271	2
3	124749272	124761946	0
3	124761947	124901416	1
3	124901417	124905440	0
3	124905441	124934749	1
3	124934750	124965708	0
3	124965709	125055956	1
3	125055957	125082634	0
3	125082635	125212763	1
3	125212764	125225559	0
3	125225560	125375352	1
3	125375353	125446642	0
3	125446643	125520195	1
3	125520196	125528856	0
3	125528857	125595088	1
3	125595089	125929273	0
3	125929274	125937037	1
3	125937038	125969142	0
3	125969143	125983452	2
3	125983453	126006353	0
3	126006354	126101555	1
3	126101556	126103560	0
3	126103561	126197992	1
3	126197993	126342633	0
3	126342634	126357440	1
3	126357441	126394937	0
3	126394938	126436553	2
3	126436554	126437599	0
3	126437600	126475917	1
3	126475918	126481279	0
3	126481280	126517771	1
3	126517772	126524281	0
3	126524282	126543289	2
3	126543290	126549671	0
3	126549672	126558963	1
3	126558964	126571780	0
3	126571781	126655153	1
3	126655154	126704218	0
3	126704219	126960404	2
3	126960405	126988592	0
3	126988593	127037390	2
3	127037391	127193129	0
3	127193130	127198183	2
3	127198184	127283782	0
3	127283783	127288044	1
3	127288045	127571264	0
3	127571265	127598221	1
3	127598222	127598265	3
3	127598266	127622434	2
3	127622435	127629179	0
3	127629180	127672807	2
3	127672808	127672938	0
3	127672939	127680918	2
3	127680919	127689060	0
3	127689061	127915230	1
3	127915231	127987664	3
3	127987665	128051639	1
3	128051640	128052188	3
3	128052189	128064780	2
3	128064781	128069837	3
3	128069838	128071680	2
3	128071681	128153452	1
3	128153453	128153912	3
3	128153913	128408644	2
3	128408645	128462437	0
3	128462438	128467246	1
3	128467247	128479425	0
3	128479426	128493183	1
3	128493184	128619968	0
3	128619969	128681073	1
3	128681074	128726120	0
3	128726121	128814794	2
3	128814795	128879609	0
3	128879610	128909864	2
3	128909865	128913112	3
3	128913113	128994113	1
3	128994114	129001627	0
3	129001628	129040740	2
3	129040741	129060765	0
3	129060766	129062404	2
3	129062405	129087567	0
3	129087568	129161291	1
3	129161292	129169482	0
3	129169483	129183920	1
3	129183921	129249604	0
3	129249605	129277771	2
3	129277772	129278826	0
3	129278827	129306184	2
3	129306185	129314769	0
3	129314770	129316275	1
3	129316276	129401319	0
3	129401320	129428649	1
3	129428650	129430942	0
3	129430943	129440034	1
3	129440035	129440177	3
3	129440178	129520505	2
3	129520506	129528638	0
3	129528639	129535167	2
3	129535168	129543212	0
3	129543213	129551465	2
3	129551466	129555173	0
3	129555174	129606816	1
3	129606817	129647790	0
3	129647791	129893604	1
3	129893605	129974303	0
3	129974304	129977936	2
3	129977937	130081829	0
3	130081830	130098388	2
3	130098389	130345514	0
3	130345515	130484842	2
3	130484843	130560332	0
3	130560333	130678153	2
3	130678154	130678933	0
3	130678934	130746827	1
3	130746828	130850593	0
3	130850594	131013873	2
3	131013874	131016682	3
3	131016683	131016710	2
3	131016711	131026848	1
3	131026849	131027647	3
3	131027648	131350463	2
3	131350464	131381669	0
3	131381670	131388828	2
3	131388829	131462210	0
3	131462211	131502981	1
3	131502982	131533560	0
3	131533561	132285408	1
3	132285409	132317365	0
3	132317366	132368296	2
3	132368297	132417524	0
3	132417525	132539030	2
3	132539031	132558142	0
3	132558143	132597235	1
3	132597236	132602213	3
3	132602214	132654444	1
3	132654445	132660721	3
3	132660722	132665737	1
3	132665738	132670282	3
3	132670283	132722440	1
3	132722441	133038389	0
3	133038390	133397790	2
3	133397791	133399993	0
3	133399994	133475191	2
3	133475192	133573728	0
3	133573729	133590259	2
3	133590260	133600269	0
3	133600270	133662378	1
3	133662379	133745954	0
3	133745955	133821490	2
3	133821491	133824237	0
3	133824238	133895834	1
3	133895835	133928143	0
3	133928144	134030074	1
3	134030075	134157131	0
3	134157132	134250742	1
3	134250743	134355872	0
3	134355873	134375477	1
3	134375478	134477704	0
3	134477705	134485741	1
3	134485742	134486021	3
3	134486022	134486044	1
3	134486045	134486714	3
3	134486715	134575011	2
3	134575012	134603136	0
3	134603137	134615363	1
3	134615364	134651016	3
3	134651017	134651020	1
3	134651021	135260465	2
3	135260466	135965671	0
3	135965672	136147889	2
3	136147890	136148920	0
3	136148921	136197239	1
3	136197240	136250304	0
3	136250305	136336231	2
3	136336232	136337893	3
3	136337894	136337894	2
3	136337895	136752401	1
3	136752402	136819017	0
3	136819018	136855890	2
3	136855891	136862206	0
3	136862207	136949821	2
3	136949822	136957863	0
3	136957864	137011083	2
3	137011084	137764282	0
3	137764283	137766336	2
3	137766337	137998733	0
3	137998734	138033653	2
3	138033654	138061988	0
3	138061989	138115816	1
3	138115817	138123716	0
3	138123717	138132385	1
3	138132386	138161010	0
3	138161011	138174947	1
3	138174948	138187246	0
3	138187247	138261435	2
3	138261436	138298382	3
3	138298383	138298387	2
3	138298388	138329884	1
3	138329885	138347646	0
3	138347647	138405532	2
3	138405533	138434611	0
3	138434612	138478412	2
3	138478413	138494342	0
3	138494343	138594536	1
3	138594537	138608607	0
3	138608608	138633374	2
3	138633375	138652697	0
3	138652698	138834936	1
3	138834937	138944222	0
3	138944223	138947138	1
3	138947139	138947232	0
3	138947233	138953449	2
3	138953450	139005466	0
3	139005467	139005804	1
3	139005805	139006266	3
3	139006267	139019029	2
3	139019030	139020924	3
3	139020925	139042100	2
3	139042101	139044890	3
3	139044891	139355598	2
3	139355599	139357044	3
3	139357045	139389730	1
3	139389731	139452882	0
3	139452883	139480745	1
3	139480746	139517432	0
3	139517433	139539827	1
3	139539828	139560189	0
3	139560190	139678015	1
3	139678016	139935183	0
3	139935184	140577395	2
3	140577396	140678037	0
3	140678038	140701148	2
3	140701149	140941828	0
3	140941829	140979931	2
3	140979932	141051400	0
3	141051401	141148609	2
3	141148610	141228724	0
3	141228725	141294904	2
3	141294905	141324211	0
3	141324212	141449790	2
3	141449791	141487047	0
3	141487048	141615340	2
3	141615341	141738202	0
3	141738203	141747558	2
3	141747559	141778146	0
3	141778147	141818488	2
3	141818489	141876122	0
3	141876123	141926482	2
3	141926483	141944426	0
3	141944427	142149530	1
3	142149531	142157525	0
3	142157526	142225605	1
3	142225606	142306605	0
3	142306606	142448060	1
3	142448061	142449235	0
3	142449236	142578824	1
3	142578825	142596385	0
3	142596386	142713662	2
3	142713663	142724072	0
3	142724073	142807886	2
3	142807887	142817867	0
3	142817868	142889204	1
3	142889205	142949162	0
3	142949163	142963680	1
3	142963681	142964495	0
3	142964496	143060544	2
3	143060545	143119329	0
3	143119330	143124012	2
3	143124013	143265220	0
3	143265221	143848529	1
3	143848530	143971796	0
3	143971797	143992365	2
3	143992366	146069438	0
3	146069439	146163651	1
3	146163652	146192337	0
3	146192338	146251177	1
3	146251178	146433286	0
3	146433287	146495989	1
3	146495990	146515178	0
3	146515179	146544862	1
3	146544863	146576553	0
3	146576554	146606214	1
3	146606215	147386044	0
3	147386045	147393893	1
3	147393894	147406858	3
3	147406859	147416717	2
3	147416718	148697782	0
3	148697783	148743006	2
3	148743007	148791100	0
3	148791101	148860185	2
3	148860186	148865254	0
3	148865255	148897194	2
3	148897195	148991339	0
3	148991340	149027666	2
3	149027667	149030125	0
3	149030126	149086552	1
3	149086553	149129582	0
3	149129583	149162415	2
3	149162416	149173730	3
3	149173731	149222053	1
3	149222054	149318496	0
3	149318497	149334412	1
3	149334413	149369020	0
3	149369021	149377863	1
3	149377864	149473972	0
3	149473973	149503279	2
3	149503280	149517233	0
3	149517234	149703271	1
3	149703272	149738468	0
3	149738469	149752497	1
3	149752498	149761098	0
3	149761099	149792764	1
3	149792765	149812706	0
3	149812707	149962137	2
3	149962138	149964902	0
3	149964903	150050786	1
3	150050787	150408333	0
3	150408334	150466429	2
3	150466430	150541992	0
3	150541993	150546683	1
3	150546684	150584021	3
3	150584022	150602873	1
3	150602874	150603172	3
3	150603173	150630443	2
3	150630444	150659883	0
3	150659884	150703969	1
3	150703970	150741125	0
3	150741126	150763429	1
3	150763430	150871043	0
3	150871044	150905437	1
3	150905438	150926161	0
3	150926162	150972997	1
3	150972998	151086392	0
3	151086393	151197830	2
3	151197831	151203190	3
3	151203191	151212115	2
3	151212116	151278465	3
3	151278466	151294101	2
3	151294102	151316950	3
3	151316951	151326310	2
3	151326311	151329546	3
3	151329547	151337378	2
3	151337379	151384810	3
3	151384811	151425382	2
3	151425383	151437070	3
3	151437071	151458707	1
3	151458708	151733925	0
3	151733926	151757764	2
3	151757765	151814035	0
3	151814036	151828486	2
3	151828487	151873641	0
3	151873642	151884617	2
3	151884618	152268038	0
3	152268039	152465778	2
3	152465779	152834691	0
3	152834692	152841437	2
3	152841438	153162268	0
3	153162269	153170618	2
3	153170619	154121001	0
3	154121002	154257825	2
3	154257826	154272544	0
3	154272545	154324495	1
3	154324496	154337670	0
3	154337671	154429713	1
3	154429714	155024122	0
3	155024123	155183727	2
3	155183728	155290227	0
3	155290228	155293773	1
3	155293774	155375578	0
3	155375579	155745065	1
3	155745066	155762615	0
3	155762616	155806349	1
3	155806350	155821022	0
3	155821023	155854444	1
3	155854445	155870534	0
3	155870535	155944024	2
3	155944025	156037699	0
3	156037700	156539136	2
3	156539137	156540138	0
3	156540139	156555182	1
3	156555183	156673233	0
3	156673234	156706768	2
3	156706769	156826298	0
3	156826299	157046127	2
3	157046128	157146506	0
3	157146507	157160758	1
3	157160759	157259740	0
3	157259741	157436787	1
3	157436788	157443626	3
3	157443627	157533617	1
3	157533618	157543244	0
3	157543245	157677747	2
3	157677748	158096009	0
3	158096010	158105853	1
3	158105854	158106048	3
3	158106049	158106501	1
3	158106502	158545728	2
3	158545729	158571161	0
3	158571162	158606458	2
3	158606459	158644276	0
3	158644277	158645820	2
3	158645821	158669591	3
3	158669592	158692573	2
3	158692574	158696890	0
3	158696891	158732196	1
3	158732197	158732694	3
3	158732695	158829717	2
3	158829718	159069250	0
3	159069251	159897364	2
3	159897365	159988748	0
3	159988749	159996017	2
3	159996018	160225494	0
3	160225495	160228211	2
3	160228212	160256984	0
3	160256985	160399272	1
3	160399273	160399530	3
3	160399531	160399542	1
3	160399543	160432443	2
3	160432444	160434960	3
3	160434961	160485771	1
3	160485772	160494993	0
3	160494994	160565586	1
3	160565587	160677157	0
3	160677158	160678450	2
3	160678451	160755600	0
3	160755601	161078905	2
3	161078906	161083881	0
3	161083882	161104694	1
3	161104695	161105349	3
3	161105350	161105382	1
3	161105383	161253530	2
3	161253531	161344790	0
3	161344791	161372878	1
3	161372879	161496806	0
3	161496807	161503940	2
3	161503941	164978896	0
3	164978897	165078493	1
3	165078494	165186718	0
3	165186719	165197107	1
3	165197108	165772902	0
3	165772903	165837470	1
3	165837471	167240285	0
3	167240286	167380299	1
3	167380300	167441787	0
3	167441788	167653981	1
3	167653982	167683296	0
3	167683297	167734937	1
3	167734938	167735241	0
3	167735242	167825566	2
3	167825567	168008675	0
3	168008676	168095973	1
3	168095974	169083497	0
3	169083498	169663468	1
3	169663469	169766919	0
3	169766920	169769893	1
3	169769894	169772829	0
3	169772830	169789714	2
3	169789715	169793426	0
3	169793427	169812984	1
3	169812985	169821920	0
3	169821921	169837773	2
3	169837774	169839177	0
3	169839178	169869928	1
3	169869929	169911570	0
3	169911571	169939173	2
3	169939174	169966763	0
3	169966764	169998371	2
3	169998372	170037927	0
3	170037928	170085401	2
3	170085402	170086730	0
3	170086731	170181747	1
3	170181748	170222363	0
3	170222364	170305979	2
3	170305980	170357713	0
3	170357714	170396833	2
3	170396834	170418863	0
3	170418864	170459582	2
3	170459583	170586072	3
3	170586073	170860378	2
3	170860379	170864873	0
3	170864874	170870481	1
3	170870482	170888413	0
3	170888414	170908691	1
3	170908692	170996346	0
3	170996347	171026748	1
3	171026749	171061337	0
3	171061338	171460406	1
3	171460407	171600403	0
3	171600404	171810492	1
3	171810493	171843347	0
3	171843348	171859316	2
3	171859317	172039626	0
3	172039627	172401663	2
3	172401664	172445131	0
3	172445132	172448454	1
3	172448455	172505506	0
3	172505507	172523505	1
3	172523506	172630247	0
3	172630248	172711216	1
3	172711217	172750680	0
3	172750681	172821472	2
3	172821473	172889356	0
3	172889357	173141266	1
3	173141267	173396282	0
3	173396283	174286642	2
3	174286643	174440985	0
3	174440986	175810550	2
3	175810551	177019353	0
3	177019354	177227998	1
3	177227999	178272930	0
3	178272931	178844427	2
3	178844428	179017221	0
3	179017222	179072277	1
3	179072278	179148112	0
3	179148113	179236689	2
3	179236690	179240091	3
3	179240092	179267000	1
3	179267001	179322989	0
3	179322990	179338581	2
3	179338582	179347690	0
3	179347691	179394929	2
3	179394930	179396087	0
3	179396088	179451588	1
3	179451589	179562878	0
3	179562879	179588283	2
3	179588284	179588406	3
3	179588407	179604652	1
3	179604653	179604700	0
3	179604701	179627645	2
3	179627646	179652753	0
3	179652754	179789399	2
3	179789400	179794956	0
3	179794957	180037051	1
3	180037052	180602128	0
3	180602129	180602856	2
3	180602857	180610976	3
3	180610977	180614586	2
3	180614587	180617826	3
3	180617827	180868139	1
3	180868140	180870931	3
3	180870932	180982751	2
3	180982752	180983707	0
3	180983708	180989772	1
3	180989773	181711922	0
3	181711923	181714434	2
3	181714435	182793498	0
3	182793499	182921633	2
3	182921634	182938072	0
3	182938073	182985951	1
3	182985952	183015216	0
3	183015217	183116073	1
3	183116074	183122211	0
3	183122212	183163837	1
3	183163838	183178041	0
3	183178042	183253242	1
3	183253243	183273389	3
3	183273390	183428776	1
3	183428777	183487529	0
3	183487530	183555687	1
3	183555688	183635566	0
3	183635567	183684475	2
3	183684476	183697816	0
3	183697817	183812623	2
3	183812624	183815566	0
3	183815567	183884931	1
3	183884932	183919932	0
3	183919933	184018013	1
3	184018014	184031542	0
3	184031543	184039367	2
3	184039368	184053045	0
3	184053046	184060669	2
3	184060670	184097062	0
3	184097063	184106993	2
3	184106994	184135262	0
3	184135263	184145309	2
3	184145310	184155309	0
3	184155310	184173612	2
3	184173613	184174687	0
3	184174688	184184089	2
3	184184090	184186021	0
3	184186022	184194005	2
3	184194006	184230427	0
3	184230428	184242327	2
3	184242328	184242332	0
3	184242333	184249546	1
3	184249547	184249648	0
3	184249649	184259211	2
3	184259212	184259583	3
3	184259584	184293029	2
3	184293030	184298707	0
3	184298708	184309052	2
3	184309053	184314493	0
3	184314494	184335356	2
3	184335357	184335924	0
3	184335925	184346183	2
3	184346184	184346237	3
3	184346238	184346396	2
3	184346397	184348419	3
3	184348420	184361649	1
3	184361650	184361716	0
3	184361717	184368594	2
3	184368595	184371933	0
3	184371934	184380071	1
3	184380072	184381966	3
3	184381967	184389827	2
3	184389828	184561782	0
3	184561783	184582407	2
3	184582408	184710365	0
3	184710366	184712000	1
3	184712001	184812141	0
3	184812142	185052612	2
3	185052613	185078048	0
3	185078049	185153012	1
3	185153013	185190622	0
3	185190623	185254096	1
3	185254097	185282939	0
3	185282940	185489095	2
3	185489096	185489599	0
3	185489600	185499055	1
3	185499056	185506260	0
3	185506261	185552611	1
3	185552612	185582494	0
3	185582495	185633549	2
3	185633550	185643737	0
3	185643738	185825054	1
3	185825055	185915904	0
3	185915905	185938134	1
3	185938135	186046306	0
3	186046307	186110316	1
3	186110317	186147199	0
3	186147200	186362235	1
3	186362236	186538439	0
3	186538440	186567401	1
3	186567402	186570541	3
3	186570542	186597101	2
3	186597102	186612921	0
3	186612922	186621316	2
3	186621317	186635967	0
3	186635968	186653006	2
3	186653007	186665950	0
3	186665951	186678238	2
3	186678239	186717274	0
3	186717275	186744408	2
3	186744409	186783203	0
3	186783204	186789878	2
3	186789879	186789898	3
3	186789899	186807056	1
3	186807057	186842688	0
3	186842689	186858461	2
3	186858462	186930483	0
3	186930484	187078551	2
3	187078552	187120946	0
3	187120947	187180906	1
3	187180907	187197484	0
3	187197485	187201463	2
3	187201464	187217283	0
3	187217284	187292020	1
3	187292021	187368330	0
3	187368331	187372074	2
3	187372075	187668904	0
3	187668905	187670397	1
3	187670398	187698257	0
3	187698258	187702555	1
3	187702556	187721375	0
3	187721376	187745725	1
3	187745726	188153282	0
3	188153283	188890669	2
3	188890670	188947212	0
3	188947213	189325302	2
3	189325303	189631425	0
3	189631426	189897277	2
3	189897278	189956726	0
3	189956727	190122435	1
3	190122436	190305699	0
3	190305700	190322473	1
3	190322474	190387870	0
3	190387871	190412141	2
3	190412142	190428653	0
3	190428654	190449874	1
3	190449875	190514049	0
3	190514050	190659748	2
3	190659749	190852876	0
3	190852877	190862613	1
3	190862614	191199239	0
3	191199240	191265613	2
3	191265614	191267166	0
3	191267167	191329075	1
3	191329076	191330534	3
3	191330535	191398668	2
3	191398669	191461161	0
3	191461162	191461454	2
3	191461455	192139393	0
3	192139394	192767762	1
3	192767763	192796813	0
3	192796814	192918159	1
3	192918160	193241123	0
3	193241124	193270853	2
3	193270854	193274788	0
3	193274789	193378841	1
3	193378842	193402075	0
3	193402076	193555120	1
3	193555121	193593142	0
3	193593143	193697821	2
3	193697822	194136143	0
3	194136144	194138730	2
3	194138731	194339763	0
3	194339764	194351326	1
3	194351327	194355245	0
3	194355246	194369741	1
3	194369742	194394819	0
3	194394820	194398352	1
3	194398353	194402670	0
3	194402671	194498362	1
3	194498363	194587671	0
3	194587672	194633687	1
3	194633688	194640786	0
3	194640787	194672475	1
3	194672476	194686542	0
3	194686543	194689035	2
3	194689036	195068277	0
3	195068278	195271165	1
3	195271166	195274734	0
3	195274735	195443076	1
3	195443077	195514423	0
3	195514424	195543384	1
3	195543385	195568700	0
3	195568701	195584203	1
3	195584204	195720880	0
3	195720881	195741121	2
3	195741122	195746763	0
3	195746764	195812275	1
3	195812276	195863362	0
3	195863363	195909800	1
3	195909801	196027181	0
3	196027182	196082187	1
3	196082188	196197447	0
3	196197448	196211393	1
3	196211394	196211485	0
3	196211486	196214220	2
3	196214221	196217868	3
3	196217869	196217890	1
3	196217891	196228883	3
3	196228884	196230003	1
3	196230004	196243176	3
3	196243177	196287955	1
3	196287956	196291217	0
3	196291218	196318286	1
3	196318287	196319340	0
3	196319341	196338501	1
3	196338502	196347660	0
3	196347661	196432472	1
3	196432473	196468781	0
3	196468782	196503766	1
3	196503767	196506875	0
3	196506876	196515364	1
3	196515365	196554175	0
3	196554176	196568609	1
3	196568610	196568637	3
3	196568638	196568672	1
3	196568673	196589057	2
3	196589058	196639684	0
3	196639685	196706275	2
3	196706276	196712291	3
3	196712292	196736005	2
3	196736006	196739855	0
3	196739856	196832645	2
3	196832646	196867854	0
3	196867855	196934712	2
3	196934713	196935404	0
3	196935405	196942595	1
3	196942596	196942621	0
3	196942622	196943538	2
3	196943539	196946341	0
3	196946342	196968869	1
3	196968870	197001738	0
3	197001739	197029814	1
3	197029815	197042558	0
3	197042559	197299298	1
3	197299299	197509781	0
3	197509782	197573321	1
3	197573322	197671391	0
3	197671392	197737177	1
3	197737178	197749697	3
3	197749698	197787594	2
3	197787595	197791233	0
3	197791234	197888434	2
3	197888435	197889073	0
3	197889074	197949978	1
3	197949979	197956608	3
3	197956609	197960017	1
3	197960018	197960198	0
3	197960199	198043718	2
