<CHROM>	<START>	<END>	<TSB>
9	0	14519	0
9	14520	73863	1
9	73864	116229	0
9	116230	118202	1
9	118203	121036	0
9	121037	179145	1
9	179146	213106	0
9	213107	214863	1
9	214864	215891	3
9	215892	465257	2
9	465258	470289	0
9	470290	746104	2
9	746105	841688	0
9	841689	969088	2
9	969089	976962	0
9	976963	991729	2
9	991730	1049856	0
9	1049857	1057550	2
9	1057551	1980288	0
9	1980289	2193622	2
9	2193623	2621832	0
9	2621833	2660051	2
9	2660052	2717500	0
9	2717501	2730035	2
9	2730036	2804162	0
9	2804163	2844239	1
9	2844240	3218295	0
9	3218296	3526002	1
9	3526003	3824125	0
9	3824126	4299914	1
9	4299915	4490442	0
9	4490443	4587467	2
9	4587468	4600518	0
9	4600519	4662313	1
9	4662314	4665256	3
9	4665257	4666664	1
9	4666665	4679557	0
9	4679558	4708396	2
9	4708397	4709557	0
9	4709558	4742041	1
9	4742042	4792867	0
9	4792868	4861073	2
9	4861074	4984388	0
9	4984389	5123878	2
9	5123879	5128181	3
9	5128182	5185666	1
9	5185667	5231417	0
9	5231418	5235302	2
9	5235303	5299866	0
9	5299867	5304967	1
9	5304968	5334967	0
9	5334968	5339871	1
9	5339872	5357971	0
9	5357972	5437876	1
9	5437877	5450501	0
9	5450502	5470564	2
9	5470565	5510568	0
9	5510569	5571252	2
9	5571253	5629023	0
9	5629024	5776555	2
9	5776556	5784571	0
9	5784572	5833115	1
9	5833116	5890800	0
9	5890801	5910604	2
9	5910605	5919006	0
9	5919007	6007899	1
9	6007900	6011041	0
9	6011042	6015623	1
9	6015624	6215784	0
9	6215785	6257981	2
9	6257982	6328373	0
9	6328374	6331898	2
9	6331899	6413321	0
9	6413322	6507052	2
9	6507053	6532462	0
9	6532463	6645781	1
9	6645782	6720861	0
9	6720862	7175646	2
9	7175647	7796488	0
9	7796489	7800065	1
9	7800066	8314244	0
9	8314245	10612721	1
9	10612722	12685437	0
9	12685438	12710288	2
9	12710289	12775019	0
9	12775020	12822129	2
9	12822130	13105702	0
9	13105703	13279588	1
9	13279589	14081841	0
9	14081842	14398981	1
9	14398982	14611069	0
9	14611070	14693469	1
9	14693470	14719722	0
9	14719723	14722715	1
9	14722716	14734664	0
9	14734665	14910993	1
9	14910994	15163620	0
9	15163621	15307358	1
9	15307359	15422702	0
9	15422703	15464064	2
9	15464065	15464132	3
9	15464133	15465830	2
9	15465831	15511017	1
9	15511018	15553084	0
9	15553085	15974037	2
9	15974038	16203936	0
9	16203937	16253105	1
9	16253106	16409501	0
9	16409502	16870841	1
9	16870842	17134980	0
9	17134981	17503921	2
9	17503922	17579121	0
9	17579122	17797127	2
9	17797128	17906561	0
9	17906562	18858904	2
9	18858905	18910948	3
9	18910949	19049356	1
9	19049357	19049393	0
9	19049394	19050981	2
9	19050982	19053141	0
9	19053142	19103117	1
9	19103118	19115768	0
9	19115769	19149276	1
9	19149277	19230433	0
9	19230434	19373543	2
9	19373544	19375713	0
9	19375714	19380252	1
9	19380253	19409057	0
9	19409058	19452018	2
9	19452019	19507450	0
9	19507451	19786926	1
9	19786927	20341663	0
9	20341664	20622541	1
9	20622542	20658307	0
9	20658308	20995953	2
9	20995954	20999513	0
9	20999514	21031634	1
9	21031635	21077103	0
9	21077104	21077961	1
9	21077962	21140212	0
9	21140213	21142143	1
9	21142144	21165635	0
9	21165636	21166658	1
9	21166659	21186692	0
9	21186693	21187669	1
9	21187670	21201467	0
9	21201468	21202203	1
9	21202204	21206179	0
9	21206180	21207141	1
9	21207142	21216371	0
9	21216372	21217309	1
9	21217310	21227241	0
9	21227242	21228220	1
9	21228221	21239000	0
9	21239001	21239989	1
9	21239990	21304324	0
9	21304325	21305310	1
9	21305311	21329669	0
9	21329670	21335378	1
9	21335379	21349833	0
9	21349834	21351376	1
9	21351377	21367422	0
9	21367423	21368960	1
9	21368961	21384252	0
9	21384253	21385386	1
9	21385387	21409145	0
9	21409146	21410183	2
9	21410184	21440452	0
9	21440453	21441314	2
9	21441315	21480837	0
9	21480838	21482311	1
9	21482312	21802541	0
9	21802542	21937649	2
9	21937650	21967751	0
9	21967752	21995299	1
9	21995300	22002901	0
9	22002902	22009361	1
9	22009362	22446839	0
9	22446840	22455738	2
9	22455739	23690102	0
9	23690103	23826335	1
9	23826336	24542950	0
9	24542951	24545944	1
9	24545945	25676387	0
9	25676388	25678438	1
9	25678439	26840683	0
9	26840684	26892802	1
9	26892803	26904081	0
9	26904082	26947037	1
9	26947038	26947461	3
9	26947462	26993134	2
9	26993135	27005691	3
9	27005692	27062928	2
9	27062929	27109139	0
9	27109140	27230173	2
9	27230174	27284657	0
9	27284658	27297137	1
9	27297138	27325207	0
9	27325208	27524312	1
9	27524313	27526496	3
9	27526497	27529779	1
9	27529780	27546543	0
9	27546544	27573864	1
9	27573865	27948076	0
9	27948077	28670284	1
9	28670285	32384601	0
9	32384602	32454767	2
9	32454768	32455703	0
9	32455704	32526322	1
9	32526323	32540542	0
9	32540543	32551142	1
9	32551143	32552551	3
9	32552552	32552997	2
9	32552998	32553005	3
9	32553006	32553531	2
9	32553532	32568619	3
9	32568620	32573182	1
9	32573183	32629452	0
9	32629453	32635667	1
9	32635668	32783497	0
9	32783498	32787397	2
9	32787398	32972604	0
9	32972605	33001639	1
9	33001640	33025209	0
9	33025210	33039905	2
9	33039906	33041762	0
9	33041763	33076657	1
9	33076658	33104080	0
9	33104081	33167354	1
9	33167355	33218363	0
9	33218364	33248565	2
9	33248566	33252469	0
9	33252470	33264703	1
9	33264704	33264877	0
9	33264878	33282067	2
9	33282068	33290509	0
9	33290510	33371155	2
9	33371156	33383177	0
9	33383178	33402678	1
9	33402679	33441152	0
9	33441153	33447631	1
9	33447632	33461439	0
9	33461440	33473928	1
9	33473929	33524392	0
9	33524393	33573007	2
9	33573008	33750464	0
9	33750465	33799229	2
9	33799230	33817565	0
9	33817566	33920402	2
9	33920403	33921691	0
9	33921692	34048947	1
9	34048948	34086385	0
9	34086386	34127397	1
9	34127398	34179003	0
9	34179004	34252379	2
9	34252380	34252521	3
9	34252522	34311369	1
9	34311370	34329504	0
9	34329505	34343711	2
9	34343712	34366668	0
9	34366669	34376851	1
9	34376852	34379017	0
9	34379018	34397830	1
9	34397831	34398182	0
9	34398183	34458568	1
9	34458569	34458750	0
9	34458751	34520987	2
9	34520988	34521038	0
9	34521039	34523039	1
9	34523040	34551430	0
9	34551431	34590138	1
9	34590139	34610484	0
9	34610485	34612102	1
9	34612103	34613543	0
9	34613544	34620521	1
9	34620522	34621377	0
9	34621378	34628105	1
9	34628106	34634720	0
9	34634721	34637807	1
9	34637808	34646587	0
9	34646588	34661890	2
9	34661891	34661894	0
9	34661895	34662690	1
9	34662691	34664161	0
9	34664162	34666110	1
9	34666111	34689565	0
9	34689566	34691275	1
9	34691276	34709003	0
9	34709004	34710122	1
9	34710123	34723053	0
9	34723054	34729465	1
9	34729466	34889062	0
9	34889063	34895776	1
9	34895777	34958322	0
9	34958323	34982542	2
9	34982543	34989639	0
9	34989640	34998898	2
9	34998899	35041093	0
9	35041094	35045989	2
9	35045990	35056062	0
9	35056063	35073247	1
9	35073248	35073836	0
9	35073837	35080014	1
9	35080015	35088686	0
9	35088687	35096599	1
9	35096600	35099774	0
9	35099775	35103193	1
9	35103194	35104110	0
9	35104111	35116339	1
9	35116340	35161990	0
9	35161991	35405336	2
9	35405337	35490125	0
9	35490126	35561830	2
9	35561831	35561890	3
9	35561891	35561896	2
9	35561897	35563897	1
9	35563898	35605303	0
9	35605304	35609531	2
9	35609532	35610030	3
9	35610031	35619540	1
9	35619541	35649293	0
9	35649294	35650948	1
9	35650949	35658288	0
9	35658289	35659342	2
9	35659343	35661497	3
9	35661498	35661509	2
9	35661510	35665285	1
9	35665286	35673854	0
9	35673855	35681157	2
9	35681158	35681990	0
9	35681991	35690119	1
9	35690120	35696946	0
9	35696947	35732333	1
9	35732334	35732393	3
9	35732394	35736864	2
9	35736865	35737002	3
9	35737003	35749226	1
9	35749227	35749285	0
9	35749286	35752988	2
9	35752989	35754267	3
9	35754268	35758573	2
9	35758574	35792152	0
9	35792153	35808043	2
9	35808044	35809730	3
9	35809731	35812270	1
9	35812271	35812958	0
9	35812959	35814449	1
9	35814450	35815019	3
9	35815020	35817015	2
9	35817016	35828730	3
9	35828731	35865516	2
9	35865517	35869261	0
9	35869262	35870599	1
9	35870600	35906190	0
9	35906191	35907139	2
9	35907140	35909481	0
9	35909482	35911684	2
9	35911685	35957106	0
9	35957107	35958152	1
9	35958153	36036431	0
9	36036432	36124449	2
9	36124450	36136534	0
9	36136535	36163911	2
9	36163912	36169392	0
9	36169393	36171332	2
9	36171333	36190854	0
9	36190855	36212059	2
9	36212060	36214439	0
9	36214440	36277054	1
9	36277055	36336394	0
9	36336395	36401196	1
9	36401197	36572860	0
9	36572861	36677681	2
9	36677682	36833273	0
9	36833274	37034183	1
9	37034184	37120537	0
9	37120538	37358147	2
9	37358148	37422664	0
9	37422665	37436988	2
9	37436989	37438112	0
9	37438113	37465397	1
9	37465398	37485933	0
9	37485934	37503695	2
9	37503696	37510890	0
9	37510891	37576347	1
9	37576348	37588411	0
9	37588412	37592640	1
9	37592641	37650998	0
9	37650999	37746902	2
9	37746903	37753801	0
9	37753802	37778970	2
9	37778971	37779712	0
9	37779713	37785062	1
9	37785063	37800500	0
9	37800501	37867664	2
9	37867665	37887602	0
9	37887603	37904131	1
9	37904132	37919132	0
9	37919133	38069209	1
9	38069210	38392662	0
9	38392663	38398659	2
9	38398660	38408992	0
9	38408993	38424445	1
9	38424446	38571356	0
9	38571357	38620658	1
9	38620659	38694261	0
9	38694262	38720426	1
9	38720427	39072765	0
9	39072766	39288301	1
9	39288302	39355667	0
9	39355668	39361957	2
9	39361958	40223283	0
9	40223284	40266390	2
9	40266391	41126428	0
9	41126429	41128461	1
9	41128462	41131304	0
9	41131305	41189434	1
9	41189435	41890312	0
9	41890313	42129508	1
9	42129509	42183657	0
9	42183658	42189880	2
9	42189881	60914372	0
9	60914373	60920648	2
9	60920649	61190001	0
9	61190002	61196278	2
9	61196279	61330715	0
9	61330716	61453028	2
9	61453029	64369392	0
9	64369393	64413140	2
9	64413141	65282099	0
9	65282100	65285207	1
9	65285208	65675797	0
9	65675798	65734039	2
9	65734040	65736553	0
9	65736554	65738782	2
9	65738783	66109392	0
9	66109393	66152964	1
9	66152965	66856424	0
9	66856425	66921437	2
9	66921438	66986302	0
9	66986303	66992581	1
9	66992582	67859145	0
9	67859146	67902092	2
9	67902093	68241479	0
9	68241480	68300013	2
9	68300014	68302865	0
9	68302866	68304903	2
9	68304904	68356897	0
9	68356898	68531059	2
9	68531060	68536578	0
9	68536579	68540865	1
9	68540866	68705412	0
9	68705413	69009173	2
9	69009174	69012527	0
9	69012528	69014111	1
9	69014112	69035257	0
9	69035258	69274613	2
9	69274614	69324565	0
9	69324566	69392556	2
9	69392557	69427528	0
9	69427529	69672304	1
9	69672305	69709520	0
9	69709521	69759957	1
9	69759958	69820791	0
9	69820792	69906230	2
9	69906231	70043579	0
9	70043580	70226968	2
9	70226969	70258960	0
9	70258961	70354886	2
9	70354887	70384595	0
9	70384596	70414622	1
9	70414623	70529061	0
9	70529062	71446833	1
9	71446834	71683364	0
9	71683365	71816688	1
9	71816689	71862450	0
9	71862451	71910929	1
9	71910930	71911543	0
9	71911544	71986052	2
9	71986053	72051374	0
9	72051375	72072719	1
9	72072720	72114593	0
9	72114594	72253558	2
9	72253559	72351423	0
9	72351424	72365233	1
9	72365234	72521799	0
9	72521800	72836349	2
9	72836350	72900660	0
9	72900661	73080440	1
9	73080441	73151755	0
9	73151756	73170391	2
9	73170392	74497363	0
9	74497364	74693175	2
9	74693176	74722493	0
9	74722494	74888092	1
9	74888093	74946579	0
9	74946580	74952884	1
9	74952885	74981018	0
9	74981019	75028421	1
9	75028422	75060571	0
9	75060572	75088215	1
9	75088216	75088541	0
9	75088542	75147263	2
9	75147264	75890642	0
9	75890643	76362337	2
9	76362338	76385515	0
9	76385516	76394503	1
9	76394504	76441664	0
9	76441665	76507414	2
9	76507415	76611374	0
9	76611375	76906085	1
9	76906086	77019653	0
9	77019654	77020951	2
9	77020952	77177351	0
9	77177352	77421539	2
9	77421540	77423077	0
9	77423078	77648305	1
9	77648306	77716085	0
9	77716086	78031456	1
9	78031457	78236060	0
9	78236061	78279688	2
9	78279689	78297141	0
9	78297142	78330091	2
9	78330092	79571771	0
9	79571772	79726880	2
9	79726881	81583681	0
9	81583682	81689303	1
9	81689304	81928512	0
9	81928513	81934946	2
9	81934947	81943584	0
9	81943585	81950036	2
9	81950037	81988770	0
9	81988771	81995254	2
9	81995255	82979583	0
9	82979584	83063175	1
9	83063176	83242988	0
9	83242989	83538544	1
9	83538545	83623047	0
9	83623048	83644127	2
9	83644128	83659961	0
9	83659962	83708201	1
9	83708202	83739419	0
9	83739420	83817740	1
9	83817741	83836696	0
9	83836697	83921463	1
9	83921464	83938309	0
9	83938310	83956984	1
9	83956985	83968081	0
9	83968082	83980602	1
9	83980603	83980709	0
9	83980710	84004072	2
9	84004073	84275455	0
9	84275456	84340681	1
9	84340682	84668549	0
9	84668550	85027068	2
9	85027069	85546537	0
9	85546538	85742027	1
9	85742028	85941144	0
9	85941145	86022296	2
9	86022297	86026144	0
9	86026145	86100147	1
9	86100148	86220263	0
9	86220264	86259655	1
9	86259656	86264544	0
9	86264545	86283100	1
9	86283101	86287731	0
9	86287732	86354452	1
9	86354453	86944361	0
9	86944362	86947187	1
9	86947188	87497226	0
9	87497227	87708631	2
9	87708632	87725517	0
9	87725518	87731390	2
9	87731391	87882824	0
9	87882825	87888897	2
9	87888898	87956212	0
9	87956213	87956881	2
9	87956882	87966444	0
9	87966445	87974751	1
9	87974752	88388417	0
9	88388418	88478692	2
9	88478693	88535099	0
9	88535100	88575787	2
9	88575788	88990861	0
9	88990862	89005008	2
9	89005009	89005769	0
9	89005770	89178765	1
9	89178766	89311196	0
9	89311197	89316701	2
9	89316702	89318504	0
9	89318505	89359660	2
9	89359661	89360785	0
9	89360786	89498128	1
9	89498129	89605011	0
9	89605012	89606553	2
9	89606554	90609830	0
9	90609831	90643103	1
9	90643104	90801785	0
9	90801786	90898547	2
9	90898548	91213813	0
9	91213814	91361911	1
9	91361912	91409043	0
9	91409044	91423860	1
9	91423861	91563089	0
9	91563090	91950160	1
9	91950161	92031997	0
9	92031998	92115381	1
9	92115382	92210205	0
9	92210206	92293754	1
9	92293755	92297356	0
9	92297357	92325482	1
9	92325483	92325554	3
9	92325555	92325634	1
9	92325635	92383965	2
9	92383966	92404557	3
9	92404558	92414243	2
9	92414244	92424459	3
9	92424460	92456203	2
9	92456204	92482504	3
9	92482505	92493552	2
9	92493553	92536090	3
9	92536091	92613182	2
9	92613183	92620531	3
9	92620532	92670263	1
9	92670264	92711361	0
9	92711362	92764810	1
9	92764811	92845029	0
9	92845030	92878036	1
9	92878037	92947449	0
9	92947450	93036234	2
9	93036235	93058686	0
9	93058687	93085136	2
9	93085137	93096216	0
9	93096217	93113280	2
9	93113281	93121487	0
9	93121488	93134286	1
9	93134287	93184914	0
9	93184915	93318197	2
9	93318198	93318269	3
9	93318270	93320570	2
9	93320571	93346412	1
9	93346413	93443338	0
9	93443339	93451720	1
9	93451721	93453590	3
9	93453591	93566105	2
9	93566106	93576405	0
9	93576406	93679585	2
9	93679586	93951620	0
9	93951621	93955370	1
9	93955371	94030792	0
9	94030793	94109854	2
9	94109855	94259309	0
9	94259310	94301452	2
9	94301453	94318194	0
9	94318195	94328642	1
9	94328643	94374549	0
9	94374550	94461040	2
9	94461041	94558718	0
9	94558719	94593791	1
9	94593792	94603131	0
9	94603132	94640247	1
9	94640248	94726699	0
9	94726700	95087216	2
9	95087217	95099052	0
9	95099053	95317707	1
9	95317708	95442978	0
9	95442979	95517055	1
9	95517056	95875699	0
9	95875700	95972330	2
9	95972331	95972835	0
9	95972836	96014569	2
9	96014570	96235304	0
9	96235305	96302174	1
9	96302175	96320704	0
9	96320705	96383708	1
9	96383709	96385939	0
9	96385940	96418327	1
9	96418328	96450199	0
9	96450200	96491334	2
9	96491335	96500111	0
9	96500112	96619828	1
9	96619829	96639575	0
9	96639576	96655301	1
9	96655302	96755863	0
9	96755864	96778127	1
9	96778128	96816470	0
9	96816471	96875572	1
9	96875573	96928308	0
9	96928309	96940251	2
9	96940252	96942911	0
9	96942912	97013598	1
9	97013599	97029677	0
9	97029678	97039641	1
9	97039642	97307657	0
9	97307658	97376931	2
9	97376932	97411948	0
9	97411949	97496123	2
9	97496124	97501178	0
9	97501179	97600081	2
9	97600082	97601739	3
9	97601740	97601746	2
9	97601747	97633573	1
9	97633574	97633624	0
9	97633625	97673746	2
9	97673747	97674907	0
9	97674908	97697355	1
9	97697356	97853252	0
9	97853253	97856713	2
9	97856714	97904487	0
9	97904488	97922568	1
9	97922569	97926789	0
9	97926790	97944854	1
9	97944855	97983359	0
9	97983360	98015941	2
9	98015942	98056737	0
9	98056738	98069273	2
9	98069274	98083073	3
9	98083074	98119208	1
9	98119209	98120973	0
9	98120974	98192638	1
9	98192639	98198997	0
9	98198998	98255719	1
9	98255720	98288080	0
9	98288081	98709195	1
9	98709196	98731327	0
9	98731328	98796963	1
9	98796964	98807697	0
9	98807698	98850079	2
9	98850080	98943637	0
9	98943638	99070790	2
9	99070791	99104036	0
9	99104037	99154190	2
9	99154191	99217365	0
9	99217366	99221954	1
9	99221955	99222062	0
9	99222063	99230613	2
9	99230614	99821853	0
9	99821854	99866889	2
9	99866890	99906631	0
9	99906632	99970339	2
9	99970340	99979177	0
9	99979178	100099038	1
9	100099039	100099273	0
9	100099274	100300786	2
9	100300787	100302075	0
9	100302076	100352937	1
9	100352938	100427154	0
9	100427155	100577634	2
9	100577635	100578077	0
9	100578078	100587904	2
9	100587905	101028707	0
9	101028708	101325133	2
9	101325134	101360415	0
9	101360416	101383517	1
9	101383518	101387631	0
9	101387632	101398612	1
9	101398613	101398871	0
9	101398872	101410658	2
9	101410659	101420576	0
9	101420577	101449662	1
9	101449663	101473169	0
9	101473170	101533446	1
9	101533447	101533849	0
9	101533850	101563342	2
9	101563343	101569351	0
9	101569352	101738578	1
9	101738579	102995309	0
9	102995310	103018486	2
9	103018487	104094258	0
9	104094259	104141415	2
9	104141416	104504261	0
9	104504262	104505220	2
9	104505221	104526251	0
9	104526252	104527207	1
9	104527208	104535747	0
9	104535748	104536854	1
9	104536855	104569166	0
9	104569167	104570128	2
9	104570129	104598455	0
9	104598456	104599411	1
9	104599412	104604669	0
9	104604670	104605625	1
9	104605626	104617246	0
9	104617247	104618202	1
9	104618203	104694377	0
9	104694378	104695483	2
9	104695484	104747686	0
9	104747687	104760120	2
9	104760121	104764168	0
9	104764169	104774008	2
9	104774009	104781000	0
9	104781001	104928235	1
9	104928236	105244620	0
9	105244621	105439169	2
9	105439170	105447794	0
9	105447795	105552431	2
9	105552432	105558128	0
9	105558129	105641116	2
9	105641117	105662455	0
9	105662456	105663110	2
9	105663111	105694542	0
9	105694543	105776610	2
9	105776611	106863095	0
9	106863096	107013632	2
9	107013633	107283135	0
9	107283136	107332192	2
9	107332193	107484850	0
9	107484851	107490480	1
9	107490481	108854587	0
9	108854588	108856965	1
9	108856966	108862264	0
9	108862265	108863757	2
9	108863758	108867515	0
9	108867516	108934114	1
9	108934115	108934179	0
9	108934180	108942567	2
9	108942568	108950742	3
9	108950743	109013527	1
9	109013528	109015150	0
9	109015151	109119943	1
9	109119944	109130291	0
9	109130292	109167293	1
9	109167294	109171973	0
9	109171974	109320962	1
9	109320963	109375692	0
9	109375693	109498311	1
9	109498312	109640786	0
9	109640787	110172510	2
9	110172511	110199559	0
9	110199560	110208187	1
9	110208188	110243809	0
9	110243810	110256638	1
9	110256639	110303519	0
9	110303520	110337882	1
9	110337883	110365249	0
9	110365250	110579878	1
9	110579879	110668769	0
9	110668770	110801618	2
9	110801619	110873261	0
9	110873262	111038456	1
9	111038457	111327481	0
9	111327482	111330181	1
9	111330182	111360690	0
9	111360691	111484743	1
9	111484744	111525157	0
9	111525158	111549720	2
9	111549721	111577842	3
9	111577843	111599853	1
9	111599854	111631350	0
9	111631351	111670244	2
9	111670245	111686171	0
9	111686172	111795006	1
9	111795007	111896764	0
9	111896765	111935367	2
9	111935368	112040783	0
9	112040784	112175406	1
9	112175407	112217714	0
9	112217715	112333665	1
9	112333666	112379935	0
9	112379936	112472408	2
9	112472409	112486845	0
9	112486846	112669395	2
9	112669396	112683924	0
9	112683925	112718234	1
9	112718235	112750836	0
9	112750837	112874985	2
9	112874986	112878918	0
9	112878919	112890911	1
9	112890912	112997118	0
9	112997119	113056757	1
9	113056758	113150940	0
9	113150941	113161004	2
9	113161005	113164135	3
9	113164136	113221359	1
9	113221360	113221560	0
9	113221561	113264490	2
9	113264491	113267006	0
9	113267007	113275341	1
9	113275342	113275587	3
9	113275588	113292903	2
9	113292904	113297091	0
9	113297092	113303269	1
9	113303270	113313220	0
9	113313221	113340296	1
9	113340297	113349539	0
9	113349540	113371231	2
9	113371232	113373417	0
9	113373418	113376997	1
9	113376998	113386315	0
9	113386316	113401331	1
9	113401332	113407233	0
9	113407234	113410670	1
9	113410671	113410684	0
9	113410685	113429682	2
9	113429683	113444729	0
9	113444730	113597741	2
9	113597742	113876280	0
9	113876281	114056589	2
9	114056590	114060125	0
9	114060126	114078470	1
9	114078471	114086124	0
9	114086125	114099289	1
9	114099290	114155558	0
9	114155559	114312509	2
9	114312510	114323054	0
9	114323055	114326473	2
9	114326474	114329867	0
9	114329868	114333250	2
9	114333251	114334154	0
9	114334155	114394403	1
9	114394404	114402078	0
9	114402079	114505448	1
9	114505449	114587744	0
9	114587745	114598371	2
9	114598372	114611204	0
9	114611205	114646420	2
9	114646421	114656302	0
9	114656303	114657810	1
9	114657811	114666432	0
9	114666433	114682064	1
9	114682065	114784633	0
9	114784634	114806124	1
9	114806125	114893341	0
9	114893342	114930593	1
9	114930594	115019576	0
9	115019577	115118255	1
9	115118256	115376701	0
9	115376702	115402123	2
9	115402124	116153802	0
9	116153803	116402320	2
9	116402321	116425223	0
9	116425224	116687300	1
9	116687301	116701296	3
9	116701297	117415068	1
9	117415069	117704173	0
9	117704174	117877476	2
9	117877477	119166628	0
9	119166629	119369465	1
9	119369466	120388867	0
9	120388868	120580168	1
9	120580169	120600811	0
9	120600812	120714468	1
9	120714469	120756972	0
9	120756973	120792401	1
9	120792402	120793410	3
9	120793411	120799916	2
9	120799917	120815494	0
9	120815495	120842982	1
9	120842983	120855650	0
9	120855651	120894894	1
9	120894895	120902391	0
9	120902392	120929171	1
9	120929172	120952333	0
9	120952334	121050274	1
9	121050275	121074861	0
9	121074862	121177608	2
9	121177609	121178135	0
9	121178136	121207798	1
9	121207799	121223012	3
9	121223013	121332841	2
9	121332842	121338986	0
9	121338987	121370302	1
9	121370303	121567055	0
9	121567056	121785528	2
9	121785529	121821926	0
9	121821927	122093604	1
9	122093605	122144056	0
9	122144057	122159817	1
9	122159818	122159906	0
9	122159907	122200086	2
9	122200087	122202575	0
9	122202576	122228939	1
9	122228940	122237622	0
9	122237623	122264601	1
9	122264602	122264837	3
9	122264838	122331341	2
9	122331342	122370528	0
9	122370529	122395701	2
9	122395702	122476956	0
9	122476957	122477924	1
9	122477925	122510800	0
9	122510801	122511741	2
9	122511742	122519139	0
9	122519140	122520080	2
9	122520081	122526356	0
9	122526357	122527294	1
9	122527295	122553110	0
9	122553111	122554212	2
9	122554213	122567115	0
9	122567116	122583382	1
9	122583383	122614736	0
9	122614737	122615680	2
9	122615681	122628577	0
9	122628578	122629571	1
9	122629572	122661564	0
9	122661565	122662646	2
9	122662647	122675034	0
9	122675035	122676151	2
9	122676152	122723988	0
9	122723989	122724923	2
9	122724924	122742301	0
9	122742302	122750781	2
9	122750782	122788931	0
9	122788932	122789893	2
9	122789894	122798387	0
9	122798388	122800121	1
9	122800122	122801071	3
9	122801072	122828629	1
9	122828630	122844554	0
9	122844555	122905339	1
9	122905340	122908054	0
9	122908055	122913328	1
9	122913329	122915564	0
9	122915565	122931498	1
9	122931499	122941007	0
9	122941008	123104864	2
9	123104865	123121629	0
9	123121630	123268574	1
9	123268575	123356168	0
9	123356169	123378751	2
9	123378752	123379652	0
9	123379653	123930150	1
9	123930151	124001668	0
9	124001669	124033299	2
9	124033300	124257604	0
9	124257605	124353305	2
9	124353306	124353464	0
9	124353465	124415442	1
9	124415443	124452089	0
9	124452090	124478587	2
9	124478588	124481234	0
9	124481235	124507428	1
9	124507429	124517273	0
9	124517274	124771308	1
9	124771309	124777156	0
9	124777157	124814883	2
9	124814884	124853415	0
9	124853416	124857878	2
9	124857879	124857888	3
9	124857889	124861959	1
9	124861960	124862128	0
9	124862129	124877731	2
9	124877732	124878355	0
9	124878356	125143494	1
9	125143495	125146571	0
9	125146572	125189937	1
9	125189938	125200540	0
9	125200541	125234156	2
9	125234157	125234851	0
9	125234852	125241328	1
9	125241329	125261808	0
9	125261809	125367205	2
9	125367206	125437391	0
9	125437392	125707232	1
9	125707233	125747343	0
9	125747344	125967375	2
9	125967376	126326847	0
9	126326848	126507039	2
9	126507040	126614441	0
9	126614442	126701030	2
9	126701031	126805004	0
9	126805005	126838208	2
9	126838209	126860663	0
9	126860664	126885876	2
9	126885877	126914772	0
9	126914773	127087330	2
9	127087331	127122881	3
9	127122882	127223164	2
9	127223165	127224263	0
9	127224264	127393658	2
9	127393659	127397136	0
9	127397137	127407896	2
9	127407897	127424372	0
9	127424373	127445370	2
9	127445371	127447672	0
9	127447673	127451403	1
9	127451404	127451484	0
9	127451485	127503499	2
9	127503500	127505337	0
9	127505338	127578987	1
9	127578988	127579368	0
9	127579369	127690346	2
9	127690347	127690884	3
9	127690885	127692976	2
9	127692977	127696025	3
9	127696026	127706990	1
9	127706991	127714021	3
9	127714022	127716064	1
9	127716065	127724871	3
9	127724872	127731522	2
9	127731523	127731598	3
9	127731599	127735315	1
9	127735316	127738315	0
9	127738316	127778739	1
9	127778740	127785677	0
9	127785678	127790785	2
9	127790786	127802856	0
9	127802857	127814079	2
9	127814080	127815010	0
9	127815011	127854754	1
9	127854755	127866478	0
9	127866479	127877741	1
9	127877742	127885319	0
9	127885320	127905346	1
9	127905347	127907884	0
9	127907885	127917024	1
9	127917025	127920877	0
9	127920878	127930795	1
9	127930796	127935097	0
9	127935098	127938482	1
9	127938483	127940577	0
9	127940578	127980511	1
9	127980512	128061231	0
9	128061232	128067319	1
9	128067320	128068199	0
9	128068200	128109243	2
9	128109244	128120691	0
9	128120692	128128460	1
9	128128461	128149069	0
9	128149070	128153453	2
9	128153454	128160258	0
9	128160259	128163926	2
9	128163927	128166063	0
9	128166064	128203350	1
9	128203351	128204381	3
9	128204382	128255244	2
9	128255245	128255827	0
9	128255828	128275377	1
9	128275378	128275987	3
9	128275988	128275993	1
9	128275994	128288988	2
9	128288989	128305159	0
9	128305160	128322534	1
9	128322535	128322740	3
9	128322741	128334070	2
9	128334071	128340644	0
9	128340645	128361468	2
9	128361469	128371317	0
9	128371318	128392014	2
9	128392015	128411749	0
9	128411750	128437349	2
9	128437350	128455184	0
9	128455185	128501290	2
9	128501291	128504698	0
9	128504699	128542286	2
9	128542287	128552556	0
9	128552557	128633659	2
9	128633660	128633660	3
9	128633661	128656785	1
9	128656786	128683422	0
9	128683423	128696398	2
9	128696399	128702521	0
9	128702522	128720867	2
9	128720868	128720916	3
9	128720917	128724121	1
9	128724122	128729784	0
9	128729785	128772412	1
9	128772413	128787202	0
9	128787203	128810430	2
9	128810431	128818472	0
9	128818473	128819649	2
9	128819650	128822675	3
9	128822676	128829819	1
9	128829820	128832940	0
9	128832941	128882110	1
9	128882111	128882492	3
9	128882493	128918037	2
9	128918038	128920893	0
9	128920894	128945528	2
9	128945529	128947617	3
9	128947618	129007034	2
9	129007035	129007094	3
9	129007095	129028298	1
9	129028299	129036932	0
9	129036933	129072080	2
9	129072081	129081098	0
9	129081099	129090433	2
9	129090434	129094808	0
9	129094809	129110802	1
9	129110803	129110948	0
9	129110949	129148944	2
9	129148945	129175550	0
9	129175551	129178260	1
9	129178261	129608882	0
9	129608883	129612223	2
9	129612224	129620774	3
9	129620775	129634602	2
9	129634603	129635928	3
9	129635929	129636129	2
9	129636130	129642167	1
9	129642168	129665639	0
9	129665640	129722672	2
9	129722673	129738329	0
9	129738330	129753045	1
9	129753046	129803151	0
9	129803152	129811279	2
9	129811280	129812942	0
9	129812943	129824132	1
9	129824133	129827288	0
9	129827289	129835273	1
9	129835274	129835444	0
9	129835445	129881836	2
9	129881837	129887185	0
9	129887186	130043192	1
9	130043193	130053424	0
9	130053425	130140167	2
9	130140168	130172576	0
9	130172577	130237302	2
9	130237303	130265880	0
9	130265881	130434121	2
9	130434122	130444927	0
9	130444928	130501272	2
9	130501273	130579604	0
9	130579605	130638350	2
9	130638351	130664592	0
9	130664593	130682979	2
9	130682980	130693719	0
9	130693720	130704892	2
9	130704893	130713944	0
9	130713945	130887673	2
9	130887674	130892700	0
9	130892701	130896810	1
9	130896811	130902436	0
9	130902437	130939138	1
9	130939139	131009080	0
9	131009081	131094471	2
9	131094472	131096474	0
9	131096475	131123150	2
9	131123151	131125559	0
9	131125560	131234668	2
9	131234669	131258074	0
9	131258075	131276545	1
9	131276546	131289692	0
9	131289693	131309260	2
9	131309261	131373634	0
9	131373635	131500195	2
9	131500196	131502900	0
9	131502901	131523799	2
9	131523800	131523804	3
9	131523805	131531266	1
9	131531267	131545512	0
9	131545513	131558618	2
9	131558619	131576768	0
9	131576769	131740072	1
9	131740073	131860105	0
9	131860106	132079906	1
9	132079907	132161674	0
9	132161675	132244532	2
9	132244533	132261354	0
9	132261355	132354983	1
9	132354984	132375546	0
9	132375547	132406849	1
9	132406850	132410041	0
9	132410042	132573315	2
9	132573316	132582183	0
9	132582184	132590264	2
9	132590265	132592995	0
9	132592996	132670033	1
9	132670034	132670399	3
9	132670400	132694953	2
9	132694954	132725576	0
9	132725577	132878025	1
9	132878026	132878775	3
9	132878776	132890199	2
9	132890200	132891346	0
9	132891347	132945549	1
9	132945550	132946872	3
9	132946873	132991685	2
9	132991686	133030673	0
9	133030674	133058501	2
9	133058502	133061976	0
9	133061977	133071859	2
9	133071860	133097718	0
9	133097719	133163943	1
9	133163944	133205275	0
9	133205276	133209248	1
9	133209249	133255174	0
9	133255175	133275212	1
9	133275213	133328772	0
9	133328773	133336396	1
9	133336397	133338321	0
9	133338322	133348129	1
9	133348130	133348212	0
9	133348213	133351424	2
9	133351425	133351753	0
9	133351754	133356483	1
9	133356484	133356550	0
9	133356551	133361167	2
9	133361168	133361447	0
9	133361448	133376164	1
9	133376165	133376365	0
9	133376366	133406057	2
9	133406058	133406094	3
9	133406095	133418094	1
9	133418095	133421998	0
9	133421999	133459400	2
9	133459401	133459963	0
9	133459964	133470846	2
9	133470847	133471093	0
9	133471094	133479135	1
9	133479136	133514584	0
9	133514585	133524944	1
9	133524945	133532162	0
9	133532163	133575517	2
9	133575518	133578413	0
9	133578414	133586195	1
9	133586196	133635346	0
9	133635347	133659342	2
9	133659343	133663558	0
9	133663559	133739953	1
9	133739954	133761892	0
9	133761893	133992602	1
9	133992603	134025437	0
9	134025438	134030303	2
9	134030304	134031583	3
9	134031584	134068533	1
9	134068534	134135363	0
9	134135364	134159966	2
9	134159967	134326578	0
9	134326579	134437017	2
9	134437018	134641772	0
9	134641773	134844841	2
9	134844842	134880810	0
9	134880811	134887518	2
9	134887519	134905888	0
9	134905889	134917961	1
9	134917962	135075420	0
9	135075421	135121177	2
9	135121178	135479077	0
9	135479078	135488891	2
9	135488892	135495179	0
9	135495180	135499982	1
9	135499983	135500516	3
9	135500517	135500629	1
9	135500630	135501732	3
9	135501733	135504671	2
9	135504672	135521436	0
9	135521437	135526530	2
9	135526531	135546137	0
9	135546138	135549967	2
9	135549968	135561756	0
9	135561757	135566953	2
9	135566954	135614238	0
9	135614239	135618950	2
9	135618951	135623654	0
9	135623655	135639538	1
9	135639539	135663320	0
9	135663321	135666101	2
9	135666102	135693405	0
9	135693406	135699526	1
9	135699527	135702183	0
9	135702184	135795506	2
9	135795507	135808485	0
9	135808486	135907226	1
9	135907227	135932967	0
9	135932968	135961378	1
9	135961379	136006535	0
9	136006536	136095283	1
9	136095284	136114579	0
9	136114580	136118861	1
9	136118862	136196248	0
9	136196249	136205126	1
9	136205127	136206331	0
9	136206332	136245839	1
9	136245840	136249969	0
9	136249970	136306899	1
9	136306900	136327474	0
9	136327475	136359478	2
9	136359479	136359603	3
9	136359604	136363787	1
9	136363788	136363954	0
9	136363955	136373679	1
9	136373680	136375575	0
9	136375576	136400166	1
9	136400167	136401920	0
9	136401921	136410568	1
9	136410569	136410607	3
9	136410608	136423759	2
9	136423760	136428617	0
9	136428618	136439820	1
9	136439821	136440095	0
9	136440096	136483757	1
9	136483758	136494431	0
9	136494432	136545784	1
9	136545785	136658854	0
9	136658855	136672676	2
9	136672677	136673141	0
9	136673142	136687421	1
9	136687422	136712568	0
9	136712569	136724048	2
9	136724049	136739459	0
9	136739460	136742957	1
9	136742958	136744009	0
9	136744010	136748526	1
9	136748527	136754384	0
9	136754385	136758541	1
9	136758542	136759632	0
9	136759633	136764511	1
9	136764512	136791353	0
9	136791354	136793255	2
9	136793256	136796361	0
9	136796362	136807719	2
9	136807720	136807941	0
9	136807942	136841185	2
9	136841186	136844413	0
9	136844414	136851020	2
9	136851021	136852365	0
9	136852366	136860795	2
9	136860796	136862117	0
9	136862118	136866284	1
9	136866285	136881910	0
9	136881911	136926605	2
9	136926606	136940433	0
9	136940434	136944685	1
9	136944686	136945241	0
9	136945242	136946973	2
9	136946974	136952326	0
9	136952327	136955495	2
9	136955496	136975090	0
9	136975091	136981740	2
9	136981741	136982991	0
9	136982992	136985759	2
9	136985760	136992416	0
9	136992417	136993974	2
9	136993975	136994633	0
9	136994634	136996801	1
9	136996802	137007225	0
9	137007226	137028920	1
9	137028921	137030172	0
9	137030173	137033008	1
9	137033009	137039468	0
9	137039469	137046201	1
9	137046202	137048096	0
9	137048097	137054043	1
9	137054044	137062122	0
9	137062123	137070586	1
9	137070587	137077499	0
9	137077500	137084537	2
9	137084538	137086925	0
9	137086926	137109185	2
9	137109186	137110540	0
9	137110541	137114716	1
9	137114717	137138388	0
9	137138389	137168756	2
9	137168757	137168760	3
9	137168761	137172407	1
9	137172408	137174782	0
9	137174783	137188535	1
9	137188536	137188645	0
9	137188646	137190368	2
9	137190369	137191615	0
9	137191616	137200739	1
9	137200740	137204080	0
9	137204081	137205636	1
9	137205637	137205693	0
9	137205694	137217007	2
9	137217008	137217450	0
9	137217451	137219359	2
9	137219360	137220245	0
9	137220246	137221579	1
9	137221580	137224633	0
9	137224634	137226309	2
9	137226310	137227269	0
9	137227270	137229636	2
9	137229637	137230755	0
9	137230756	137236552	2
9	137236553	137241211	0
9	137241212	137243583	2
9	137243584	137243705	3
9	137243706	137247768	1
9	137247769	137251259	0
9	137251260	137253481	2
9	137253482	137255171	0
9	137255172	137273544	2
9	137273545	137277747	0
9	137277748	137282639	2
9	137282640	137300480	0
9	137300481	137302249	1
9	137302250	137306903	0
9	137306904	137423260	1
9	137423261	137423348	0
9	137423349	137434362	2
9	137434363	137434404	3
9	137434405	137441447	1
9	137441448	137447571	0
9	137447572	137459332	1
9	137459333	137459951	0
9	137459952	137550532	1
9	137550533	137551197	0
9	137551198	137552553	2
9	137552554	137554907	0
9	137554908	137578933	1
9	137578934	137582077	0
9	137582078	137590488	1
9	137590489	137605652	0
9	137605653	137615356	2
9	137615357	137618961	0
9	137618962	137836125	2
9	137836126	137877787	0
9	137877788	138124622	2
