<CHROM>	<START>	<END>	<TSB>
11	0	3031851	0
11	3031852	3102393	1
11	3102394	3144582	3
11	3144583	3166416	1
11	3166417	3188875	0
11	3188876	3209084	2
11	3209085	3230402	0
11	3230403	3242972	2
11	3242973	3244257	0
11	3244258	3309190	1
11	3309191	3315361	0
11	3315362	3352364	1
11	3352365	3388228	0
11	3388229	3394376	2
11	3394377	3397973	3
11	3397974	3399351	2
11	3399352	3404822	1
11	3404823	3414685	0
11	3414686	3417352	2
11	3417353	3417524	0
11	3417525	3440613	1
11	3440614	3549495	0
11	3549496	3590478	2
11	3590479	3603732	0
11	3603733	3763904	1
11	3763905	3786089	0
11	3786090	3795099	1
11	3795100	3795241	0
11	3795242	3801297	2
11	3801298	3807022	0
11	3807023	3814665	1
11	3814666	3817193	0
11	3817194	3832160	1
11	3832161	3837542	0
11	3837543	3863976	1
11	3863977	3876779	3
11	3876780	3880005	2
11	3880006	3883637	0
11	3883638	3899327	2
11	3899328	3931463	0
11	3931464	3948025	2
11	3948026	3964842	0
11	3964843	3977737	2
11	3977738	3991481	0
11	3991482	3995446	1
11	3995447	3997040	0
11	3997041	4023416	1
11	4023417	4035203	0
11	4035204	4041124	2
11	4041125	4041173	3
11	4041174	4060294	1
11	4060295	4060351	0
11	4060352	4082542	2
11	4082543	4086790	0
11	4086791	4115506	2
11	4115507	4118226	0
11	4118227	4122410	2
11	4122411	4136421	0
11	4136422	4141027	2
11	4141028	4157558	0
11	4157559	4172515	2
11	4172516	4245815	0
11	4245816	4341106	1
11	4341107	4380869	0
11	4380870	4494864	1
11	4494865	4520068	0
11	4520069	4521699	2
11	4521700	4537748	0
11	4537749	4585700	2
11	4585701	4601974	0
11	4601975	4604343	1
11	4604344	4604679	0
11	4604680	4636893	2
11	4636894	4637670	3
11	4637671	4646779	1
11	4646780	4665846	0
11	4665847	4749537	1
11	4749538	4773952	0
11	4773953	4794201	2
11	4794202	4795321	0
11	4795322	4828868	2
11	4828869	4838755	0
11	4838756	4848065	1
11	4848066	4886825	0
11	4886826	4942730	2
11	4942731	4954133	0
11	4954134	4958129	1
11	4958130	4960386	3
11	4960387	4965328	1
11	4965329	4969690	0
11	4969691	4998927	1
11	4998928	4999267	3
11	4999268	4999385	2
11	4999386	4999879	3
11	4999880	5006094	2
11	5006095	5006266	0
11	5006267	5052258	1
11	5052259	5091553	0
11	5091554	5161559	1
11	5161560	5176325	0
11	5176326	5344848	1
11	5344849	5420660	0
11	5420661	5425894	2
11	5425895	5428888	0
11	5428889	5442188	1
11	5442189	5469685	0
11	5469686	5589338	2
11	5589339	5603984	0
11	5603985	5662377	1
11	5662378	5688489	0
11	5688490	5700963	2
11	5700964	5701641	0
11	5701642	5703734	1
11	5703735	5727861	0
11	5727862	5738017	1
11	5738018	5761948	0
11	5761949	5772089	2
11	5772090	5772181	0
11	5772182	5778293	1
11	5778294	5796638	0
11	5796639	5798783	1
11	5798784	5800821	0
11	5800822	5850082	1
11	5850083	5855694	0
11	5855695	5867781	2
11	5867782	5869645	0
11	5869646	5966363	1
11	5966364	6005692	0
11	6005693	6100416	1
11	6100417	6111014	0
11	6111015	6130144	1
11	6130145	6158920	0
11	6158921	6167773	1
11	6167774	6170370	0
11	6170371	6174871	1
11	6174872	6191634	0
11	6191635	6256643	2
11	6256644	6289075	0
11	6289076	6306163	2
11	6306164	6315444	0
11	6315445	6319818	2
11	6319819	6327227	0
11	6327228	6344444	1
11	6344445	6367607	0
11	6367608	6369139	1
11	6369140	6374793	0
11	6374794	6375918	1
11	6375919	6406549	0
11	6406550	6420966	1
11	6420967	6446888	0
11	6446889	6496745	2
11	6496746	6497824	0
11	6497825	6506054	1
11	6506055	6515599	0
11	6515600	6526068	1
11	6526069	6531488	0
11	6531489	6538650	1
11	6538651	6558522	0
11	6558523	6577476	2
11	6577477	6963490	0
11	6963491	7078507	2
11	7078508	7097783	0
11	7097784	7102547	2
11	7102548	7106087	0
11	7106088	7113924	1
11	7113925	8331653	0
11	8331654	8564536	1
11	8564537	8726709	0
11	8726710	8873267	1
11	8873268	8893138	0
11	8893139	8911192	1
11	8911193	8916055	0
11	8916056	8948595	1
11	8948596	8948992	3
11	8948993	8969357	2
11	8969358	9018104	0
11	9018105	9036171	2
11	9036172	9091943	0
11	9091944	9584260	2
11	9584261	11014224	0
11	11014225	11168932	2
11	11168933	11179627	0
11	11179628	11362095	1
11	11362096	11362409	3
11	11362410	11415193	2
11	11415194	11489224	0
11	11489225	11527836	1
11	11527837	11585004	0
11	11585005	11672927	2
11	11672928	11687432	0
11	11687433	11708963	1
11	11708964	11714102	0
11	11714103	11798045	1
11	11798046	11830509	0
11	11830510	11938684	1
11	11938685	12136609	0
11	12136610	12364961	1
11	12364962	12548078	0
11	12548079	12548277	2
11	12548278	16157725	0
11	16157726	16327311	2
11	16327312	16400531	0
11	16400532	16408485	1
11	16408486	16652204	0
11	16652205	16662045	2
11	16662046	16662261	3
11	16662262	16818159	2
11	16818160	16851376	0
11	16851377	16854773	2
11	16854774	16871207	0
11	16871208	16951587	1
11	16951588	16952382	3
11	16952383	16979372	2
11	16979373	17059264	0
11	17059265	17103199	2
11	17103200	17111569	3
11	17111570	17135201	2
11	17135202	17157580	0
11	17157581	17169177	2
11	17169178	17838757	0
11	17838758	17853876	1
11	17853877	18780431	0
11	18780432	18909129	1
11	18909130	18911184	3
11	18911185	18918959	1
11	18918960	19824376	0
11	19824377	19924027	2
11	19924028	19962305	0
11	19962306	20012914	1
11	20012915	20101433	0
11	20101434	20126857	2
11	20126858	20127038	0
11	20127039	20149430	1
11	20149431	20202181	0
11	20202182	20232714	1
11	20232715	20234835	0
11	20234836	20236085	1
11	20236086	20443254	0
11	20443255	20553022	2
11	20553023	20585085	0
11	20585086	20641590	1
11	20641591	20723577	0
11	20723578	20731057	1
11	20731058	20991292	0
11	20991293	21050324	2
11	21050325	21138890	0
11	21138891	21221137	2
11	21221138	21221139	0
11	21221140	21271202	1
11	21271203	21456788	0
11	21456789	21472236	1
11	21472237	21472368	3
11	21472369	21798990	2
11	21798991	21894765	0
11	21894766	21902898	1
11	21902899	21905829	0
11	21905830	22242293	1
11	22242294	22412089	0
11	22412090	22419235	2
11	22419236	22734742	0
11	22734743	22873213	1
11	22873214	22876496	3
11	22876497	22882380	1
11	22882381	22890517	0
11	22890518	22903778	2
11	22903779	22907529	0
11	22907530	22930786	2
11	22930787	23156039	0
11	23156040	23198247	2
11	23198248	23206914	0
11	23206915	23387880	2
11	23387881	23389742	3
11	23389743	23398028	1
11	23398029	23416201	0
11	23416202	23421153	1
11	23421154	23464959	0
11	23464960	23533637	1
11	23533638	23546477	0
11	23546478	23565672	1
11	23565673	23565957	3
11	23565958	23632874	2
11	23632875	23641512	0
11	23641513	23670968	1
11	23670969	23762644	0
11	23762645	23795251	1
11	23795252	23948953	0
11	23948954	23975052	1
11	23975053	23978054	0
11	23978055	24074121	2
11	24074122	25502761	0
11	25502762	26110761	1
11	26110762	26286133	0
11	26286134	26371320	2
11	26371321	26371874	3
11	26371875	26493239	1
11	26493240	26493860	3
11	26493861	26493997	1
11	26493998	28239126	0
11	28239127	28239812	1
11	28239813	28285683	0
11	28285684	28484322	1
11	28484323	28753202	0
11	28753203	28826741	2
11	28826742	29030742	0
11	29030743	29061826	2
11	29061827	29072888	0
11	29072889	29120795	2
11	29120796	29121530	0
11	29121531	29147407	1
11	29147408	29273656	0
11	29273657	29410810	2
11	29410811	29411755	0
11	29411756	29415031	1
11	29415032	29426406	0
11	29426407	29445277	2
11	29445278	29445844	0
11	29445845	29447948	1
11	29447949	29448107	3
11	29448108	29478365	2
11	29478366	29592945	0
11	29592946	29643046	2
11	29643047	29644329	3
11	29644330	29926031	1
11	29926032	29999393	0
11	29999394	30026863	1
11	30026864	30027537	3
11	30027538	30094606	1
11	30094607	30095700	3
11	30095701	30168173	1
11	30168174	30326004	0
11	30326005	30371825	1
11	30371826	30405989	0
11	30405990	30549585	1
11	30549586	30671724	0
11	30671725	30780359	2
11	30780360	30785356	0
11	30785357	30793727	2
11	30793728	30829782	0
11	30829783	30854333	1
11	30854334	30854393	0
11	30854394	30876705	2
11	30876706	30886348	3
11	30886349	31002702	2
11	31002703	31082374	0
11	31082375	31082460	1
11	31082461	31257305	0
11	31257306	31270072	1
11	31270073	31565179	0
11	31565180	31571917	1
11	31571918	31772209	0
11	31772210	31835632	2
11	31835633	31865590	0
11	31865591	31879649	2
11	31879650	31900461	0
11	31900462	31959200	2
11	31959201	32087539	0
11	32087540	32100277	1
11	32100278	32105413	0
11	32105414	32108982	2
11	32108983	32109583	0
11	32109584	32122298	1
11	32122299	32125626	0
11	32125627	32126503	1
11	32126504	32132020	3
11	32132021	32167705	1
11	32167706	32176398	0
11	32176399	32178114	2
11	32178115	32183509	0
11	32183510	32184463	2
11	32184464	32186963	0
11	32186964	32187782	2
11	32187783	32196487	0
11	32196488	32197299	2
11	32197300	32200067	0
11	32200068	32200871	2
11	32200872	32247818	0
11	32247819	32328171	2
11	32328172	32355368	0
11	32355369	32416685	2
11	32416686	32422749	0
11	32422750	32432079	1
11	32432080	32433303	0
11	32433304	32524585	2
11	32524586	32542722	0
11	32542723	32646814	2
11	32646815	32718527	0
11	32718528	32724603	1
11	32724604	33017428	0
11	33017429	33047398	1
11	33047399	33052285	0
11	33052286	33063204	1
11	33063205	33100750	0
11	33100751	33103586	1
11	33103587	33111792	0
11	33111793	33413744	1
11	33413745	33450779	0
11	33450780	33478957	1
11	33478958	33499300	0
11	33499301	33525616	2
11	33525617	33529337	0
11	33529338	33863011	1
11	33863012	33873639	3
11	33873640	33893150	1
11	33893151	33946918	0
11	33946919	33992293	2
11	33992294	34104336	0
11	34104337	34108087	1
11	34108088	34126813	0
11	34126814	34214820	1
11	34214821	34322637	3
11	34322638	34597392	1
11	34597393	34622690	0
11	34622691	34647141	1
11	34647142	34934724	0
11	34934725	35522007	2
11	35522008	35582984	0
11	35582985	35604785	2
11	35604786	35610881	0
11	35610882	35612384	1
11	35612385	35621881	0
11	35621882	35648006	1
11	35648007	35651900	0
11	35651901	35794027	1
11	35794028	35820156	0
11	35820157	37049464	1
11	37049465	40492814	0
11	40492815	40508703	1
11	40508704	40514888	0
11	40514889	40546937	1
11	40546938	40547167	0
11	40547168	40553546	2
11	40553547	40562052	0
11	40562053	40568811	1
11	40568812	41723695	0
11	41723696	41814357	1
11	41814358	41944439	0
11	41944440	41996430	1
11	41996431	42119937	0
11	42119938	42134572	1
11	42134573	42233257	0
11	42233258	42446090	2
11	42446091	42849246	0
11	42849247	42850778	2
11	42850779	42963377	0
11	42963378	43075785	2
11	43075786	43233750	0
11	43233751	43239751	1
11	43239752	43247244	0
11	43247245	43261481	2
11	43261482	43287776	0
11	43287777	43305025	2
11	43305026	43342284	0
11	43342285	43400497	2
11	43400498	43400540	0
11	43400541	43402548	2
11	43402549	43409549	0
11	43409550	43415040	1
11	43415041	43495498	0
11	43495499	43534991	2
11	43534992	43543012	0
11	43543013	43561508	1
11	43561509	43588106	0
11	43588107	43714710	1
11	43714711	44213563	0
11	44213564	44227533	2
11	44227534	44268071	0
11	44268072	44283998	1
11	44283999	44332464	0
11	44332465	44379020	2
11	44379021	44430817	0
11	44430818	44821591	2
11	44821592	45665505	0
11	45665506	45724125	2
11	45724126	45741769	0
11	45741770	45758435	1
11	45758436	45760343	0
11	45760344	45768994	1
11	45768995	45793810	0
11	45793811	45831494	2
11	45831495	45864854	0
11	45864855	45865821	1
11	45865822	45868002	0
11	45868003	45960843	2
11	45960844	45961655	0
11	45961656	45980008	1
11	45980009	46007355	0
11	46007356	46049031	1
11	46049032	46053372	3
11	46053373	46125850	1
11	46125851	46138650	0
11	46138651	46203015	1
11	46203016	46210059	0
11	46210060	46221482	2
11	46221483	46250425	0
11	46250426	46256221	2
11	46256222	46268435	0
11	46268436	46294755	2
11	46294756	46337712	0
11	46337713	46351656	2
11	46351657	46385036	0
11	46385037	46402732	2
11	46402733	46421272	0
11	46421273	46442761	1
11	46442762	46482460	0
11	46482461	46520561	1
11	46520562	46548580	0
11	46548581	46593078	2
11	46593079	46624300	0
11	46624301	46657832	2
11	46657833	46709753	0
11	46709754	47802469	1
11	47802470	48613832	0
11	48613833	48619904	2
11	48619905	48619934	3
11	48619935	48630853	1
11	48630854	48638846	0
11	48638847	48639640	1
11	48639641	48640155	3
11	48640156	48665709	2
11	48665710	48675468	0
11	48675469	48685183	1
11	48685184	48700922	0
11	48700923	48715652	1
11	48715653	48718156	0
11	48718157	48792389	1
11	48792390	48805726	3
11	48805727	48829374	2
11	48829375	48864725	3
11	48864726	48870694	2
11	48870695	48877704	3
11	48877705	48926277	2
11	48926278	48927257	3
11	48927258	48948887	2
11	48948888	48961759	0
11	48961760	48962712	2
11	48962713	48973516	0
11	48973517	48974454	2
11	48974455	48979085	0
11	48979086	49000659	1
11	49000660	49016792	0
11	49016793	49032316	2
11	49032317	49057691	0
11	49057692	49076530	2
11	49076531	49093650	0
11	49093651	49094585	2
11	49094586	49106797	0
11	49106798	49107814	2
11	49107815	49131048	0
11	49131049	49131989	2
11	49131990	49140913	0
11	49140914	49141848	2
11	49141849	49154034	0
11	49154035	49154969	2
11	49154970	49243927	0
11	49243928	49244999	2
11	49245000	49257353	0
11	49257354	49258288	2
11	49258289	49273181	0
11	49273182	49274116	2
11	49274117	49283554	0
11	49283555	49284681	2
11	49284682	49308035	0
11	49308036	49308964	2
11	49308965	49327118	0
11	49327119	49328151	2
11	49328152	49337221	0
11	49337222	49338160	2
11	49338161	49348687	0
11	49348688	49349622	2
11	49349623	49365249	0
11	49365250	49366186	2
11	49366187	49377423	0
11	49377424	49378360	2
11	49378361	49422763	0
11	49422764	49466239	2
11	49466240	49477110	0
11	49477111	49478618	2
11	49478619	49485003	0
11	49485004	49526223	1
11	49526224	49607678	0
11	49607679	49652113	2
11	49652114	49660251	0
11	49660252	49699921	2
11	49699922	49715335	0
11	49715336	49794494	2
11	49794495	49838846	0
11	49838847	49918258	2
11	49918259	49944896	0
11	49944897	49986285	2
11	49986286	49987944	0
11	49987945	50012866	2
11	50012867	50013615	3
11	50013616	50024327	1
11	50024328	50024390	0
11	50024391	50048603	2
11	50048604	50049969	0
11	50049970	50052116	1
11	50052117	50069134	0
11	50069135	50105836	1
11	50105837	50107967	0
11	50107968	50139173	1
11	50139174	50167962	0
11	50167963	50173199	2
11	50173200	50190490	0
11	50190491	50200028	2
11	50200029	50202786	0
11	50202787	50244625	1
11	50244626	50415584	0
11	50415585	50621073	2
11	50621074	50624586	0
11	50624587	50641224	1
11	50641225	50645531	0
11	50645532	50655052	1
11	50655053	50664185	0
11	50664186	50679708	2
11	50679709	50686220	0
11	50686221	50701151	1
11	50701152	50712212	0
11	50712213	50729665	1
11	50729666	50735323	0
11	50735324	50745133	1
11	50745134	50754211	0
11	50754212	50757265	1
11	50757266	50764306	0
11	50764307	50767251	1
11	50767252	50782520	0
11	50782521	50783467	2
11	50783468	50798158	0
11	50798159	50799220	2
11	50799221	50820474	0
11	50820475	50821397	2
11	50821398	50840504	0
11	50840505	50841445	2
11	50841446	50861609	0
11	50861610	50862550	2
11	50862551	50872757	0
11	50872758	50886299	2
11	50886300	50898587	0
11	50898588	50905333	2
11	50905334	51067151	0
11	51067152	51075230	1
11	51075231	51076451	3
11	51076452	51076546	1
11	51076547	51095266	2
11	51095267	51103420	0
11	51103421	51397418	2
11	51397419	51398257	0
11	51398258	51412370	2
11	51412371	51416754	3
11	51416755	51417989	2
11	51417990	51420347	1
11	51420348	51433235	0
11	51433236	51437171	2
11	51437172	51437214	3
11	51437215	51449396	1
11	51449397	51456563	0
11	51456564	51464342	1
11	51464343	51464454	0
11	51464455	51471181	2
11	51471182	51498886	0
11	51498887	51502374	1
11	51502375	51505763	0
11	51505764	51577134	1
11	51577135	51577187	0
11	51577188	51605425	2
11	51605426	51626955	0
11	51626956	51671153	1
11	51671154	51781161	0
11	51781162	51790834	2
11	51790835	51798997	0
11	51798998	51814262	1
11	51814263	51817721	0
11	51817722	51903284	2
11	51903285	51912181	0
11	51912182	51941278	2
11	51941279	51958093	0
11	51958094	51959028	1
11	51959029	52026550	0
11	52026551	52027487	1
11	52027488	52045495	0
11	52045496	52060358	2
11	52060359	52065871	0
11	52065872	52096679	1
11	52096680	52174360	0
11	52174361	52202897	2
11	52202898	52209928	0
11	52209929	52222228	2
11	52222229	52578134	0
11	52578135	53002038	2
11	53002039	53073314	0
11	53073315	53113957	1
11	53113958	53138179	0
11	53138180	53146801	2
11	53146802	53164333	0
11	53164334	53235330	2
11	53235331	53235681	0
11	53235682	53236670	1
11	53236671	53241422	0
11	53241423	53244331	1
11	53244332	53244523	0
11	53244524	53251404	2
11	53251405	53268304	0
11	53268305	53270610	1
11	53270611	53270705	0
11	53270706	53281266	2
11	53281267	53283249	0
11	53283250	53283979	1
11	53283980	53290073	0
11	53290074	53293666	1
11	53293667	53293774	3
11	53293775	53294597	2
11	53294598	53332757	0
11	53332758	53363065	2
11	53363066	53380879	0
11	53380880	53416482	2
11	53416483	53417744	3
11	53417745	53432169	1
11	53432170	53444824	0
11	53444825	53448202	1
11	53448203	53463019	0
11	53463020	53520819	1
11	53520820	53534294	0
11	53534295	53538606	2
11	53538607	53583514	0
11	53583515	53585781	2
11	53585782	53586687	3
11	53586688	53591874	2
11	53591875	53596918	0
11	53596919	53672756	1
11	53672757	53678042	0
11	53678043	53705160	1
11	53705161	53763465	0
11	53763466	53793832	1
11	53793833	53796623	0
11	53796624	53841590	1
11	53841591	53868428	0
11	53868429	53882514	1
11	53882515	53913595	0
11	53913596	53945165	2
11	53945166	54060771	0
11	54060772	54063167	1
11	54063168	54078803	0
11	54078804	54080777	1
11	54080778	54117298	0
11	54117299	54178256	2
11	54178257	54184152	0
11	54184153	54240290	2
11	54240291	54251699	0
11	54251700	54331735	2
11	54331736	54336347	0
11	54336348	54512785	2
11	54512786	54530956	0
11	54530957	54601175	1
11	54601176	54640366	0
11	54640367	54674416	1
11	54674417	54679883	0
11	54679884	54684001	2
11	54684002	54715953	0
11	54715954	54723877	2
11	54723878	54724287	0
11	54724288	54776417	1
11	54776418	54792608	0
11	54792609	54846945	1
11	54846946	54863231	0
11	54863232	54891631	1
11	54891632	54911615	0
11	54911616	54926529	2
11	54926530	54938315	0
11	54938316	54965208	1
11	54965209	54971970	0
11	54971971	54998577	1
11	54998578	55017850	0
11	55017851	55049830	2
11	55049831	55064109	0
11	55064110	55150064	1
11	55150065	55208000	0
11	55208001	55233580	1
11	55233581	55260141	0
11	55260142	55274739	1
11	55274740	55283185	0
11	55283186	55318338	2
11	55318339	55327738	0
11	55327739	55421698	1
11	55421699	55838487	0
11	55838488	55854510	1
11	55854511	56824887	0
11	56824888	57143744	2
11	57143745	57296490	0
11	57296491	57332144	1
11	57332145	57332164	0
11	57332165	57347315	2
11	57347316	57458942	0
11	57458943	57601014	2
11	57601015	57615137	0
11	57615138	57623717	2
11	57623718	57642205	0
11	57642206	57646318	1
11	57646319	57651264	0
11	57651265	57651589	2
11	57651590	57822564	0
11	57822565	57875531	2
11	57875532	57917653	0
11	57917654	57932094	2
11	57932095	57933502	0
11	57933503	57982039	1
11	57982040	57985161	0
11	57985162	57993065	2
11	57993066	58013056	0
11	58013057	58021091	2
11	58021092	58028528	0
11	58028529	58036280	2
11	58036281	58088299	0
11	58088300	58107789	2
11	58107790	58120569	0
11	58120570	58128127	2
11	58128128	58128614	0
11	58128615	58136846	1
11	58136847	58141221	0
11	58141222	58143839	1
11	58143840	58144224	0
11	58144225	58161228	2
11	58161229	58192543	0
11	58192544	58204228	2
11	58204229	58234611	0
11	58234612	58239524	2
11	58239525	58246059	0
11	58246060	58255122	2
11	58255123	58259649	0
11	58259650	58266423	1
11	58266424	58268415	0
11	58268416	58269480	1
11	58269481	58303219	0
11	58303220	58304253	1
11	58304254	58315005	0
11	58315006	58323591	1
11	58323592	58342429	0
11	58342430	58348325	1
11	58348326	58364805	0
11	58364806	58368142	1
11	58368143	58379834	0
11	58379835	58382755	1
11	58382756	58394313	0
11	58394314	58395377	2
11	58395378	58410845	0
11	58410846	58411966	2
11	58411967	58421704	0
11	58421705	58429575	1
11	58429576	58438573	0
11	58438574	58439544	1
11	58439545	58453965	0
11	58453966	58465904	2
11	58465905	58479001	0
11	58479002	58480128	2
11	58480129	58497375	0
11	58497376	58498302	2
11	58498303	58515203	0
11	58515204	58516123	2
11	58516124	58533626	0
11	58533627	58534546	1
11	58534547	58545596	0
11	58545597	58546723	1
11	58546724	58571104	0
11	58571105	58572114	2
11	58572115	58591589	0
11	58591590	58592586	2
11	58592587	58599639	0
11	58599640	58600769	2
11	58600770	58606297	0
11	58606298	58615460	1
11	58615461	58630428	0
11	58630429	58631501	2
11	58631502	58644656	0
11	58644657	58645582	2
11	58645583	58654616	0
11	58654617	58655542	2
11	58655543	58660658	0
11	58660659	58672149	2
11	58672150	58672933	0
11	58672934	58675456	2
11	58675457	58680716	0
11	58680717	58696788	2
11	58696789	58701653	0
11	58701654	58717725	1
11	58717726	58731408	0
11	58731409	58740658	2
11	58740659	58745788	0
11	58745789	58752416	1
11	58752417	58762411	0
11	58762412	58763030	2
11	58763031	58768185	0
11	58768186	58786598	2
11	58786599	58791593	0
11	58791594	58804958	2
11	58804959	58807756	0
11	58807757	58949902	1
11	58949903	58968869	0
11	58968870	58977239	1
11	58977240	58989066	0
11	58989067	58996713	1
11	58996714	58997355	0
11	58997356	59005712	1
11	59005713	59015986	0
11	59015987	59019634	2
11	59019635	59021821	0
11	59021822	59024238	2
11	59024239	59024912	0
11	59024913	59041770	1
11	59041771	59061533	0
11	59061534	59104252	1
11	59104253	59120428	0
11	59120429	59147052	2
11	59147053	59186169	0
11	59186170	59189157	1
11	59189158	59220634	0
11	59220635	59263545	1
11	59263546	59264686	3
11	59264687	59272067	2
11	59272068	59274697	0
11	59274698	59285974	1
11	59285975	59299020	0
11	59299021	59340251	1
11	59340252	59355068	0
11	59355069	59380456	2
11	59380457	59384199	0
11	59384200	59385313	1
11	59385314	59402567	0
11	59402568	59403668	1
11	59403669	59426466	0
11	59426467	59427725	2
11	59427726	59474805	0
11	59474806	59594360	2
11	59594361	59597397	0
11	59597398	59601145	1
11	59601146	59604908	0
11	59604909	59623516	1
11	59623517	59631295	0
11	59631296	59652947	1
11	59652948	59653338	3
11	59653339	59694468	2
11	59694469	59761706	0
11	59761707	59775705	2
11	59775706	59776681	0
11	59776682	59778444	1
11	59778445	59784114	0
11	59784115	59859989	1
11	59859990	59918513	0
11	59918514	60012589	2
11	60012590	60012695	3
11	60012696	60012697	2
11	60012698	60036081	1
11	60036082	60040214	0
11	60040215	60166405	1
11	60166406	60166825	0
11	60166826	60207841	2
11	60207842	60214126	0
11	60214127	60230645	1
11	60230646	60231957	3
11	60231958	60264427	2
11	60264428	60268091	0
11	60268092	60282254	2
11	60282255	60282839	0
11	60282840	60341869	2
11	60341870	60349881	0
11	60349882	60372012	2
11	60372013	60513223	0
11	60513224	60527623	2
11	60527624	60527686	3
11	60527687	60540763	1
11	60540764	60541898	0
11	60541899	60546451	2
11	60546452	60553558	0
11	60553559	60590865	1
11	60590866	60591025	0
11	60591026	60601604	2
11	60601605	60601787	3
11	60601788	60625218	1
11	60625219	60644131	0
11	60644132	60673695	2
11	60673696	60677952	0
11	60677953	60692772	1
11	60692773	60715746	0
11	60715747	60728250	1
11	60728251	60745533	0
11	60745534	60766311	2
11	60766312	60836064	0
11	60836065	60884631	2
11	60884632	60940255	0
11	60940256	60962872	2
11	60962873	60965285	0
11	60965286	60988555	1
11	60988556	61021037	0
11	61021038	61031921	2
11	61031922	61036917	0
11	61036918	61080964	1
11	61080965	61115131	0
11	61115132	61156360	1
11	61156361	61156900	0
11	61156901	61191845	1
11	61191846	61261942	0
11	61261943	61267631	1
11	61267632	61298931	0
11	61298932	61302312	2
11	61302313	61302400	3
11	61302401	61307906	1
11	61307907	61318644	0
11	61318645	61326431	2
11	61326432	61330749	0
11	61330750	61393185	1
11	61393186	61466765	0
11	61466766	61486281	2
11	61486282	61486284	3
11	61486285	61497591	1
11	61497592	61500358	3
11	61500359	61534326	1
11	61534327	61543150	0
11	61543151	61575588	1
11	61575589	61589149	0
11	61589150	61668573	1
11	61668574	61684807	0
11	61684808	61743757	1
11	61743758	61770279	0
11	61770280	62036513	2
11	62036514	62062484	0
11	62062485	62079953	2
11	62079954	62080724	0
11	62080725	62094875	1
11	62094876	62094973	0
11	62094974	62130190	2
11	62130191	62141623	3
11	62141624	62141951	2
11	62141952	62271785	1
11	62271786	62272041	3
11	62272042	62329793	2
11	62329794	62338446	0
11	62338447	62352761	1
11	62352762	62364671	0
11	62364672	62366713	2
11	62366714	62387986	0
11	62387987	62414015	2
11	62414016	62418384	0
11	62418385	62462023	1
11	62462024	62462164	0
11	62462165	62479854	2
11	62479855	62513856	0
11	62513857	62545405	1
11	62545406	62565411	0
11	62565412	62566877	2
11	62566878	62567921	3
11	62567922	62602962	1
11	62602963	62633731	0
11	62633732	62690965	2
11	62690966	62692955	0
11	62692956	62730280	2
11	62730281	62764693	0
11	62764694	62806595	2
11	62806596	62875154	0
11	62875155	62908464	2
11	62908465	62942482	0
11	62942483	62973047	2
11	62973048	63699292	0
11	63699293	63735790	1
11	63735791	63776127	0
11	63776128	63892968	1
11	63892969	64248832	0
11	64248833	64336341	2
11	64336342	64792538	0
11	64792539	64815539	2
11	64815540	64815569	3
11	64815570	64976461	1
11	64976462	64990061	0
11	64990062	65083489	1
11	65083490	65501743	0
11	65501744	65601797	1
11	65601798	65620675	0
11	65620676	65642739	2
11	65642740	65644782	0
11	65644783	65982051	1
11	65982052	66025225	0
11	66025226	66339464	1
11	66339465	66725481	0
11	66725482	66743376	2
11	66743377	66838654	0
11	66838655	66848812	2
11	66848813	66851405	0
11	66851406	66866094	1
11	66866095	66866170	0
11	66866171	66880570	2
11	66880571	66891800	0
11	66891801	66915791	2
11	66915792	66984527	0
11	66984528	66994963	2
11	66994964	67011017	3
11	67011018	67013552	1
11	67013553	67015356	3
11	67015357	67038076	2
11	67038077	67051312	0
11	67051313	67073946	2
11	67073947	67090624	0
11	67090625	67122134	2
11	67122135	67135158	0
11	67135159	67185086	2
11	67185087	67268937	0
11	67268938	67475002	2
11	67475003	67496960	3
11	67496961	67502490	2
11	67502491	67508826	1
11	67508827	67516833	3
11	67516834	67584653	1
11	67584654	67611687	0
11	67611688	67629505	2
11	67629506	67668023	0
11	67668024	67735653	1
11	67735654	67738306	0
11	67738307	67779151	1
11	67779152	67779693	0
11	67779694	68020648	2
11	68020649	68022864	0
11	68022865	68214323	1
11	68214324	68245621	0
11	68245622	68311349	2
11	68311350	68316519	0
11	68316520	68366198	2
11	68366199	68369686	0
11	68369687	68371744	2
11	68371745	68400521	0
11	68400522	68411466	2
11	68411467	68505059	0
11	68505060	68630132	2
11	68630133	68634934	0
11	68634935	68685358	1
11	68685359	68702053	0
11	68702054	68709277	2
11	68709278	68715083	0
11	68715084	68720489	2
11	68720490	68735335	0
11	68735336	68740581	1
11	68740582	68756655	0
11	68756656	68770980	1
11	68770981	68781631	0
11	68781632	68785984	2
11	68785985	68786016	3
11	68786017	68787865	2
11	68787866	68788685	1
11	68788686	68799197	0
11	68799198	68824786	1
11	68824787	68829411	0
11	68829412	68849973	2
11	68849974	68859147	0
11	68859148	68865164	2
11	68865165	68871218	0
11	68871219	68873275	1
11	68873276	68873983	3
11	68873984	68875076	2
11	68875077	68884306	0
11	68884307	68886793	2
11	68886794	68901990	0
11	68901991	68905884	2
11	68905885	68908717	0
11	68908718	68923460	2
11	68923461	68933904	0
11	68933905	68937555	2
11	68937556	68939396	0
11	68939397	68962615	2
11	68962616	68970489	0
11	68970490	68983292	2
11	68983293	68997432	0
11	68997433	69011343	1
11	69011344	69031617	0
11	69031618	69050536	1
11	69050537	69112987	0
11	69112988	69137373	1
11	69137374	69137480	0
11	69137481	69139293	2
11	69139294	69139758	0
11	69139759	69146542	2
11	69146543	69156773	0
11	69156774	69177519	1
11	69177520	69182906	3
11	69182907	69182926	1
11	69182927	69205425	0
11	69205426	69208987	1
11	69208988	69209131	3
11	69209132	69210019	2
11	69210020	69210180	3
11	69210181	69211734	1
11	69211735	69212008	0
11	69212009	69227175	1
11	69227176	69234309	0
11	69234310	69362610	1
11	69362611	69367592	0
11	69367593	69373705	1
11	69373706	69375258	0
11	69375259	69393755	1
11	69393756	69393859	0
11	69393860	69405373	2
11	69405374	69413236	0
11	69413237	69419442	1
11	69419443	69428304	0
11	69428305	69431405	1
11	69431406	69435524	0
11	69435525	69437370	2
11	69437371	69446490	0
11	69446491	69466797	2
11	69466798	69468814	0
11	69468815	69470197	2
11	69470198	69470227	3
11	69470228	69476142	1
11	69476143	69477713	0
11	69477714	69479653	1
11	69479654	69480436	0
11	69480437	69485923	1
11	69485924	69486610	0
11	69486611	69495584	1
11	69495585	69496077	0
11	69496078	69509598	1
11	69509599	69547497	0
11	69547498	69572137	1
11	69572138	69573390	0
11	69573391	69575468	1
11	69575469	69579412	0
11	69579413	69597523	2
11	69597524	69597536	0
11	69597537	69609443	1
11	69609444	69609568	0
11	69609569	69615357	1
11	69615358	69617103	0
11	69617104	69619124	1
11	69619125	69630066	0
11	69630067	69631965	1
11	69631966	69634376	0
11	69634377	69635680	1
11	69635681	69636622	0
11	69636623	69651284	1
11	69651285	69652014	0
11	69652015	69653118	2
11	69653119	69659876	0
11	69659877	69664063	2
11	69664064	69664536	3
11	69664537	69664719	2
11	69664720	69665558	3
11	69665559	69672230	1
11	69672231	69691765	0
11	69691766	69694485	1
11	69694486	69695067	0
11	69695068	69709039	1
11	69709040	69710852	0
11	69710853	69714487	1
11	69714488	69714572	0
11	69714573	69727320	2
11	69727321	69727388	0
11	69727389	69730091	2
11	69730092	69730214	0
11	69730215	69735458	1
11	69735459	69749296	0
11	69749297	69755105	2
11	69755106	69756043	0
11	69756044	69761688	1
11	69761689	69778279	0
11	69778280	69781385	2
11	69781386	69781722	0
11	69781723	69794656	1
11	69794657	69794752	3
11	69794753	69796017	1
11	69796018	69804101	2
11	69804102	69804643	0
11	69804644	69808451	2
11	69808452	69809277	0
11	69809278	69813509	2
11	69813510	69814095	0
11	69814096	69823683	2
11	69823684	69825801	3
11	69825802	69828911	1
11	69828912	69830585	0
11	69830586	69859032	2
11	69859033	69867585	0
11	69867586	69871394	2
11	69871395	69906144	0
11	69906145	69919687	2
11	69919688	69943829	0
11	69943830	69951050	2
11	69951051	69980123	0
11	69980124	69984334	2
11	69984335	70026252	0
11	70026253	70029917	2
11	70029918	70030289	0
11	70030290	70034494	1
11	70034495	70037628	0
11	70037629	70043298	1
11	70043299	70048706	0
11	70048707	70053342	1
11	70053343	70054957	0
11	70054958	70068853	1
11	70068854	70129110	0
11	70129111	70136128	1
11	70136129	70157652	0
11	70157653	70165531	1
11	70165532	70206383	0
11	70206384	70223531	1
11	70223532	70246135	0
11	70246136	70254328	2
11	70254329	70265419	0
11	70265420	70267227	2
11	70267228	70267483	0
11	70267484	70272933	1
11	70272934	70273484	3
11	70273485	70279702	2
11	70279703	70318744	0
11	70318745	70324678	2
11	70324679	70327016	0
11	70327017	70328116	1
11	70328117	70332696	0
11	70332697	70334236	2
11	70334237	70338867	0
11	70338868	70341358	2
11	70341359	70353564	0
11	70353565	70371610	2
11	70371611	70376381	0
11	70376382	70427983	2
11	70427984	70428383	0
11	70428384	70432716	1
11	70432717	70452622	0
11	70452623	70456326	2
11	70456327	70457696	0
11	70457697	70460735	1
11	70460736	70460979	3
11	70460980	70464921	2
11	70464922	70465350	0
11	70465351	70468144	1
11	70468145	70470702	0
11	70470703	70476013	2
11	70476014	70477271	0
11	70477272	70482916	1
11	70482917	70482963	0
11	70482964	70501605	1
11	70501606	70501861	0
11	70501862	70513655	1
11	70513656	70514048	0
11	70514049	70545464	2
11	70545465	70577709	0
11	70577710	70586428	2
11	70586429	70604432	0
11	70604433	70626086	1
11	70626087	70658263	0
11	70658264	70756558	2
11	70756559	70756604	3
11	70756605	70756605	2
11	70756606	70783473	1
11	70783474	70783713	0
11	70783714	70791333	2
11	70791334	70791336	0
11	70791337	70796526	1
11	70796527	70797591	0
11	70797592	70817937	1
11	70817938	70820664	0
11	70820665	70833111	1
11	70833112	70833341	3
11	70833342	70840871	2
11	70840872	70904697	0
11	70904698	70958288	1
11	70958289	70966602	0
11	70966603	71044233	1
11	71044234	71563420	0
11	71563421	71603147	2
11	71603148	71841463	0
11	71841464	71851009	1
11	71851010	71855532	0
11	71855533	71860870	2
11	71860871	71861028	0
11	71861029	71949278	1
11	71949279	71967429	0
11	71967430	72020959	1
11	72020960	72021047	0
11	72021048	72023515	2
11	72023516	72025224	0
11	72025225	72029092	1
11	72029093	72055494	0
11	72055495	72080722	1
11	72080723	72115129	0
11	72115130	72127233	2
11	72127234	72127944	0
11	72127945	72132916	2
11	72132917	72158222	0
11	72158223	72175942	1
11	72175943	72202664	0
11	72202665	72225213	1
11	72225214	72249026	0
11	72249027	72252065	2
11	72252066	72254855	0
11	72254856	72265138	2
11	72265139	72265268	3
11	72265269	72303461	1
11	72303462	72308419	0
11	72308420	72364006	1
11	72364007	72420783	0
11	72420784	72499981	2
11	72499982	72503506	0
11	72503507	72585646	2
11	72585647	72590732	0
11	72590733	72609642	1
11	72609643	72609726	0
11	72609727	72740620	2
11	72740621	72774669	0
11	72774670	72806544	2
11	72806545	72812603	0
11	72812604	72828700	2
11	72828701	72832508	0
11	72832509	72855573	2
11	72855574	72861283	0
11	72861284	72893717	2
11	72893718	72904083	0
11	72904084	72948985	2
11	72948986	72951794	3
11	72951795	72960946	2
11	72960947	72973921	0
11	72973922	72986185	2
11	72986186	72989019	0
11	72989020	72990537	1
11	72990538	72990583	0
11	72990584	72996662	2
11	72996663	72997096	0
11	72997097	73012542	1
11	73012543	73012960	0
11	73012961	73038011	2
11	73038012	73047792	0
11	73047793	73074742	2
11	73074743	73080888	0
11	73080889	73113863	2
11	73113864	73118492	0
11	73118493	73140307	1
11	73140308	73143241	0
11	73143242	73169413	2
11	73169414	73184746	0
11	73184747	73189204	2
11	73189205	73208576	0
11	73208577	73212995	1
11	73212996	73238537	0
11	73238538	73241977	1
11	73241978	73266775	0
11	73266776	73270958	1
11	73270959	73299387	0
11	73299388	73304977	1
11	73304978	73329759	0
11	73329760	73330697	1
11	73330698	73402298	0
11	73402299	73403236	1
11	73403237	73416082	0
11	73416083	73417020	2
11	73417021	73502278	0
11	73502279	73527298	2
11	73527299	73589887	0
11	73589888	73594089	1
11	73594090	73596466	0
11	73596467	73601375	2
11	73601376	73627642	0
11	73627643	73630380	1
11	73630381	73660044	0
11	73660045	73661623	1
11	73661624	73700938	0
11	73700939	73701870	1
11	73701871	73720052	0
11	73720053	73720990	1
11	73720991	73753748	0
11	73753749	73754725	2
11	73754726	73778030	0
11	73778031	73779120	2
11	73779121	73797162	0
11	73797163	73803559	1
11	73803560	73857825	0
11	73857826	73858772	1
11	73858773	73867276	0
11	73867277	73868278	1
11	73868279	73883455	0
11	73883456	73900792	2
11	73900793	73934791	0
11	73934792	73935738	2
11	73935739	73968627	0
11	73968628	73969626	2
11	73969627	74009005	0
11	74009006	74009946	2
11	74009947	74019698	0
11	74019699	74020789	1
11	74020790	74073395	0
11	74073396	74083944	2
11	74083945	74097236	0
11	74097237	74103119	2
11	74103120	74147758	0
11	74147759	74148758	1
11	74148759	74160135	0
11	74160136	74166121	1
11	74166122	74178171	0
11	74178172	74179109	2
11	74179110	74196856	0
11	74196857	74403686	1
11	74403687	74433105	0
11	74433106	74455016	2
11	74455017	74462995	0
11	74462996	74484347	2
11	74484348	74487449	0
11	74487450	74538170	1
11	74538171	74584330	0
11	74584331	74642025	2
11	74642026	74644420	0
11	74644421	74659225	2
11	74659226	74662761	0
11	74662762	74710560	1
11	74710561	74711571	0
11	74711572	74719859	2
11	74719860	74722842	3
11	74722843	74739323	1
11	74739324	74739448	3
11	74739449	74977948	2
11	74977949	74978065	0
11	74978066	74983019	1
11	74983020	74989442	0
11	74989443	75004741	1
11	75004742	75007283	0
11	75007284	75081269	2
11	75081270	75111666	0
11	75111667	75161824	1
11	75161825	75161933	0
11	75161934	75219205	2
11	75219206	75223269	0
11	75223270	75236201	1
11	75236202	75245232	0
11	75245233	75253091	1
11	75253092	75254444	0
11	75254445	75268217	1
11	75268218	75275215	0
11	75275216	75284399	2
11	75284400	75300277	0
11	75300278	75322949	2
11	75322950	75323594	0
11	75323595	75326668	2
11	75326669	75327040	0
11	75327041	75340082	2
11	75340083	75345194	0
11	75345195	75391075	2
11	75391076	75401597	0
11	75401598	75442304	2
11	75442305	75444488	0
11	75444489	75462371	2
11	75462372	75464004	0
11	75464005	75488132	2
11	75488133	75492759	0
11	75492760	75520408	2
11	75520409	75546369	0
11	75546370	75579345	2
11	75579346	75582466	0
11	75582467	75609549	1
11	75609550	75644499	0
11	75644500	75751929	1
11	75751930	75813412	0
11	75813413	75817069	2
11	75817070	75832694	0
11	75832695	75841282	1
11	75841283	75859726	0
11	75859727	75993171	1
11	75993172	76021673	3
11	76021674	76031108	1
11	76031109	76032166	3
11	76032167	76057215	1
11	76057216	76057225	3
11	76057226	76064119	2
11	76064120	76070698	0
11	76070699	76212640	1
11	76212641	76220452	0
11	76220453	76229792	2
11	76229793	76230234	0
11	76230235	76435814	1
11	76435815	76485970	0
11	76485971	76487176	2
11	76487177	76493308	0
11	76493309	76512164	2
11	76512165	76540102	0
11	76540103	76577079	1
11	76577080	76591924	0
11	76591925	76660518	1
11	76660519	76715659	0
11	76715660	76730087	2
11	76730088	76738309	0
11	76738310	76800879	2
11	76800880	76812103	0
11	76812104	76845840	2
11	76845841	76857792	0
11	76857793	76891935	1
11	76891936	76903415	0
11	76903416	77002468	1
11	77002469	77029787	0
11	77029788	77273720	2
11	77273721	77275911	0
11	77275912	77283984	2
11	77283985	77283985	0
11	77283986	77303178	1
11	77303179	77307062	0
11	77307063	77321286	2
11	77321287	77321599	0
11	77321600	77328621	1
11	77328622	77329231	3
11	77329232	77329480	1
11	77329481	77330160	2
11	77330161	77332698	3
11	77332699	77342662	2
11	77342663	77352107	3
11	77352108	77421315	1
11	77421316	77499639	0
11	77499640	77532115	2
11	77532116	77535334	3
11	77535335	77555292	2
11	77555293	77576746	0
11	77576747	77598953	2
11	77598954	77601247	3
11	77601248	77679480	2
11	77679481	77694115	0
11	77694116	77707596	1
11	77707597	77744300	0
11	77744301	77792548	2
11	77792549	77796254	0
11	77796255	77844039	2
11	77844040	77845780	0
11	77845781	77851366	2
11	77851367	77851431	0
11	77851432	77873934	2
11	77873935	77886876	0
11	77886877	77893883	1
11	77893884	77908160	0
11	77908161	77970200	2
11	77970201	77971999	0
11	77972000	77979089	1
11	77979090	77979606	0
11	77979607	77990175	1
11	77990176	77990211	0
11	77990212	77994432	2
11	77994433	77995409	3
11	77995410	77997084	1
11	77997085	78001930	0
11	78001931	78005693	2
11	78005694	78006892	0
11	78006893	78019263	2
11	78019264	78020246	0
11	78020247	78059246	1
11	78059247	78059487	3
11	78059488	78068996	2
11	78068997	78075252	0
11	78075253	78104123	2
11	78104124	78104341	0
11	78104342	78110305	2
11	78110306	78115029	0
11	78115030	78135957	2
11	78135958	78136468	0
11	78136469	78141281	2
11	78141282	78141915	0
11	78141916	78156282	2
11	78156283	78156982	0
11	78156983	78162664	2
11	78162665	78171077	0
11	78171078	78200058	1
11	78200059	78210587	0
11	78210588	78235717	1
11	78235718	78279197	0
11	78279198	78285445	2
11	78285446	78285830	0
11	78285831	78311254	1
11	78311255	78312591	0
11	78312592	78315824	2
11	78315825	78316949	0
11	78316950	78318581	2
11	78318582	78320555	0
11	78320556	78325672	1
11	78325673	78325693	0
11	78325694	78336236	2
11	78336237	78336350	0
11	78336351	78349832	1
11	78349833	78349861	0
11	78349862	78355237	2
11	78355238	78355317	0
11	78355318	78364277	1
11	78364278	78380668	0
11	78380669	78510925	1
11	78510926	78564007	0
11	78564008	78565229	1
11	78565230	78640084	0
11	78640085	78660370	2
11	78660371	78734287	0
11	78734288	78773754	2
11	78773755	78776474	0
11	78776475	78798446	1
11	78798447	78826940	0
11	78826941	78959907	1
11	78959908	79052872	0
11	79052873	79068171	1
11	79068172	79109679	0
11	79109680	79110406	1
11	79110407	79153193	0
11	79153194	79314482	2
11	79314483	79317582	3
11	79317583	79326885	2
11	79326886	79337262	3
11	79337263	79340060	2
11	79340061	79344088	3
11	79344089	79395112	2
11	79395113	79404712	0
11	79404713	79511523	2
11	79511524	79745821	0
11	79745822	79775890	1
11	79775891	79806606	0
11	79806607	79847623	2
11	79847624	79859993	0
11	79859994	79894468	1
11	79894469	79902900	0
11	79902901	79949294	2
11	79949295	79950178	0
11	79950179	79955675	1
11	79955676	79967605	0
11	79967606	79992458	2
11	79992459	79997351	0
11	79997352	80013257	2
11	80013258	80022519	0
11	80022520	80081407	2
11	80081408	80114412	0
11	80114413	80169455	2
11	80169456	80173993	0
11	80173994	80191534	1
11	80191535	80196779	0
11	80196780	80219233	2
11	80219234	80242115	0
11	80242116	80286748	2
11	80286749	80290546	0
11	80290547	80294679	2
11	80294680	80295626	0
11	80295627	80593525	1
11	80593526	80623675	0
11	80623676	80635533	2
11	80635534	80671865	0
11	80671866	80681314	2
11	80681315	80693669	0
11	80693670	81674173	1
11	81674174	81679916	3
11	81679917	81781957	1
11	81781958	81841724	0
11	81841725	81849071	1
11	81849072	81850953	3
11	81850954	81852062	1
11	81852063	81859212	0
11	81859213	81861025	2
11	81861026	81871323	0
11	81871324	81876455	2
11	81876456	81915345	0
11	81915346	81916900	2
11	81916901	81928685	0
11	81928686	81930299	2
11	81930300	81990157	0
11	81990158	82119190	1
11	82119191	82202400	0
11	82202401	82259832	2
11	82259833	82532750	0
11	82532751	82577821	1
11	82577822	82577845	0
11	82577846	82581122	2
11	82581123	82594608	0
11	82594609	82615949	2
11	82615950	82616362	3
11	82616363	82617322	2
11	82617323	82617774	3
11	82617775	82684710	1
11	82684711	82685464	0
11	82685465	82704114	1
11	82704115	82705624	0
11	82705625	82714268	2
11	82714269	82714301	3
11	82714302	82721911	1
11	82721912	82724050	0
11	82724051	82756903	2
11	82756904	82764849	0
11	82764850	82776441	2
11	82776442	82793129	0
11	82793130	82805330	1
11	82805331	82815658	0
11	82815659	82834310	1
11	82834311	82841630	0
11	82841631	82853542	1
11	82853543	82878612	0
11	82878613	82884178	2
11	82884179	82930349	0
11	82930350	82936170	2
11	82936171	82988686	0
11	82988687	83003721	2
11	83003722	83004830	0
11	83004831	83028654	2
11	83028655	83108142	0
11	83108143	83112524	1
11	83112525	83116086	3
11	83116087	83135113	2
11	83135114	83137087	3
11	83137088	83138680	2
11	83138681	83139192	3
11	83139193	83218535	2
11	83218536	83222637	0
11	83222638	83234539	2
11	83234540	83235402	0
11	83235403	83242955	1
11	83242956	83251186	0
11	83251187	83254268	2
11	83254269	83254732	3
11	83254733	83276571	1
11	83276572	83286586	0
11	83286587	83320243	2
11	83320244	83325236	0
11	83325237	83335675	1
11	83335676	83339278	0
11	83339279	83344018	1
11	83344019	83386419	0
11	83386420	83392136	1
11	83392137	83401382	0
11	83401383	83406587	1
11	83406588	83461344	0
11	83461345	83462855	1
11	83462856	83476084	0
11	83476085	83478183	2
11	83478184	83517491	0
11	83517492	83519768	2
11	83519769	83522515	0
11	83522516	83524848	2
11	83524849	83560440	0
11	83560441	83566142	2
11	83566143	83567196	0
11	83567197	83597254	2
11	83597255	83663563	0
11	83663564	83719417	2
11	83719418	83755562	0
11	83755563	83776588	2
11	83776589	83777928	0
11	83777929	83858078	2
11	83858079	83861541	0
11	83861542	83882761	1
11	83882762	83892334	0
11	83892335	83943100	1
11	83943101	83943172	0
11	83943173	83961851	2
11	83961852	83980976	3
11	83980977	84102364	2
11	84102365	84104119	3
11	84104120	84215151	2
11	84215152	84236355	0
11	84236356	84327022	1
11	84327023	84331477	0
11	84331478	84339515	1
11	84339516	84626561	0
11	84626562	84633015	1
11	84633016	84634356	0
11	84634357	84642494	1
11	84642495	84645861	0
11	84645862	84684317	1
11	84684318	84689815	0
11	84689816	84693648	1
11	84693649	84693695	3
11	84693696	84693720	1
11	84693721	84693785	3
11	84693786	84724450	2
11	84724451	84724726	3
11	84724727	84729866	1
11	84729867	84771286	0
11	84771287	84779544	2
11	84779545	84797942	0
11	84797943	84953661	1
11	84953662	84983904	0
11	84983905	84994645	2
11	84994646	85000762	0
11	85000763	85048630	1
11	85048631	85124744	0
11	85124745	85160566	2
11	85160567	85166667	0
11	85166668	85639558	2
11	85639559	85646051	0
11	85646052	85655448	2
11	85655449	85660290	0
11	85660291	85663833	1
11	85663834	85699922	0
11	85699923	85729597	2
11	85729598	85871636	0
11	85871637	86014693	1
11	86014694	86024181	0
11	86024182	86071075	1
11	86071076	86080533	0
11	86080534	86171102	1
11	86171103	86298157	0
11	86298158	86312371	2
11	86312372	86312525	3
11	86312526	86358305	1
11	86358306	86358491	0
11	86358492	86380860	2
11	86380861	86397365	0
11	86397366	86497336	1
11	86497337	86497485	0
11	86497486	86505957	2
11	86505958	86507851	0
11	86507852	86571065	1
11	86571066	86582346	0
11	86582347	86621196	1
11	86621197	86749925	0
11	86749926	86807207	1
11	86807208	86847367	0
11	86847368	86887562	1
11	86887563	86891232	0
11	86891233	86900274	1
11	86900275	86902653	0
11	86902654	86922208	1
11	86922209	86922734	0
11	86922735	86938135	2
11	86938136	86940577	0
11	86940578	87034183	2
11	87034184	87040406	0
11	87040407	87172523	1
11	87172524	87190145	0
11	87190146	87218454	1
11	87218455	87218565	0
11	87218566	87369323	2
11	87369324	87380153	0
11	87380154	87404039	2
11	87404040	87405662	0
11	87405663	87429802	2
11	87429803	87430664	0
11	87430665	87473042	2
11	87473043	87476222	0
11	87476223	87549039	2
11	87549040	87551052	0
11	87551053	87557123	2
11	87557124	87574041	0
11	87574042	87599428	2
11	87599429	87607081	0
11	87607082	87617913	2
11	87617914	87619928	0
11	87619929	87641789	1
11	87641790	87666715	0
11	87666716	87677303	2
11	87677304	87677500	0
11	87677501	87689036	1
11	87689037	87702459	0
11	87702460	87703394	1
11	87703395	87706487	0
11	87706488	87707422	1
11	87707423	87727420	0
11	87727421	87728503	1
11	87728504	87793025	0
11	87793026	87801033	1
11	87801034	87860873	0
11	87860874	87867255	2
11	87867256	87881779	0
11	87881780	87898229	2
11	87898230	87912646	0
11	87912647	88007640	2
11	88007641	88017888	0
11	88017889	88025007	2
11	88025008	88107543	0
11	88107544	88108761	2
11	88108762	88152882	0
11	88152883	88579825	1
11	88579826	88692104	0
11	88692105	88725898	1
11	88725899	88785332	0
11	88785333	88816777	1
11	88816778	88825970	0
11	88825971	88828243	1
11	88828244	88831564	0
11	88831565	88852925	2
11	88852926	88860688	0
11	88860689	88881605	2
11	88881606	88896491	0
11	88896492	88928162	1
11	88928163	88935153	0
11	88935154	88954352	2
11	88954353	89161950	0
11	89161951	89163871	1
11	89163872	89251535	0
11	89251536	89280260	1
11	89280261	89282299	0
11	89282300	89500943	1
11	89500944	89843977	0
11	89843978	89864206	1
11	89864207	89891660	0
11	89891661	89897820	2
11	89897821	90048996	0
11	90048997	90139901	2
11	90139902	90197847	0
11	90197848	90252229	1
11	90252230	90337804	0
11	90337805	90499396	1
11	90499397	90499485	0
11	90499486	90504777	2
11	90504778	90506243	3
11	90506244	90549678	1
11	90549679	91436627	0
11	91436628	91438921	1
11	91438922	92959340	0
11	92959341	93463061	2
11	93463062	93720555	0
11	93720556	93747078	1
11	93747079	93747164	0
11	93747165	93808297	2
11	93808298	93811126	0
11	93811127	93829833	1
11	93829834	93857403	0
11	93857404	93987397	2
11	93987398	94072766	0
11	94072767	94076807	2
11	94076808	94097268	0
11	94097269	94107317	1
11	94107318	94149202	0
11	94149203	94183300	1
11	94183301	94189313	0
11	94189314	94203153	2
11	94203154	94204610	0
11	94204611	94254309	1
11	94254310	94269703	0
11	94269704	94335412	1
11	94335413	94340216	0
11	94340217	94347491	1
11	94347492	94350911	0
11	94350912	94361286	1
11	94361287	94362659	0
11	94362660	94383054	1
11	94383055	94401110	0
11	94401111	94410567	1
11	94410568	94418414	0
11	94418415	94426359	1
11	94426360	94430439	3
11	94430440	94463183	1
11	94463184	94491079	0
11	94491080	94506308	2
11	94506309	94506528	3
11	94506529	94515079	1
11	94515080	94515276	3
11	94515277	94521401	2
11	94521402	94525163	0
11	94525164	94538827	1
11	94538828	94555810	0
11	94555811	94565811	1
11	94565812	94603094	0
11	94603095	94604345	2
11	94604346	94638529	0
11	94638530	94644015	1
11	94644016	94797536	0
11	94797537	94810492	2
11	94810493	94811643	3
11	94811644	94814354	2
11	94814355	94824103	0
11	94824104	94828973	1
11	94828974	94829768	3
11	94829769	94837639	1
11	94837640	94852347	0
11	94852348	94868211	2
11	94868212	94871191	0
11	94871192	94887399	2
11	94887400	94887570	0
11	94887571	94902666	1
11	94902667	94905786	0
11	94905787	94938113	1
11	94938114	94981401	0
11	94981402	94986608	2
11	94986609	95001768	0
11	95001769	95007575	1
11	95007576	95122841	0
11	95122842	95130577	2
11	95130578	95135571	0
11	95135572	95171558	1
11	95171559	95198330	0
11	95198331	95243184	2
11	95243185	95246004	0
11	95246005	95253088	2
11	95253089	95275392	0
11	95275393	95354718	2
11	95354719	95371157	0
11	95371158	95375882	1
11	95375883	95430130	0
11	95430131	95449047	1
11	95449048	95528269	0
11	95528270	95542085	2
11	95542086	95558206	0
11	95558207	95560455	1
11	95560456	95573985	0
11	95573986	95691384	2
11	95691385	95696427	3
11	95696428	95698528	1
11	95698529	95703472	3
11	95703473	95703607	1
11	95703608	95703721	3
11	95703722	95703788	1
11	95703789	95707046	2
11	95707047	95727255	0
11	95727256	95776203	1
11	95776204	95818475	0
11	95818476	95867252	1
11	95867253	95885857	0
11	95885858	95892143	2
11	95892144	95896197	0
11	95896198	95908742	2
11	95908743	95908744	0
11	95908745	95926700	1
11	95926701	95930164	0
11	95930165	95936982	1
11	95936983	95960638	0
11	95960639	95973276	1
11	95973277	95995098	0
11	95995099	96026763	2
11	96026764	96055628	0
11	96055629	96058759	2
11	96058760	96112417	0
11	96112418	96126180	2
11	96126181	96132769	0
11	96132770	96137907	2
11	96137908	96143217	0
11	96143218	96151648	2
11	96151649	96153788	0
11	96153789	96162881	2
11	96162882	96163907	0
11	96163908	96167432	2
11	96167433	96177996	0
11	96177997	96182950	2
11	96182951	96184638	0
11	96184639	96207997	2
11	96207998	96212944	0
11	96212945	96217001	2
11	96217002	96227064	0
11	96227065	96229568	2
11	96229569	96325905	0
11	96325906	96620789	2
11	96620790	96628867	0
11	96628868	96638871	1
11	96638872	96650439	0
11	96650440	96669952	2
11	96669953	96678726	0
11	96678727	96691280	1
11	96691281	96711182	0
11	96711183	96722515	2
11	96722516	96768738	0
11	96768739	96777808	1
11	96777809	96789416	0
11	96789417	96799137	2
11	96799138	96799142	3
11	96799143	96805298	1
11	96805299	96814652	0
11	96814653	96844271	1
11	96844272	96874706	0
11	96874707	96886046	2
11	96886047	96891250	0
11	96891251	96895270	2
11	96895271	96895914	0
11	96895915	96902719	1
11	96902720	96902872	0
11	96902873	96910525	2
11	96910526	96911940	0
11	96911941	96930216	2
11	96930217	96959383	0
11	96959384	96976643	1
11	96976644	96997483	0
11	96997484	97012807	1
11	97012808	97021026	0
11	97021027	97049193	1
11	97049194	97067154	0
11	97067155	97141950	1
11	97141951	97177028	0
11	97177029	97191232	2
11	97191233	97193421	0
11	97193422	97213389	1
11	97213390	97223863	0
11	97223864	97259854	2
11	97259855	97276845	0
11	97276846	97352095	2
11	97352096	97361652	3
11	97361653	97363714	2
11	97363715	97370652	0
11	97370653	97436538	1
11	97436539	97488705	0
11	97488706	97491028	1
11	97491029	97524726	0
11	97524727	97546775	2
11	97546776	97547138	0
11	97547139	97549933	2
11	97549934	97550135	0
11	97550136	97561809	1
11	97561810	97564711	0
11	97564712	97574812	2
11	97574813	97576469	0
11	97576470	97606016	1
11	97606017	97606793	0
11	97606794	97607365	1
11	97607366	97609023	3
11	97609024	97627868	1
11	97627869	97632793	0
11	97632794	97637230	1
11	97637231	97638839	0
11	97638840	97643749	1
11	97643750	97660312	0
11	97660313	97700076	2
11	97700077	97702092	0
11	97702093	97705411	2
11	97705412	97715138	0
11	97715139	97745466	1
11	97745467	97784550	0
11	97784551	97847756	1
11	97847757	97850890	0
11	97850891	97857493	1
11	97857494	97862820	0
11	97862821	97884346	1
11	97884347	97888022	0
11	97888023	97891804	2
11	97891805	97897935	0
11	97897936	97914774	1
11	97914775	97943866	0
11	97943867	98011715	1
11	98011716	98013466	0
11	98013467	98054605	1
11	98054606	98064371	0
11	98064372	98139816	2
11	98139817	98186727	0
11	98186728	98190960	1
11	98190961	98209716	0
11	98209717	98219108	2
11	98219109	98219680	0
11	98219681	98242424	2
11	98242425	98245123	0
11	98245124	98246265	2
11	98246266	98247762	0
11	98247763	98249493	2
11	98249494	98249989	0
11	98249990	98261802	1
11	98261803	98273782	0
11	98273783	98299020	2
11	98299021	98299028	3
11	98299029	98300303	1
11	98300304	98307706	0
11	98307707	98316685	2
11	98316686	98326214	0
11	98326215	98407343	1
11	98407344	98412409	0
11	98412410	98419977	2
11	98419978	98442568	0
11	98442569	98448680	1
11	98448681	98485663	0
11	98485664	98486973	1
11	98486974	98487672	0
11	98487673	98499538	2
11	98499539	98508071	0
11	98508072	98519276	2
11	98519277	98525663	0
11	98525664	98539020	2
11	98539021	98543866	0
11	98543867	98557291	2
11	98557292	98562575	0
11	98562576	98564941	2
11	98564942	98565903	0
11	98565904	98590747	1
11	98590748	98601950	0
11	98601951	98629244	2
11	98629245	98630318	3
11	98630319	98636645	1
11	98636646	98656828	0
11	98656829	98695126	2
11	98695127	98698097	0
11	98698098	98715009	2
11	98715010	98724950	0
11	98724951	98766352	2
11	98766353	98769113	0
11	98769114	98785252	2
11	98785253	98789130	0
11	98789131	98836254	2
11	98836255	98843492	0
11	98843493	98844328	1
11	98844329	98854255	0
11	98854256	98885501	1
11	98885502	98902556	0
11	98902557	98915704	2
11	98915705	98926990	0
11	98926991	98950618	1
11	98950619	99005508	0
11	99005509	99016389	1
11	99016390	99070359	0
11	99070360	99092329	1
11	99092330	99094073	0
11	99094074	99105397	1
11	99105398	99141271	0
11	99141272	99146574	1
11	99146575	99176828	0
11	99176829	99184263	1
11	99184264	99189862	0
11	99189863	99199278	1
11	99199279	99206877	0
11	99206878	99212416	1
11	99212417	99226184	0
11	99226185	99236215	1
11	99236216	99246566	0
11	99246567	99250676	1
11	99250677	99276978	0
11	99276979	99283571	1
11	99283572	99289715	0
11	99289716	99299462	1
11	99299463	99339286	0
11	99339287	99354449	1
11	99354450	99375426	0
11	99375427	99382650	1
11	99382651	99398797	0
11	99398798	99404470	1
11	99404471	99411444	0
11	99411445	99412175	1
11	99412176	99417135	0
11	99417136	99418165	1
11	99418166	99420479	0
11	99420480	99420778	1
11	99420779	99427339	0
11	99427340	99427942	1
11	99427943	99441289	0
11	99441290	99442328	1
11	99442329	99444374	0
11	99444375	99444966	1
11	99444967	99451773	0
11	99451774	99452651	1
11	99452652	99458659	0
11	99458660	99459417	1
11	99459418	99463958	0
11	99463959	99464620	1
11	99464621	99471106	0
11	99471107	99471501	1
11	99471502	99475329	0
11	99475330	99476158	1
11	99476159	99480931	0
11	99480932	99481747	1
11	99481748	99488541	0
11	99488542	99489551	1
11	99489552	99495426	0
11	99495427	99496396	1
11	99496397	99504424	0
11	99504425	99505401	1
11	99505402	99510911	0
11	99510912	99511548	1
11	99511549	99519254	0
11	99519255	99520271	1
11	99520272	99526355	0
11	99526356	99527272	1
11	99527273	99535319	0
11	99535320	99535471	1
11	99535472	99541907	0
11	99541908	99542044	1
11	99542045	99546699	0
11	99546700	99546851	1
11	99546852	99551900	0
11	99551901	99552052	1
11	99552053	99557561	0
11	99557562	99557710	1
11	99557711	99560849	0
11	99560850	99560986	1
11	99560987	99566307	0
11	99566308	99566459	1
11	99566460	99571381	0
11	99571382	99571530	1
11	99571531	99585521	0
11	99585522	99585658	1
11	99585659	99591487	0
11	99591488	99591639	2
11	99591640	99595525	0
11	99595526	99595602	1
11	99595603	99601228	0
11	99601229	99601380	1
11	99601381	99604491	0
11	99604492	99604619	1
11	99604620	99608741	0
11	99608742	99608863	1
11	99608864	99617471	0
11	99617472	99617593	1
11	99617594	99620344	0
11	99620345	99620484	1
11	99620485	99625245	0
11	99625246	99625412	1
11	99625413	99633026	0
11	99633027	99642016	1
11	99642017	99646512	0
11	99646513	99647570	2
11	99647571	99653701	0
11	99653702	99654779	1
11	99654780	99659376	0
11	99659377	99660244	1
11	99660245	99664869	0
11	99664870	99665758	1
11	99665759	99670390	0
11	99670391	99671208	1
11	99671209	99676288	0
11	99676289	99676978	1
11	99676979	99698460	0
11	99698461	99699378	1
11	99699379	99711967	0
11	99711968	99712920	1
11	99712921	99719229	0
11	99719230	99726883	2
11	99726884	99734701	0
11	99734702	99735312	2
11	99735313	99740499	0
11	99740500	99741541	2
11	99741542	99769232	0
11	99769233	99770202	2
11	99770203	99776063	0
11	99776064	99776983	2
11	99776984	99797603	0
11	99797604	99798537	2
11	99798538	99809787	0
11	99809788	99810863	2
11	99810864	99839337	0
11	99839338	99840365	1
11	99840366	99846022	0
11	99846023	99847909	1
11	99847910	99854546	0
11	99854547	99855306	1
11	99855307	99872507	0
11	99872508	99877524	1
11	99877525	99884946	0
11	99884947	99891180	1
11	99891181	99898659	0
11	99898660	99902866	1
11	99902867	99907958	0
11	99907959	99911863	1
11	99911864	99942160	0
11	99942161	99949538	1
11	99949539	99953504	0
11	99953505	99957553	1
11	99957554	99963319	0
11	99963320	99966938	1
11	99966939	99978639	0
11	99978640	99982878	1
11	99982879	99993070	0
11	99993071	99997261	1
11	99997262	100002219	0
11	100002220	100009977	1
11	100009978	100048093	0
11	100048094	100054558	1
11	100054559	100064474	0
11	100064475	100068860	1
11	100068861	100107403	0
11	100107404	100110274	1
11	100110275	100117529	0
11	100117530	100122341	1
11	100122342	100124194	0
11	100124195	100131183	1
11	100131184	100181197	0
11	100181198	100183408	2
11	100183409	100195719	0
11	100195720	100198308	2
11	100198309	100208639	0
11	100208640	100217453	1
11	100217454	100230270	0
11	100230271	100259075	1
11	100259076	100269768	0
11	100269769	100276148	1
11	100276149	100277009	0
11	100277010	100283633	2
11	100283634	100286136	3
11	100286137	100303120	1
11	100303121	100303229	0
11	100303230	100318334	2
11	100318335	100323926	0
11	100323927	100334053	1
11	100334054	100337665	0
11	100337666	100389312	1
11	100389313	100406919	0
11	100406920	100433880	2
11	100433881	100436216	0
11	100436217	100444130	2
11	100444131	100446098	3
11	100446099	100452199	2
11	100452200	100453041	3
11	100453042	100480556	1
11	100480557	100481480	3
11	100481481	100487531	2
11	100487532	100488111	3
11	100488112	100488855	2
11	100488856	100488919	3
11	100488920	100553767	1
11	100553768	100556016	0
11	100556017	100565583	1
11	100565584	100566058	0
11	100566059	100573777	1
11	100573778	100575162	0
11	100575163	100575887	2
11	100575888	100576321	0
11	100576322	100599527	1
11	100599528	100601688	0
11	100601689	100621254	1
11	100621255	100622381	0
11	100622382	100624243	1
11	100624244	100627344	0
11	100627345	100632269	1
11	100632270	100642043	0
11	100642044	100712036	1
11	100712037	100720663	0
11	100720664	100746410	2
11	100746411	100746481	3
11	100746482	100800852	1
11	100800853	100818045	0
11	100818046	100832199	1
11	100832200	100870764	0
11	100870765	100925031	2
11	100925032	100931324	0
11	100931325	100938984	2
11	100938985	100939723	0
11	100939724	100941839	2
11	100941840	100943877	0
11	100943878	100947931	2
11	100947932	100948589	0
11	100948590	100953135	2
11	100953136	100953519	3
11	100953520	100956748	1
11	100956749	100957634	0
11	100957635	100981205	1
11	100981206	100981250	0
11	100981251	100987731	2
11	100987732	101017219	0
11	101017220	101023099	2
11	101023100	101023991	0
11	101023992	101031835	1
11	101031836	101032267	3
11	101032268	101032663	1
11	101032664	101034309	2
11	101034310	101036755	3
11	101036756	101052036	2
11	101052037	101052427	0
11	101052428	101087775	1
11	101087776	101107340	0
11	101107341	101120861	2
11	101120862	101121879	0
11	101121880	101138721	2
11	101138722	101139280	0
11	101139281	101140324	1
11	101140325	101140426	3
11	101140427	101147264	2
11	101147265	101147857	3
11	101147858	101149574	2
11	101149575	101150013	3
11	101150014	101163598	1
11	101163599	101177525	0
11	101177526	101184849	2
11	101184850	101186375	0
11	101186376	101191014	2
11	101191015	101191917	0
11	101191918	101203250	2
11	101203251	101228873	0
11	101228874	101239215	2
11	101239216	101268004	0
11	101268005	101286397	1
11	101286398	101286645	3
11	101286646	101296985	2
11	101296986	101303610	0
11	101303611	101306841	2
11	101306842	101309719	0
11	101309720	101320010	2
11	101320011	101320057	0
11	101320058	101326311	1
11	101326312	101327542	3
11	101327543	101333165	2
11	101333166	101350076	0
11	101350077	101413267	1
11	101413268	101413461	0
11	101413462	101443263	2
11	101443264	101443554	0
11	101443555	101453100	2
11	101453101	101488507	0
11	101488508	101497412	2
11	101497413	101526853	0
11	101526854	101529144	2
11	101529145	101594231	0
11	101594232	101628670	2
11	101628671	101631054	0
11	101631055	101646683	1
11	101646684	101738822	0
11	101738823	101755686	1
11	101755687	101823770	0
11	101823771	101828327	1
11	101828328	101832455	0
11	101832456	101845591	1
11	101845592	101846111	3
11	101846112	101848325	1
11	101848326	101853576	2
11	101853577	101860964	0
11	101860965	101889773	1
11	101889774	101902821	0
11	101902822	101916932	2
11	101916933	101918327	0
11	101918328	101949827	1
11	101949828	101961242	0
11	101961243	101962631	1
11	101962632	101967988	0
11	101967989	101969144	1
11	101969145	102006825	0
11	102006826	102010789	2
11	102010790	102013858	0
11	102013859	102017716	1
11	102017717	102023809	0
11	102023810	102046608	1
11	102046609	102050932	0
11	102050933	102055393	2
11	102055394	102055744	0
11	102055745	102091478	1
11	102091479	102110194	0
11	102110195	102126499	2
11	102126500	102130055	0
11	102130056	102140774	2
11	102140775	102146243	0
11	102146244	102150549	2
11	102150550	102150612	0
11	102150613	102157943	1
11	102157944	102165872	0
11	102165873	102181054	1
11	102181055	102210136	0
11	102210137	102227515	1
11	102227516	102254715	0
11	102254716	102263867	2
11	102263868	102264297	0
11	102264298	102269258	1
11	102269259	102291627	0
11	102291628	102298293	2
11	102298294	102298360	3
11	102298361	102308994	1
11	102308995	102314609	0
11	102314610	102331434	1
11	102331435	102337227	0
11	102337228	102417704	1
11	102417705	102437710	0
11	102437711	102440773	1
11	102440774	102465743	0
11	102465744	102469370	2
11	102469371	102525028	0
11	102525029	102543549	2
11	102543550	102545998	0
11	102545999	102559094	1
11	102559095	102622751	0
11	102622752	102641574	2
11	102641575	102660891	0
11	102660892	102681012	1
11	102681013	102697161	0
11	102697162	102699352	2
11	102699353	102699785	0
11	102699786	102742297	1
11	102742298	102742516	0
11	102742517	102748043	2
11	102748044	102748648	0
11	102748649	102762224	1
11	102762225	102766841	0
11	102766842	102786436	1
11	102786437	102800576	0
11	102800577	102808000	1
11	102808001	102855359	0
11	102855360	102889502	1
11	102889503	102889616	3
11	102889617	102889645	1
11	102889646	102930224	2
11	102930225	102931616	0
11	102931617	102962970	1
11	102962971	102962994	0
11	102962995	102973512	2
11	102973513	102977637	0
11	102977638	102981037	2
11	102981038	102993741	0
11	102993742	103001188	2
11	103001189	103032419	0
11	103032420	103060213	2
11	103060214	103060258	0
11	103060259	103079744	1
11	103079745	103081074	0
11	103081075	103128784	1
11	103128785	103192809	0
11	103192810	103225004	1
11	103225005	103226400	0
11	103226401	103273976	1
11	103273977	103313267	0
11	103313268	103365909	1
11	103365910	103395889	0
11	103395890	103482452	1
11	103482453	103492382	0
11	103492383	103500202	1
11	103500203	103510821	0
11	103510822	103511892	2
11	103511893	103538161	0
11	103538162	103559210	1
11	103559211	103588676	0
11	103588677	103611133	1
11	103611134	103635462	0
11	103635463	103679269	2
11	103679270	103683094	0
11	103683095	103815368	1
11	103815369	103828051	0
11	103828052	103846649	2
11	103846650	103994167	0
11	103994168	104036835	2
11	104036836	104047639	0
11	104047640	104052475	2
11	104052476	104092702	0
11	104092703	104193402	2
11	104193403	104194541	0
11	104194542	104330173	1
11	104330174	104364057	0
11	104364058	104411932	1
11	104411933	104411975	0
11	104411976	104457065	2
11	104457066	104469312	0
11	104469313	104531788	2
11	104531789	104547019	0
11	104547020	104615274	2
11	104615275	104924904	0
11	104924905	104978849	2
11	104978850	104987737	0
11	104987738	105001706	2
11	105001707	105008205	0
11	105008206	105008573	2
11	105008574	105040119	0
11	105040120	105145271	2
11	105145272	105153955	0
11	105153956	105212451	2
11	105212452	105222110	0
11	105222111	105318047	1
11	105318048	105451298	0
11	105451299	105790616	2
11	105790617	105795014	0
11	105795015	105814648	1
11	105814649	105829257	0
11	105829258	105851276	2
11	105851277	105869436	0
11	105869437	105895861	2
11	105895862	105898184	0
11	105898185	105920636	2
11	105920637	105927373	0
11	105927374	105934924	2
11	105934925	105945925	0
11	105945926	106016758	2
11	106016759	106017568	0
11	106017569	106022162	1
11	106022163	106022172	3
11	106022173	106022470	2
11	106022471	106024642	0
11	106024643	106077656	1
11	106077657	106078238	0
11	106078239	106110451	2
11	106110452	106110454	0
11	106110455	106117391	1
11	106117392	106117466	0
11	106117467	106124432	2
11	106124433	106124491	0
11	106124492	106134284	1
11	106134285	106137984	0
11	106137985	106150057	2
11	106150058	106161583	0
11	106161584	106163177	1
11	106163178	106172653	0
11	106172654	106176074	1
11	106176075	106179904	0
11	106179905	106210701	1
11	106210702	106210767	0
11	106210768	106214600	1
11	106214601	106226786	0
11	106226787	106238426	2
11	106238427	106238968	0
11	106238969	106249387	1
11	106249388	106255962	0
11	106255963	106349164	1
11	106349165	106363459	0
11	106363460	106474735	1
11	106474736	106515529	0
11	106515530	106611940	1
11	106611941	106612515	0
11	106612516	106629565	2
11	106629566	106630106	3
11	106630107	106640849	1
11	106640850	106641667	0
11	106641668	106650497	1
11	106650498	106650564	0
11	106650565	106681242	2
11	106681243	106681378	0
11	106681379	106782027	1
11	106782028	106849941	0
11	106849942	106860853	1
11	106860854	106894393	0
11	106894394	106993439	1
11	106993440	107027975	0
11	107027976	107050693	1
11	107050694	107069204	0
11	107069205	107332032	1
11	107332033	107340796	0
11	107340797	107365674	2
11	107365675	107409242	0
11	107409243	107555138	2
11	107555139	107564530	0
11	107564531	107577834	1
11	107577835	107593669	0
11	107593670	107655869	1
11	107655870	107735917	0
11	107735918	107776367	1
11	107776368	107794699	0
11	107794700	108204666	1
11	108204667	108205240	3
11	108205241	108275708	2
11	108275709	108286504	0
11	108286505	108721927	2
11	108721928	108781661	0
11	108781662	108812095	2
11	108812096	109000603	0
11	109000604	109005681	1
11	109005682	109086667	0
11	109086668	109159441	1
11	109159442	109216090	0
11	109216091	109224143	1
11	109224144	109224966	3
11	109224967	109262681	2
11	109262682	109275229	0
11	109275230	109281717	2
11	109281718	109287258	0
11	109287259	109312167	2
11	109312168	109313684	3
11	109313685	109314038	2
11	109314039	109314125	3
11	109314126	109334686	1
11	109334687	109334910	3
11	109334911	109434642	2
11	109434643	109434643	0
11	109434644	109473279	1
11	109473280	109510717	0
11	109510718	109530968	2
11	109530969	109531061	0
11	109531062	109583591	1
11	109583592	109647204	0
11	109647205	109689358	1
11	109689359	109793502	0
11	109793503	109857157	1
11	109857158	109886946	0
11	109886947	109957290	1
11	109957291	109962061	0
11	109962062	110029508	1
11	110029509	110038132	0
11	110038133	110113088	1
11	110113089	110130681	0
11	110130682	110199028	1
11	110199029	110260434	0
11	110260435	110386834	2
11	110386835	110829345	0
11	110829346	110889280	2
11	110889281	110927476	0
11	110927477	110938133	2
11	110938134	112292502	0
11	112292503	112292948	1
11	112292949	112643536	0
11	112643537	112649072	2
11	112649073	113106165	0
11	113106166	113480654	1
11	113480655	113487317	3
11	113487318	113510481	1
11	113510482	113511383	3
11	113511384	113511391	1
11	113511392	113522631	2
11	113522632	113524259	3
11	113524260	113528366	2
11	113528367	113545467	1
11	113545468	113545722	0
11	113545723	113559484	2
11	113559485	113560630	3
11	113560631	113571329	1
11	113571330	113588162	0
11	113588163	113613193	1
11	113613194	113637686	0
11	113637687	113928358	1
11	113928359	114059570	0
11	114059571	114060511	2
11	114060512	114529836	0
11	114529837	114533643	2
11	114533644	114536743	0
11	114536744	114582289	2
11	114582290	114588720	0
11	114588721	114619201	2
11	114619202	114626700	0
11	114626701	114652051	2
11	114652052	114652529	0
11	114652530	114657257	1
11	114657258	114660236	0
11	114660237	114668057	2
11	114668058	114712464	0
11	114712465	114733929	2
11	114733930	114751353	0
11	114751354	114765966	2
11	114765967	114784093	0
11	114784094	114795698	1
11	114795699	114817428	0
11	114817429	114830469	1
11	114830470	114843586	0
11	114843587	114851234	1
11	114851235	114858033	0
11	114858034	114863192	1
11	114863193	114871647	0
11	114871648	114877619	1
11	114877620	114882040	0
11	114882041	114888324	1
11	114888325	114892798	0
11	114892799	114899081	1
11	114899082	114903443	0
11	114903444	114909721	1
11	114909722	114913229	0
11	114913230	114923489	1
11	114923490	114952743	0
11	114952744	114977526	2
11	114977527	114995304	3
11	114995305	115023548	2
11	115023549	115024653	0
11	115024654	115042493	2
11	115042494	115044144	0
11	115044145	115048799	1
11	115048800	115049156	3
11	115049157	115049171	1
11	115049172	115108335	2
11	115108336	115110481	0
11	115110482	115128555	1
11	115128556	115129336	0
11	115129337	115138362	1
11	115138363	115140934	0
11	115140935	115158975	1
11	115158976	115168475	0
11	115168476	115176504	2
11	115176505	115183353	3
11	115183354	115193615	2
11	115193616	115196043	0
11	115196044	115208239	2
11	115208240	115209019	0
11	115209020	115229068	1
11	115229069	115243228	0
11	115243229	115257444	2
11	115257445	115265064	0
11	115265065	115273986	2
11	115273987	115277001	0
11	115277002	115281274	1
11	115281275	115281438	0
11	115281439	115292586	2
11	115292587	115301857	0
11	115301858	115309582	2
11	115309583	115323786	0
11	115323787	115335710	2
11	115335711	115336979	0
11	115336980	115351732	2
11	115351733	115351779	3
11	115351780	115353174	1
11	115353175	115358665	0
11	115358666	115375699	1
11	115375700	115384414	0
11	115384415	115397588	1
11	115397589	115425746	0
11	115425747	115445297	2
11	115445298	115445567	0
11	115445568	115465237	1
11	115465238	115465363	3
11	115465364	115469230	2
11	115469231	115469348	3
11	115469349	115474281	1
11	115474282	115475490	0
11	115475491	115489593	1
11	115489594	115505357	0
11	115505358	115569909	1
11	115569910	115626745	0
11	115626746	115660495	2
11	115660496	115660678	3
11	115660679	115674951	1
11	115674952	115676036	0
11	115676037	115684406	2
11	115684407	115685361	0
11	115685362	115717092	2
11	115717093	115722924	0
11	115722925	115753907	2
11	115753908	115753915	3
11	115753916	115773329	1
11	115773330	115775232	3
11	115775233	115794594	1
11	115794595	115794789	3
11	115794790	115828037	2
11	115828038	115836021	0
11	115836022	115869724	2
11	115869725	115869769	0
11	115869770	115874031	1
11	115874032	115883224	0
11	115883225	115889274	1
11	115889275	115891634	0
11	115891635	115922526	2
11	115922527	115923407	0
11	115923408	115939273	1
11	115939274	115939885	0
11	115939886	115948307	1
11	115948308	115967064	0
11	115967065	115992440	1
11	115992441	115993129	0
11	115993130	116000180	1
11	116000181	116003597	0
11	116003598	116029478	1
11	116029479	116033200	0
11	116033201	116060167	1
11	116060168	116060357	3
11	116060358	116076630	2
11	116076631	116081871	0
11	116081872	116099389	1
11	116099390	116106478	0
11	116106479	116135529	1
11	116135530	116142251	0
11	116142252	116145250	2
11	116145251	116149313	0
11	116149314	116168545	1
11	116168546	116192016	0
11	116192017	116196711	1
11	116196712	116197665	0
11	116197666	116274344	1
11	116274345	116295406	0
11	116295407	116300389	2
11	116300390	116302641	0
11	116302642	116316549	1
11	116316550	116332157	0
11	116332158	116355514	1
11	116355515	116392237	0
11	116392238	116397986	2
11	116397987	116399052	0
11	116399053	116442759	1
11	116442760	116447744	0
11	116447745	116458992	2
11	116458993	116459477	0
11	116459478	116488331	1
11	116488332	116506907	0
11	116506908	116514846	1
11	116514847	116515625	3
11	116515626	116529701	2
11	116529702	116532972	0
11	116532973	116536615	2
11	116536616	116537110	3
11	116537111	116537111	2
11	116537112	116556180	1
11	116556181	116600306	0
11	116600307	116636819	1
11	116636820	116654346	0
11	116654347	116655835	2
11	116655836	116664374	0
11	116664375	116689358	1
11	116689359	116698744	0
11	116698745	116704590	1
11	116704591	116704593	3
11	116704594	116704761	1
11	116704762	116711209	2
11	116711210	116711672	3
11	116711673	116712172	2
11	116712173	116714376	3
11	116714377	116736947	2
11	116736948	116780175	0
11	116780176	116848260	2
11	116848261	116976480	0
11	116976481	117020580	2
11	117020581	117060973	0
11	117060974	117223637	2
11	117223638	117345680	0
11	117345681	117350326	2
11	117350327	117515601	0
11	117515602	117624751	2
11	117624752	117627300	0
11	117627301	117643388	1
11	117643389	117643510	3
11	117643511	117654422	2
11	117654423	117658972	0
11	117658973	117668613	2
11	117668614	117670980	0
11	117670981	117676838	2
11	117676839	117687404	3
11	117687405	117701220	2
11	117701221	117710563	0
11	117710564	117717067	2
11	117717068	117722064	0
11	117722065	117726855	2
11	117726856	117729264	0
11	117729265	117734793	1
11	117734794	117827391	0
11	117827392	117831359	1
11	117831360	117847604	0
11	117847605	117883035	2
11	117883036	117885323	3
11	117885324	117990531	1
11	117990532	117993331	0
11	117993332	118109904	1
11	118109905	118120963	0
11	118120964	118151556	1
11	118151557	118162381	0
11	118162382	118217052	1
11	118217053	118254063	0
11	118254064	118263404	1
11	118263405	118267601	0
11	118267602	118280398	1
11	118280399	118289515	0
11	118289516	118311275	2
11	118311276	118338141	0
11	118338142	118350521	2
11	118350522	118351072	0
11	118351073	118772909	1
11	118772910	118849415	0
11	118849416	118854241	2
11	118854242	118884274	0
11	118884275	118892582	2
11	118892583	118897617	0
11	118897618	118902281	1
11	118902282	118938885	0
11	118938886	118947533	1
11	118947534	119004357	0
11	119004358	119089811	1
11	119089812	119089884	0
11	119089885	119126548	2
11	119126549	119129199	0
11	119129200	119146766	2
11	119146767	119149675	0
11	119149676	119161401	1
11	119161402	119169080	0
11	119169081	119204737	2
11	119204738	119206687	3
11	119206688	119216848	1
11	119216849	119216869	0
11	119216870	119242391	2
11	119242392	119254412	0
11	119254413	119348730	2
11	119348731	119352659	0
11	119352660	119372749	2
11	119372750	119400031	0
11	119400032	119409065	1
11	119409066	119464217	0
11	119464218	119760888	2
11	119760889	119774753	0
11	119774754	119780860	2
11	119780861	119804075	0
11	119804076	119868094	2
11	119868095	119868625	0
11	119868626	119908479	1
11	119908480	119925742	0
11	119925743	119948139	1
11	119948140	119951843	0
11	119951844	119960043	1
11	119960044	119960240	0
11	119960241	119962016	2
11	119962017	119965272	0
11	119965273	120012658	1
11	120012659	120094259	0
11	120094260	120153608	2
11	120153609	120207002	0
11	120207003	120209854	1
11	120209855	120209990	0
11	120209991	120212502	2
11	120212503	120222846	0
11	120222847	120229480	2
11	120229481	120230367	0
11	120230368	120240076	1
11	120240077	120241682	0
11	120241683	120299020	1
11	120299021	120303943	0
11	120303944	120308633	2
11	120308634	120308917	0
11	120308918	120314812	1
11	120314813	120317918	0
11	120317919	120319380	1
11	120319381	120319427	0
11	120319428	120325670	2
11	120325671	120326178	0
11	120326179	120328919	1
11	120328920	120328947	0
11	120328948	120345296	2
11	120345297	120345925	0
11	120345926	120350377	2
11	120350378	120353152	0
11	120353153	120360499	2
11	120360500	120392011	0
11	120392012	120400400	2
11	120400401	120404200	0
11	120404201	120411039	1
11	120411040	120411291	0
11	120411292	120412444	1
11	120412445	120421610	0
11	120421611	120434565	1
11	120434566	120439416	0
11	120439417	120442936	1
11	120442937	120453433	0
11	120453434	120459677	1
11	120459678	120459733	0
11	120459734	120469510	2
11	120469511	120469789	0
11	120469790	120470405	2
11	120470406	120471399	0
11	120471400	120479248	1
11	120479249	120479684	0
11	120479685	120494912	1
11	120494913	120497024	0
11	120497025	120505081	1
11	120505082	120507343	0
11	120507344	120509470	1
11	120509471	120515100	0
11	120515101	120522487	1
11	120522488	120534285	0
11	120534286	120570759	2
11	120570760	120572254	0
11	120572255	120575050	1
11	120575051	120575237	0
11	120575238	120582440	2
11	120582441	120582782	0
11	120582783	120585281	2
11	120585282	120586711	0
11	120586712	120588593	1
11	120588594	120590801	0
11	120590802	120593426	1
11	120593427	120624106	0
11	120624107	120625731	2
11	120625732	120642058	0
11	120642059	120645519	1
11	120645520	120645584	0
11	120645585	120650414	2
11	120650415	120650513	0
11	120650514	120657715	1
11	120657716	120667252	0
11	120667253	120685490	1
11	120685491	120687841	0
11	120687842	120794184	1
11	120794185	120809792	0
11	120809793	120819777	2
11	120819778	120820087	3
11	120820088	120822180	2
11	120822181	120852642	1
11	120852643	120898059	0
11	120898060	120900730	1
11	120900731	120914770	0
11	120914771	120924881	1
11	120924882	120928719	0
11	120928720	120942532	1
11	120942533	120977527	0
11	120977528	120979989	1
11	120979990	121007455	0
11	121007456	121009631	2
11	121009632	121021583	0
11	121021584	121023285	2
11	121023286	121038903	0
11	121038904	121065745	1
11	121065746	121066023	3
11	121066024	121083900	2
11	121083901	121083967	3
11	121083968	121090634	1
11	121090635	121098565	0
11	121098566	121171208	2
11	121171209	121188536	0
11	121188537	121215757	1
11	121215758	121217433	0
11	121217434	121249563	1
11	121249564	121282713	0
11	121282714	121292600	2
11	121292601	121296225	0
11	121296226	121311803	2
11	121311804	121313261	0
11	121313262	121372290	2
11	121372291	121380645	3
11	121380646	121477509	2
11	121477510	121478476	3
11	121478477	121534465	1
11	121534466	121562856	0
11	121562857	121577618	2
11	121577619	121691530	0
11	121691531	121705203	2
11	121705204	121767087	0
11	121767088	121786641	1
11	121786642	121803722	0
11	121803723	121818039	1
