<CHROM>	<START>	<END>	<TSB>
17	0	3114970	0
17	3114971	3198853	2
17	3198854	3326571	0
17	3326572	3519261	2
17	3519262	3519395	3
17	3519396	3532552	1
17	3532553	3533211	3
17	3533212	3557711	1
17	3557712	3635238	0
17	3635239	3696259	1
17	3696260	4994330	0
17	4994331	5347654	2
17	5347655	5410862	0
17	5410863	5440258	1
17	5440259	5492598	0
17	5492599	5753889	2
17	5753890	5841344	0
17	5841345	5931944	2
17	5931945	5941278	0
17	5941279	6042194	2
17	6042195	6044288	3
17	6044289	6079739	1
17	6079740	6079784	0
17	6079785	6086515	2
17	6086516	6106435	0
17	6106436	6251126	2
17	6251127	6270473	0
17	6270474	6305781	2
17	6305782	6310545	0
17	6310546	6317472	1
17	6317473	6356794	0
17	6356795	6429219	1
17	6429220	6435439	3
17	6435440	6582264	1
17	6582265	6600794	0
17	6600795	6607790	2
17	6607791	6635397	0
17	6635398	6636928	2
17	6636929	6646957	0
17	6646958	6655062	1
17	6655063	6658215	0
17	6658216	6700424	2
17	6700425	6824519	0
17	6824520	6826050	1
17	6826051	6853657	0
17	6853658	6860654	1
17	6860655	6877806	0
17	6877807	6942388	2
17	6942389	6942389	3
17	6942390	6942391	2
17	6942392	6987131	1
17	6987132	7109028	0
17	7109029	7153068	1
17	7153069	7159312	0
17	7159313	7165503	1
17	7165504	7183207	0
17	7183208	7202540	2
17	7202541	7229915	0
17	7229916	7291907	2
17	7291908	7374462	0
17	7374463	7507660	2
17	7507661	7528993	0
17	7528994	7550321	2
17	7550322	7555251	0
17	7555252	7557043	1
17	7557044	7568059	0
17	7568060	7589652	1
17	7589653	7633632	0
17	7633633	7634549	1
17	7634550	7931432	0
17	7931433	8020165	1
17	8020166	8118863	0
17	8118864	8127760	2
17	8127761	8138516	0
17	8138517	8172687	2
17	8172688	8231410	0
17	8231411	8294066	1
17	8294067	8321454	0
17	8321455	8340695	1
17	8340696	8358364	0
17	8358365	8389667	2
17	8389668	8429075	0
17	8429076	8449990	2
17	8449991	8475767	0
17	8475768	8490524	2
17	8490525	8503965	0
17	8503966	8589715	2
17	8589716	8627286	0
17	8627287	8635359	2
17	8635360	8718235	0
17	8718236	9179511	2
17	9179512	9181196	0
17	9181197	9201182	2
17	9201183	9614923	0
17	9614924	9615321	2
17	9615322	9859360	0
17	9859361	9862567	1
17	9862568	10403053	0
17	10403054	10512243	1
17	10512244	10512808	0
17	10512809	10513092	1
17	10513093	10595876	0
17	10595877	11033175	1
17	11033176	11033256	0
17	11033257	11133827	2
17	11133828	11259989	0
17	11259990	12254517	2
17	12254518	12311568	0
17	12311569	12412509	2
17	12412510	12420487	0
17	12420488	12425345	1
17	12425346	12464048	3
17	12464049	12511612	1
17	12511613	12571473	0
17	12571474	12612248	2
17	12612249	12612836	0
17	12612837	12700568	1
17	12700569	12777053	0
17	12777054	12821329	2
17	12821330	12841738	0
17	12841739	12868702	1
17	12868703	12875270	0
17	12875271	12962528	1
17	12962529	13030799	0
17	13030800	13030998	1
17	13030999	13033943	0
17	13033944	13061007	1
17	13061008	13068898	0
17	13068899	13070706	2
17	13070707	13081766	0
17	13081767	13102864	1
17	13102865	13104213	0
17	13104214	13108565	1
17	13108566	13109209	3
17	13109210	13116697	2
17	13116698	13117420	3
17	13117421	13117590	2
17	13117591	13117931	3
17	13117932	13133266	1
17	13133267	13135754	0
17	13135755	13153611	1
17	13153612	13159660	0
17	13159661	13185410	1
17	13185411	13200703	0
17	13200704	13210983	2
17	13210984	13244185	0
17	13244186	13245144	1
17	13245145	13253968	0
17	13253969	13275345	2
17	13275346	13301481	0
17	13301482	13324655	1
17	13324656	13414052	0
17	13414053	13420522	2
17	13420523	13421716	0
17	13421717	13430053	2
17	13430054	13547436	0
17	13547437	13570087	2
17	13570088	13594357	0
17	13594358	13597055	1
17	13597056	13675417	0
17	13675418	13709616	1
17	13709617	13711008	3
17	13711009	13714320	1
17	13714321	13721297	3
17	13721298	13897544	1
17	13897545	13898383	3
17	13898384	13898610	1
17	13898611	13898830	3
17	13898831	14043155	2
17	14043156	14085378	0
17	14085379	14087683	2
17	14087684	14137244	0
17	14137245	14138707	1
17	14138708	14195010	0
17	14195011	14196536	1
17	14196537	14332236	0
17	14332237	14340836	1
17	14340837	14416511	0
17	14416512	14541795	2
17	14541796	14802505	0
17	14802506	14831267	1
17	14831268	14846071	0
17	14846072	14847060	2
17	14847061	14966336	0
17	14966337	15071656	1
17	15071657	15080187	0
17	15080188	15081997	2
17	15081998	15082939	3
17	15082940	15083569	2
17	15083570	15089709	3
17	15089710	15092714	2
17	15092715	15096530	3
17	15096531	15096573	2
17	15096574	15115827	1
17	15115828	15119871	3
17	15119872	15129818	1
17	15129819	15132801	0
17	15132802	15146802	1
17	15146803	15147146	3
17	15147147	15159907	2
17	15159908	15164113	0
17	15164114	15178521	1
17	15178522	15178603	0
17	15178604	15201194	2
17	15201195	15504316	0
17	15504317	15513834	1
17	15513835	15533208	0
17	15533209	15570542	2
17	15570543	15612683	0
17	15612684	15635238	1
17	15635239	15636850	0
17	15636851	15656170	2
17	15656171	15664243	3
17	15664244	15665341	2
17	15665342	15680041	0
17	15680042	15701316	1
17	15701317	15841929	0
17	15841930	15909572	2
17	15909573	15941624	0
17	15941625	15963548	1
17	15963549	17088501	0
17	17088502	17111117	2
17	17111118	17201075	0
17	17201076	17226590	2
17	17226591	17258377	0
17	17258378	17283793	2
17	17283794	17452244	0
17	17452245	17456473	2
17	17456474	17511294	0
17	17511295	17531860	2
17	17531861	17539634	0
17	17539635	17596349	2
17	17596350	17664685	0
17	17664686	17761451	1
17	17761452	17840903	0
17	17840904	17871129	2
17	17871130	17967681	0
17	17967682	17979971	2
17	17979972	17980290	0
17	17980291	17992150	1
17	17992151	18013433	0
17	18013434	18020902	1
17	18020903	18024786	0
17	18024787	18048001	2
17	18048002	18048909	3
17	18048910	18108639	2
17	18108640	18158695	0
17	18158696	18159666	2
17	18159667	18186446	0
17	18186447	18211182	2
17	18211183	18222019	0
17	18222020	18273605	2
17	18273606	18288892	0
17	18288893	18322140	2
17	18322141	18380532	0
17	18380533	18414470	1
17	18414471	18435243	0
17	18435244	18463403	2
17	18463404	18561066	0
17	18561067	18589286	2
17	18589287	18718689	0
17	18718690	18735119	2
17	18735120	19051284	0
17	19051285	19085033	2
17	19085034	19190455	0
17	19190456	19218273	2
17	19218274	19499097	0
17	19499098	19531552	2
17	19531553	19641773	0
17	19641774	19669022	2
17	19669023	19714193	0
17	19714194	19749279	2
17	19749280	19797361	0
17	19797362	19831710	2
17	19831711	19910325	0
17	19910326	19949498	2
17	19949499	20166387	0
17	20166388	20185167	1
17	20185168	20250172	0
17	20250173	20251188	1
17	20251189	20319040	0
17	20319041	20320059	1
17	20320060	20345192	0
17	20345193	20371834	1
17	20371835	20404509	0
17	20404510	20422392	1
17	20422393	20482387	0
17	20482388	20512734	2
17	20512735	20556125	0
17	20556126	20557021	2
17	20557022	20599335	0
17	20599336	20618198	1
17	20618199	20639261	0
17	20639262	20640157	2
17	20640158	20677479	0
17	20677480	20701718	1
17	20701719	20707324	0
17	20707325	20708160	2
17	20708161	20710791	0
17	20710792	20733221	1
17	20733222	20760808	0
17	20760809	20761839	1
17	20761840	20824470	0
17	20824471	20825366	2
17	20825367	20913024	0
17	20913025	20914463	1
17	20914464	20951457	0
17	20951458	20952377	2
17	20952378	20983513	0
17	20983514	20984463	2
17	20984464	21026153	0
17	21026154	21027682	1
17	21027683	21050167	0
17	21050168	21051325	1
17	21051326	21082273	0
17	21082274	21102878	2
17	21102879	21130689	0
17	21130690	21131648	1
17	21131649	21145903	0
17	21145904	21165814	2
17	21165815	21230134	0
17	21230135	21231666	2
17	21231667	21266313	0
17	21266314	21267839	2
17	21267840	21289524	0
17	21289525	21291050	2
17	21291051	21335914	0
17	21335915	21337440	2
17	21337441	21365788	0
17	21365789	21366777	2
17	21366778	21397389	0
17	21397390	21399825	2
17	21399826	21423495	0
17	21423496	21424615	2
17	21424616	21450925	0
17	21450926	21451871	2
17	21451872	21520710	0
17	21520711	21536227	2
17	21536228	21560189	0
17	21560190	21572602	2
17	21572603	21587314	0
17	21587315	21602553	2
17	21602554	21628218	0
17	21628219	21646627	2
17	21646628	21672501	0
17	21672502	21699563	2
17	21699564	21704008	0
17	21704009	21725662	2
17	21725663	21794547	0
17	21794548	21799505	2
17	21799506	21827731	0
17	21827732	21827989	2
17	21827990	21828825	0
17	21828826	21829079	2
17	21829080	21844706	0
17	21844707	21862601	2
17	21862602	21870689	0
17	21870690	21885933	2
17	21885934	21953841	0
17	21953842	21982724	1
17	21982725	22016535	0
17	22016536	22045057	1
17	22045058	22063925	0
17	22063926	22099429	1
17	22099430	22099517	0
17	22099518	22143475	2
17	22143476	22144266	3
17	22144267	22175993	2
17	22175994	22177504	3
17	22177505	22208133	2
17	22208134	22281324	0
17	22281325	22303155	1
17	22303156	22474954	0
17	22474955	22498365	1
17	22498366	22498418	0
17	22498419	22514246	2
17	22514247	22561187	0
17	22561188	22593654	2
17	22593655	22684906	0
17	22684907	22710238	1
17	22710239	22738113	0
17	22738114	22756098	2
17	22756099	22826736	0
17	22826737	22826906	2
17	22826907	22983662	0
17	22983663	23004099	1
17	23004100	23053843	0
17	23053844	23069906	1
17	23069907	23080149	0
17	23080150	23095779	2
17	23095780	23129671	0
17	23129672	23145935	2
17	23145936	23198332	0
17	23198333	23214390	2
17	23214391	23310834	0
17	23310835	23330217	1
17	23330218	23427899	0
17	23427900	23449278	1
17	23449279	23480942	0
17	23480943	23497093	2
17	23497094	23521768	0
17	23521769	23538829	2
17	23538830	23596640	0
17	23596641	23616562	1
17	23616563	23688038	0
17	23688039	23690453	1
17	23690454	23693734	0
17	23693735	23701191	1
17	23701192	23712809	0
17	23712810	23736452	1
17	23736453	23737821	0
17	23737822	23747984	2
17	23747985	23766423	0
17	23766424	23782234	1
17	23782235	23797488	0
17	23797489	23805575	2
17	23805576	23805579	0
17	23805580	23810573	1
17	23810574	23810807	3
17	23810808	23810847	1
17	23810848	23812412	2
17	23812413	23812489	3
17	23812490	23814414	1
17	23814415	23816330	0
17	23816331	23819411	2
17	23819412	23819550	0
17	23819551	23820983	1
17	23820984	23863301	0
17	23863302	23873151	2
17	23873152	23873694	3
17	23873695	23877295	1
17	23877296	23878165	0
17	23878166	23882794	1
17	23882795	23889763	0
17	23889764	23908556	1
17	23908557	23913881	0
17	23913882	23923046	1
17	23923047	23940152	0
17	23940153	23961704	2
17	23961705	23961705	0
17	23961706	23965956	1
17	23965957	23970325	0
17	23970326	23973021	1
17	23973022	23973750	0
17	23973751	23980820	1
17	23980821	23981120	3
17	23981121	23981137	1
17	23981138	23996741	2
17	23996742	24005021	0
17	24005022	24010079	2
17	24010080	24017841	0
17	24017842	24037752	2
17	24037753	24054423	0
17	24054424	24056406	2
17	24056407	24079340	0
17	24079341	24087145	2
17	24087146	24090050	0
17	24090051	24091884	1
17	24091885	24109091	0
17	24109092	24112195	1
17	24112196	24130500	0
17	24130501	24135065	1
17	24135066	24175109	0
17	24175110	24182919	2
17	24182920	24184699	0
17	24184700	24210450	1
17	24210451	24210645	0
17	24210646	24287889	1
17	24287890	24292798	0
17	24292799	24300731	1
17	24300732	24300831	0
17	24300832	24306645	1
17	24306646	24312374	0
17	24312375	24346330	1
17	24346331	24351997	0
17	24351998	24357794	1
17	24357795	24359492	0
17	24359493	24388290	1
17	24388291	24401202	0
17	24401203	24487972	1
17	24487973	24488893	0
17	24488894	24547144	2
17	24547145	24548970	0
17	24548971	24550567	1
17	24550568	24551618	0
17	24551619	24562838	2
17	24562839	24563626	0
17	24563627	24576259	2
17	24576260	24577024	0
17	24577025	24580048	1
17	24580049	24580735	0
17	24580736	24592254	1
17	24592255	24607416	0
17	24607417	24608534	2
17	24608535	24610495	0
17	24610496	24610827	1
17	24610828	24612412	3
17	24612413	24616021	1
17	24616022	24625726	0
17	24625727	24645505	2
17	24645506	24645848	3
17	24645849	24671153	1
17	24671154	24686893	0
17	24686894	24732880	2
17	24732881	24733457	3
17	24733458	24769572	1
17	24769573	24769625	0
17	24769626	24775781	2
17	24775782	24776225	0
17	24776226	24787248	1
17	24787249	24794273	0
17	24794274	24795368	1
17	24795369	24806695	0
17	24806696	24818958	2
17	24818959	24822035	0
17	24822036	24826898	1
17	24826899	24830134	0
17	24830135	24833099	1
17	24833100	24833177	0
17	24833178	24834892	2
17	24834893	24837472	3
17	24837473	24844603	1
17	24844604	24852782	0
17	24852783	24855000	1
17	24855001	24855059	0
17	24855060	24858872	2
17	24858873	24859003	0
17	24859004	24861421	1
17	24861422	24864772	0
17	24864773	24873092	2
17	24873093	24873585	0
17	24873586	24879721	2
17	24879722	24889931	0
17	24889932	24895626	2
17	24895627	24941325	0
17	24941326	24976730	2
17	24976731	24977086	0
17	24977087	24985839	2
17	24985840	24987245	3
17	24987246	25001393	2
17	25001394	25014598	0
17	25014599	25018953	2
17	25018954	25019554	0
17	25019555	25023293	1
17	25023294	25023586	0
17	25023587	25025429	2
17	25025430	25029092	3
17	25029093	25029095	2
17	25029096	25032059	1
17	25032060	25033232	3
17	25033233	25033443	1
17	25033444	25034465	3
17	25034466	25073920	1
17	25073921	25079099	0
17	25079100	25097579	1
17	25097580	25098171	0
17	25098172	25152173	1
17	25152174	25153034	0
17	25153035	25194645	2
17	25194646	25218124	3
17	25218125	25236438	2
17	25236439	25236512	0
17	25236513	25252910	1
17	25252911	25257703	0
17	25257704	25262211	2
17	25262212	25270334	0
17	25270335	25299047	2
17	25299048	25299404	0
17	25299405	25308856	2
17	25308857	25325340	0
17	25325341	25371260	2
17	25371261	25371386	3
17	25371387	25377059	1
17	25377060	25377113	0
17	25377114	25379602	2
17	25379603	25379741	3
17	25379742	25393307	1
17	25393308	25398859	0
17	25398860	25411565	1
17	25411566	25435337	0
17	25435338	25437104	2
17	25437105	25445589	0
17	25445590	25448819	2
17	25448820	25455597	0
17	25455598	25459624	2
17	25459625	25467827	0
17	25467828	25469833	2
17	25469834	25480188	0
17	25480189	25482505	1
17	25482506	25503484	0
17	25503485	25505802	2
17	25505803	25506216	0
17	25506217	25511228	2
17	25511229	25511383	3
17	25511384	25511385	2
17	25511386	25570726	1
17	25570727	25608533	0
17	25608534	25613537	2
17	25613538	25626818	0
17	25626819	25634196	1
17	25634197	25702835	0
17	25702836	25707629	1
17	25707630	25716117	0
17	25716118	25799769	2
17	25799770	25854114	0
17	25854115	25855869	2
17	25855870	25856349	3
17	25856350	25864362	1
17	25864363	25864694	0
17	25864695	25868399	2
17	25868400	25872983	0
17	25872984	25885273	2
17	25885274	25885557	0
17	25885558	25891270	1
17	25891271	25910719	0
17	25910720	25916786	2
17	25916787	25919734	3
17	25919735	25919745	2
17	25919746	25920275	3
17	25920276	25922616	1
17	25922617	25923523	0
17	25923524	25927451	2
17	25927452	25927456	3
17	25927457	25929330	1
17	25929331	25931514	0
17	25931515	25934079	1
17	25934080	25946028	0
17	25946029	25958187	2
17	25958188	25960570	0
17	25960571	25965673	2
17	25965674	25965810	0
17	25965811	25967579	2
17	25967580	25968783	3
17	25968784	25968785	2
17	25968786	25970304	1
17	25970305	25971408	0
17	25971409	25998444	1
17	25998445	26000641	0
17	26000642	26005681	1
17	26005682	26012407	0
17	26012408	26014573	2
17	26014574	26017248	3
17	26017249	26019057	2
17	26019058	26022950	3
17	26022951	26056670	1
17	26056671	26063370	0
17	26063371	26081904	1
17	26081905	26083330	0
17	26083331	26089508	1
17	26089509	26095313	0
17	26095314	26122739	1
17	26122740	26125979	0
17	26125980	26206352	1
17	26206353	26218154	0
17	26218155	26227272	1
17	26227273	26228677	0
17	26228678	26232451	1
17	26232452	26250259	0
17	26250260	26260197	2
17	26260198	26260463	0
17	26260464	26263556	2
17	26263557	26275629	0
17	26275630	26332754	2
17	26332755	26332942	0
17	26332943	26339894	1
17	26339895	26344729	3
17	26344730	26348267	2
17	26348268	26348765	0
17	26348766	26381166	1
17	26381167	26389853	0
17	26389854	26422447	2
17	26422448	26551908	0
17	26551909	26583281	2
17	26583282	26642533	0
17	26642534	26645462	1
17	26645463	26679703	0
17	26679704	26680658	2
17	26680659	26698432	0
17	26698433	26793874	2
17	26793875	26813339	0
17	26813340	26836587	2
17	26836588	26852593	0
17	26852594	26913578	2
17	26913579	26918022	0
17	26918023	26929508	2
17	26929509	26975607	0
17	26975608	26978508	1
17	26978509	27054034	0
17	27054035	27069522	2
17	27069523	27070070	0
17	27070071	27074833	2
17	27074834	27074916	0
17	27074917	27076421	1
17	27076422	27094361	0
17	27094362	27107588	2
17	27107589	27110110	0
17	27110111	27156753	2
17	27156754	27165952	3
17	27165953	27173321	2
17	27173322	27194247	0
17	27194248	27259166	2
17	27259167	27259606	0
17	27259607	27270859	1
17	27270860	27280912	0
17	27280913	27304707	1
17	27304708	27326544	0
17	27326545	27341381	1
17	27341382	27559330	0
17	27559331	27650284	1
17	27650285	27693563	0
17	27693564	27700518	2
17	27700519	27700617	3
17	27700618	27702055	1
17	27702056	27702675	3
17	27702676	27702692	1
17	27702693	27703163	2
17	27703164	27716325	0
17	27716326	27760408	1
17	27760409	27767365	0
17	27767366	27773572	1
17	27773573	27792452	0
17	27792453	27848049	2
17	27848050	27851295	0
17	27851296	27865894	1
17	27865895	27888175	0
17	27888176	27957501	1
17	27957502	27976917	0
17	27976918	27988911	2
17	27988912	27993433	0
17	27993434	28036983	2
17	28036984	28038065	0
17	28038066	28046185	1
17	28046186	28046283	0
17	28046284	28199543	2
17	28199544	28203690	0
17	28203691	28217582	1
17	28217583	28279259	0
17	28279260	28311795	2
17	28311796	28314150	0
17	28314151	28342829	2
17	28342830	28344721	0
17	28344722	28365551	2
17	28365552	28369697	0
17	28369698	28438412	2
17	28438413	28450473	0
17	28450474	28463511	2
17	28463512	28465414	0
17	28465415	28467975	2
17	28467976	28468614	0
17	28468615	28487748	1
17	28487749	28488458	0
17	28488459	28502125	1
17	28502126	28536038	0
17	28536039	28654467	1
17	28654468	28660236	0
17	28660237	28662290	2
17	28662291	28667803	0
17	28667804	28675897	2
17	28675898	28686432	0
17	28686433	28689561	2
17	28689562	28695153	0
17	28695154	28697709	1
17	28697710	28712661	0
17	28712662	28720536	2
17	28720537	28724591	0
17	28724592	28759464	1
17	28759465	28774726	0
17	28774727	28826930	1
17	28826931	28828285	0
17	28828286	28885347	2
17	28885348	28906250	0
17	28906251	28915641	2
17	28915642	28938033	0
17	28938034	28975489	2
17	28975490	28995354	0
17	28995355	29027251	2
17	29027252	29033340	0
17	29033341	29052267	1
17	29052268	29071234	0
17	29071235	29079205	1
17	29079206	29088893	0
17	29088894	29106492	2
17	29106493	29107828	0
17	29107829	29144888	1
17	29144889	29169616	0
17	29169617	29180309	2
17	29180310	29227922	0
17	29227923	29237665	2
17	29237666	29271999	0
17	29272000	29285923	2
17	29285924	29293493	0
17	29293494	29374740	1
17	29374741	29387746	0
17	29387747	29401101	1
17	29401102	29405731	0
17	29405732	29439824	2
17	29439825	29455820	0
17	29455821	29466356	2
17	29466357	29469015	0
17	29469016	29484847	1
17	29484848	29497857	0
17	29497858	29516603	2
17	29516604	29627755	0
17	29627756	29632388	2
17	29632389	29656224	0
17	29656225	29656733	1
17	29656734	29662976	0
17	29662977	29686536	1
17	29686537	29686731	0
17	29686732	29826321	2
17	29826322	29840302	3
17	29840303	29842922	2
17	29842923	29853955	1
17	29853956	29964899	0
17	29964900	30107030	1
17	30107031	30142030	0
17	30142031	30346962	2
17	30346963	30352467	0
17	30352468	30622454	1
17	30622455	30622906	3
17	30622907	30713392	1
17	30713393	30729809	0
17	30729810	30749602	1
17	30749603	30761297	0
17	30761298	31012207	2
17	31012208	31038783	0
17	31038784	31073453	2
17	31073454	31091622	0
17	31091623	31147651	2
17	31147652	31194641	0
17	31194642	31252720	2
17	31252721	31262249	0
17	31262250	31266589	1
17	31266590	31277992	0
17	31277993	31281225	1
17	31281226	31298339	0
17	31298340	31301996	1
17	31301997	31316215	0
17	31316216	31335918	1
17	31335919	31344816	0
17	31344817	31379145	2
17	31379146	31391962	0
17	31391963	31414299	1
17	31414300	31432426	0
17	31432427	31487639	2
17	31487640	31523177	0
17	31523178	31613253	2
17	31613254	31631266	0
17	31631267	31656917	1
17	31656918	31657058	0
17	31657059	31668264	2
17	31668265	31701692	0
17	31701693	31744623	2
17	31744624	31749566	0
17	31749567	31774142	1
17	31774143	31784025	0
17	31784026	31795697	1
17	31795698	31814876	0
17	31814877	31818665	2
17	31818666	31981191	0
17	31981192	31992735	1
17	31992736	32081712	0
17	32081713	32171451	1
17	32171452	32173043	0
17	32173044	32199808	2
17	32199809	32257763	0
17	32257764	32303823	1
17	32303824	32320713	0
17	32320714	32326492	1
17	32326493	32333217	0
17	32333218	32421665	1
17	32421666	32440619	0
17	32440620	32458096	1
17	32458097	32458368	0
17	32458369	32487538	1
17	32487539	32490998	0
17	32490999	32526382	1
17	32526383	32527602	0
17	32527603	32539949	1
17	32539950	32540526	3
17	32540527	32541641	2
17	32541642	32550043	0
17	32550044	32561110	1
17	32561111	32605402	0
17	32605403	32630263	2
17	32630264	32643405	0
17	32643406	32665837	2
17	32665838	32673501	0
17	32673502	32688741	2
17	32688742	32758262	0
17	32758263	32773127	2
17	32773128	32796353	0
17	32796354	32813630	2
17	32813631	32822570	0
17	32822571	32840295	2
17	32840296	32908179	0
17	32908180	32925230	1
17	32925231	32934349	0
17	32934350	32937881	1
17	32937882	32956287	0
17	32956288	32959143	1
17	32959144	33019614	0
17	33019615	33023026	1
17	33023027	33042014	0
17	33042015	33054021	1
17	33054022	33061631	0
17	33061632	33084345	1
17	33084346	33102757	0
17	33102758	33116176	2
17	33116177	33130072	0
17	33130073	33142400	2
17	33142401	33153806	0
17	33153807	33170345	1
17	33170346	33201086	0
17	33201087	33205001	1
17	33205002	33226253	0
17	33226254	33243146	2
17	33243147	33272531	0
17	33272532	33276626	1
17	33276627	33313359	0
17	33313360	33314306	2
17	33314307	33336005	0
17	33336006	33336952	2
17	33336953	33352338	0
17	33352339	33353285	1
17	33353286	33378462	0
17	33378463	33391983	1
17	33391984	33405665	0
17	33405666	33406619	2
17	33406620	33426592	0
17	33426593	33440139	2
17	33440140	33441534	0
17	33441535	33442534	1
17	33442535	33466285	0
17	33466286	33495821	1
17	33495822	33497450	0
17	33497451	33531584	1
17	33531585	33569840	0
17	33569841	33571211	2
17	33571212	33661147	0
17	33661148	33690725	2
17	33690726	33692662	0
17	33692663	33744707	2
17	33744708	33766033	0
17	33766034	33768722	2
17	33768723	33774999	0
17	33775000	33782649	2
17	33782650	33783176	0
17	33783177	33855613	1
17	33855614	33882893	0
17	33882894	33897473	1
17	33897474	33910693	0
17	33910694	33918518	1
17	33918519	33947463	0
17	33947464	33955970	2
17	33955971	33959861	3
17	33959862	33961505	1
17	33961506	33961534	0
17	33961535	33975259	2
17	33975260	33980034	0
17	33980035	33986717	2
17	33986718	34012609	0
17	34012610	34027604	1
17	34027605	34046357	0
17	34046358	34052532	2
17	34052533	34052842	0
17	34052843	34066233	2
17	34066234	34066486	0
17	34066487	34074630	2
17	34074631	34075764	0
17	34075765	34077286	1
17	34077287	34077603	0
17	34077604	34086638	2
17	34086639	34086857	0
17	34086858	34088431	1
17	34088432	34088942	0
17	34088943	34092755	1
17	34092756	34092944	3
17	34092945	34103927	2
17	34103928	34132960	0
17	34132961	34137276	1
17	34137277	34157735	0
17	34157736	34161623	1
17	34161624	34162976	0
17	34162977	34165003	1
17	34165004	34165210	0
17	34165211	34168633	1
17	34168634	34168755	0
17	34168756	34175336	2
17	34175337	34176380	0
17	34176381	34203628	2
17	34203629	34229283	0
17	34229284	34232177	2
17	34232178	34248963	0
17	34248964	34259260	1
17	34259261	34272125	0
17	34272126	34276044	2
17	34276045	34280250	0
17	34280251	34288496	2
17	34288497	34290015	0
17	34290016	34297166	2
17	34297167	34318930	0
17	34318931	34324496	1
17	34324497	34324695	3
17	34324696	34324707	1
17	34324708	34334168	2
17	34334169	34334664	0
17	34334665	34336258	2
17	34336259	34337861	3
17	34337862	34338397	2
17	34338398	34340470	1
17	34340471	34340895	3
17	34340896	34341023	1
17	34341024	34342311	3
17	34342312	34342392	1
17	34342393	34348255	2
17	34348256	34351402	3
17	34351403	34353264	2
17	34353265	34375846	0
17	34375847	34390848	2
17	34390849	34400152	0
17	34400153	34406274	2
17	34406275	34406361	3
17	34406362	34424770	1
17	34424771	34442826	0
17	34442827	34453142	2
17	34453143	34462608	0
17	34462609	34477172	2
17	34477173	34477971	0
17	34477972	34478566	1
17	34478567	34491765	0
17	34491766	34506436	2
17	34506437	34514075	0
17	34514076	34522719	2
17	34522720	34535763	0
17	34535764	34597677	2
17	34597678	34605985	0
17	34605986	34612880	1
17	34612881	34644878	0
17	34644879	34654295	1
17	34654296	34669820	0
17	34669821	34684594	1
17	34684595	34701211	0
17	34701212	34725446	2
17	34725447	34726749	0
17	34726750	34734343	2
17	34734344	34734805	0
17	34734806	34737877	2
17	34737878	34738034	0
17	34738035	34740633	1
17	34740634	34741205	0
17	34741206	34750292	2
17	34750293	34750392	3
17	34750393	34752914	1
17	34752915	34753605	0
17	34753606	34765453	1
17	34765454	34766476	0
17	34766477	34770069	2
17	34770070	34781707	0
17	34781708	34783267	2
17	34783268	34784089	0
17	34784090	34792017	2
17	34792018	34807478	0
17	34807479	34856758	2
17	34856759	34865323	0
17	34865324	34880825	1
17	34880826	34938291	0
17	34938292	34941504	1
17	34941505	34960936	0
17	34960937	34973888	1
17	34973889	34973962	0
17	34973963	34976171	2
17	34976172	34976176	3
17	34976177	34987153	1
17	34987154	34987334	0
17	34987335	34993315	2
17	34993316	34993317	0
17	34993318	35016426	1
17	35016427	35018985	3
17	35018986	35031502	1
17	35031503	35032490	3
17	35032491	35035208	1
17	35035209	35035412	0
17	35035413	35050995	2
17	35050996	35051409	0
17	35051410	35067379	2
17	35067380	35068196	0
17	35068197	35072896	2
17	35072897	35093379	0
17	35093380	35096181	1
17	35096182	35106142	0
17	35106143	35106855	1
17	35106856	35109067	3
17	35109068	35109079	2
17	35109080	35109646	0
17	35109647	35116227	2
17	35116228	35118805	0
17	35118806	35122834	2
17	35122835	35133679	0
17	35133680	35137930	1
17	35137931	35138607	3
17	35138608	35153265	2
17	35153266	35153522	0
17	35153523	35162902	2
17	35162903	35163684	3
17	35163685	35164959	1
17	35164960	35165548	0
17	35165549	35183688	1
17	35183689	35186909	0
17	35186910	35195692	2
17	35195693	35195978	0
17	35195979	35199038	2
17	35199039	35199636	0
17	35199637	35202331	1
17	35202332	35203127	3
17	35203128	35206993	2
17	35206994	35208386	0
17	35208387	35213845	1
17	35213846	35215008	3
17	35215009	35215747	2
17	35215748	35217423	0
17	35217424	35222553	1
17	35222554	35226206	0
17	35226207	35239930	2
17	35239931	35245222	0
17	35245223	35248934	2
17	35248935	35250891	0
17	35250892	35252371	1
17	35252372	35253139	0
17	35253140	35258398	1
17	35258399	35258996	3
17	35258997	35261757	2
17	35261758	35263316	0
17	35263317	35265798	2
17	35265799	35265940	0
17	35265941	35268993	1
17	35268994	35272121	0
17	35272122	35284263	2
17	35284264	35286019	0
17	35286020	35301840	1
17	35301841	35307934	0
17	35307935	35313011	1
17	35313012	35322038	0
17	35322039	35325382	1
17	35325383	35331382	0
17	35331383	35333263	2
17	35333264	35336324	0
17	35336325	35338950	1
17	35338951	35340108	0
17	35340109	35342294	1
17	35342295	35357118	0
17	35357119	35357777	1
17	35357778	35361077	3
17	35361078	35370603	1
17	35370604	35372735	3
17	35372736	35375710	2
17	35375711	35378689	0
17	35378690	35390650	2
17	35390651	35399673	0
17	35399674	35404442	2
17	35404443	35457348	0
17	35457349	35462042	2
17	35462043	35479185	0
17	35479186	35483705	2
17	35483706	35516560	0
17	35516561	35522233	2
17	35522234	35561793	0
17	35561794	35566998	2
17	35566999	35576098	0
17	35576099	35580712	2
17	35580713	35607032	0
17	35607033	35611506	2
17	35611507	35642980	0
17	35642981	35647719	2
17	35647720	35649677	0
17	35649678	35653767	1
17	35653768	35654043	0
17	35654044	35667958	2
17	35667959	35670144	0
17	35670145	35671590	2
17	35671591	35689071	0
17	35689072	35694123	2
17	35694124	35704393	0
17	35704394	35705895	2
17	35705896	35738492	0
17	35738493	35754866	2
17	35754867	35763580	3
17	35763581	35772695	2
17	35772696	35780638	3
17	35780639	35787514	2
17	35787515	35792577	0
17	35792578	35804535	1
17	35804536	35804673	0
17	35804674	35810682	1
17	35810683	35818510	0
17	35818511	35841564	1
17	35841565	35958627	0
17	35958628	35959866	2
17	35959867	35960173	0
17	35960174	35969734	2
17	35969735	35970869	0
17	35970870	35975249	1
17	35975250	35978458	0
17	35978459	35996613	2
17	35996614	35998261	0
17	35998262	36002345	2
17	36002346	36002536	0
17	36002537	36012539	2
17	36012540	36016762	0
17	36016763	36029613	2
17	36029614	36029620	0
17	36029621	36034374	1
17	36034375	36034538	0
17	36034539	36047018	1
17	36047019	36047322	0
17	36047323	36053332	1
17	36053333	36053377	0
17	36053378	36069224	2
17	36069225	36093762	0
17	36093763	36106704	1
17	36106705	36109484	0
17	36109485	36116794	1
17	36116795	36117179	3
17	36117180	36126405	2
17	36126406	36128810	0
17	36128811	36130681	2
17	36130682	36142638	0
17	36142639	36150380	1
17	36150381	36156099	3
17	36156100	36157503	1
17	36157504	36166716	0
17	36166717	36169798	1
17	36169799	36174071	0
17	36174072	36179690	1
17	36179691	36179904	0
17	36179905	36192759	2
17	36192760	36195314	3
17	36195315	36195588	2
17	36195589	36258621	0
17	36258622	36264422	2
17	36264423	36266368	3
17	36266369	36266635	2
17	36266636	36281961	0
17	36281962	36299516	2
17	36299517	36301386	0
17	36301387	36305480	1
17	36305481	36322515	0
17	36322516	36327230	1
17	36327231	36392588	0
17	36392589	36395012	1
17	36395013	36395816	0
17	36395817	36409190	1
17	36409191	36421170	0
17	36421171	36423433	1
17	36423434	36459801	0
17	36459802	36463098	1
17	36463099	36501947	0
17	36501948	36505360	1
17	36505361	36595860	0
17	36595861	36599277	1
17	36599278	36684018	0
17	36684019	36686193	2
17	36686194	36776228	0
17	36776229	36779609	1
17	36779610	36806951	0
17	36806952	36809162	1
17	36809163	36909853	0
17	36909854	36913177	2
17	36913178	36949114	0
17	36949115	36952507	2
17	36952508	36974077	0
17	36974078	36996341	2
17	36996342	36997636	0
17	36997637	37004153	1
17	37004154	37006517	0
17	37006518	37014768	2
17	37014769	37018541	0
17	37018542	37027066	1
17	37027067	37035061	0
17	37035062	37047157	2
17	37047158	37079861	0
17	37079862	37084929	2
17	37084930	37085299	0
17	37085300	37088684	1
17	37088685	37091301	0
17	37091302	37095502	1
17	37095503	37095535	0
17	37095536	37102565	2
17	37102566	37114644	0
17	37114645	37118180	1
17	37118181	37121004	0
17	37121005	37126480	1
17	37126481	37138106	0
17	37138107	37147578	2
17	37147579	37147689	0
17	37147690	37160341	1
17	37160342	37182909	0
17	37182910	37212010	2
17	37212011	37222134	0
17	37222135	37223179	1
17	37223180	37229877	0
17	37229878	37230815	1
17	37230816	37247985	0
17	37247986	37248923	1
17	37248924	37287950	0
17	37287951	37288994	1
17	37288995	37330835	0
17	37330836	37333038	2
17	37333039	37333651	0
17	37333652	37334954	1
17	37334955	37347837	0
17	37347838	37348810	1
17	37348811	37362034	0
17	37362035	37363084	2
17	37363085	37368357	0
17	37368358	37369415	1
17	37369416	37399654	0
17	37399655	37400692	1
17	37400693	37407163	0
17	37407164	37411427	2
17	37411428	37416444	0
17	37416445	37417361	1
17	37417362	37436389	0
17	37436390	37437427	1
17	37437428	37450354	0
17	37450355	37451380	1
17	37451381	37473232	0
17	37473233	37476621	1
17	37476622	37542420	0
17	37542421	37543452	2
17	37543453	37582423	0
17	37582424	37583460	2
17	37583461	37603151	0
17	37603152	37604095	2
17	37604096	37617794	0
17	37617795	37620495	1
17	37620496	37629411	0
17	37629412	37636617	2
17	37636618	37666900	0
17	37666901	37667940	2
17	37667941	37700171	0
17	37700172	37704037	1
17	37704038	37711397	0
17	37711398	37712391	1
17	37712392	37726325	0
17	37726326	37727324	1
17	37727325	37746728	0
17	37746729	37764052	1
17	37764053	37796321	0
17	37796322	37797274	1
17	37797275	37808968	0
17	37808969	37809933	2
17	37809934	37833607	0
17	37833608	37838761	2
17	37838762	37862942	0
17	37862943	37863934	2
17	37863935	37885809	0
17	37885810	37889952	2
17	37889953	37905550	0
17	37905551	37909732	2
17	37909733	37932378	0
17	37932379	37933318	2
17	37933319	37942012	0
17	37942013	37943133	2
17	37943134	37971854	0
17	37971855	37972971	2
17	37972972	37987537	0
17	37987538	37988496	2
17	37988497	38040465	0
17	38040466	38041559	2
17	38041560	38060481	0
17	38060482	38061498	2
17	38061499	38088994	0
17	38088995	38089965	1
17	38089966	38191542	0
17	38191543	38196727	1
17	38196728	38204116	0
17	38204117	38205195	2
17	38205196	38218913	0
17	38218914	38225636	1
17	38225637	38267192	0
17	38267193	38268133	1
17	38268134	38282336	0
17	38282337	38286533	2
17	38286534	38312029	0
17	38312030	38312967	2
17	38312968	38345112	0
17	38345113	38346190	2
17	38346191	38398010	0
17	38398011	38412654	2
17	38412655	38441462	0
17	38441463	38442403	1
17	38442404	38472102	0
17	38472103	38473040	2
17	38473041	38553417	0
17	38553418	38557128	1
17	38557129	38691135	0
17	38691136	38697561	2
17	38697562	38776390	0
17	38776391	38782593	2
17	38782594	40343961	0
17	40343962	40345552	1
17	40345553	40358724	0
17	40358725	40456154	1
17	40456155	40656969	0
17	40656970	40667367	2
17	40667368	40698454	0
17	40698455	40716496	2
17	40716497	40864067	0
17	40864068	40868729	2
17	40868730	40901681	0
17	40901682	40943950	1
17	40943951	40948073	0
17	40948074	40977701	2
17	40977702	41012429	0
17	41012430	41017505	1
17	41017506	41041688	0
17	41041689	41051297	1
17	41051298	41059998	0
17	41059999	41071654	1
17	41071655	41071994	3
17	41071995	41098580	2
17	41098581	42452894	0
17	42452895	42644688	2
17	42644689	42693730	0
17	42693731	42748260	1
17	42748261	42793838	0
17	42793839	42829231	1
17	42829232	42845883	0
17	42845884	42879126	1
17	42879127	42929898	0
17	42929899	43013371	1
17	43013372	43153502	0
17	43153503	43226135	2
17	43226136	43407276	0
17	43407277	43461684	2
17	43461685	43526413	0
17	43526414	43596504	2
17	43596505	43611271	0
17	43611272	43639759	1
17	43639760	43705045	0
17	43705046	43749148	2
17	43749149	43752282	0
17	43752283	43767246	1
17	43767247	43778847	0
17	43778848	43804123	1
17	43804124	43804372	0
17	43804373	43888378	2
17	43888379	43938798	0
17	43938799	44176463	2
17	44176464	44215760	0
17	44215761	44223514	2
17	44223515	44233255	0
17	44233256	44242756	1
17	44242757	44325519	0
17	44325520	44417115	2
17	44417116	44632934	0
17	44632935	44914099	1
17	44914100	44951528	3
17	44951529	44951744	1
17	44951745	45256237	2
17	45256238	45528839	0
17	45528840	45570654	1
17	45570655	45582828	0
17	45582829	45602735	1
17	45602736	45603250	3
17	45603251	45611885	1
17	45611886	45643788	0
17	45643789	45657789	2
17	45657790	45660381	0
17	45660382	45676805	2
17	45676806	45678910	3
17	45678911	45679626	2
17	45679627	45681774	0
17	45681775	45686346	1
17	45686347	45692663	0
17	45692664	45700116	2
17	45700117	45700907	0
17	45700908	45704617	2
17	45704618	45704722	0
17	45704723	45710218	1
17	45710219	45722147	0
17	45722148	45736553	1
17	45736554	45737914	0
17	45737915	45739049	1
17	45739050	45767151	0
17	45767152	45796272	1
17	45796273	45797118	0
17	45797119	45823269	1
17	45823270	45823852	3
17	45823853	45835442	2
17	45835443	46153940	0
17	46153941	46169324	1
17	46169325	46247933	0
17	46247934	46258982	2
17	46258983	46265857	3
17	46265858	46281163	1
17	46281164	46284336	0
17	46284337	46290500	1
17	46290501	46297979	0
17	46297980	46306317	2
17	46306318	46308951	0
17	46308952	46339572	1
17	46339573	46339802	0
17	46339803	46379246	2
17	46379247	46380867	0
17	46380868	46385001	1
17	46385002	46385027	0
17	46385028	46389484	2
17	46389485	46391112	0
17	46391113	46394263	2
17	46394264	46394823	0
17	46394824	46419960	1
17	46419961	46434368	0
17	46434369	46440168	2
17	46440169	46440218	3
17	46440219	46465299	1
17	46465300	46520678	0
17	46520679	46557867	2
17	46557868	46565873	0
17	46565874	46568723	2
17	46568724	46569132	0
17	46569133	46575424	1
17	46575425	46576525	0
17	46576526	46577046	1
17	46577047	46579395	0
17	46579396	46624622	1
17	46624623	46633736	0
17	46633737	46636565	2
17	46636566	46637552	0
17	46637553	46683335	1
17	46683336	46683786	0
17	46683787	46693109	1
17	46693110	46701398	0
17	46701399	46766451	1
17	46766452	46767572	0
17	46767573	46782102	1
17	46782103	46783176	0
17	46783177	46787086	2
17	46787087	46787284	0
17	46787285	46801311	2
17	46801312	46804405	0
17	46804406	46811234	1
17	46811235	46811497	0
17	46811498	46817877	1
17	46817878	46818084	0
17	46818085	46819938	2
17	46819939	46820052	3
17	46820053	46841949	1
17	46841950	46848410	0
17	46848411	46862488	2
17	46862489	46862611	0
17	46862612	46866115	1
17	46866116	46872652	0
17	46872653	46889161	1
17	46889162	46909582	0
17	46909583	46910354	2
17	46910355	46910854	0
17	46910855	46919603	1
17	46919604	46935063	0
17	46935064	46968360	1
17	46968361	47026163	0
17	47026164	47027352	1
17	47027353	47027568	0
17	47027569	47029410	2
17	47029411	47047406	0
17	47047407	47061880	2
17	47061881	47065239	0
17	47065240	47147479	1
17	47147480	47153643	0
17	47153644	47153903	1
17	47153904	47179531	0
17	47179532	47179986	1
17	47179987	47277889	0
17	47277890	47496405	2
17	47496406	47505834	0
17	47505835	47518364	2
17	47518365	47522340	0
17	47522341	47529914	2
17	47529915	47531507	0
17	47531508	47537531	1
17	47537532	47549681	0
17	47549682	47573562	1
17	47573563	47574322	3
17	47574323	47574323	1
17	47574324	47607585	2
17	47607586	47624997	0
17	47624998	47639239	1
17	47639240	47641998	0
17	47641999	47736278	2
17	47736279	47736630	3
17	47736631	47748439	1
17	47748440	47748529	0
17	47748530	47823593	2
17	47823594	47823685	3
17	47823686	47825977	1
17	47825978	47831402	3
17	47831403	47841233	2
17	47841234	47863789	0
17	47863790	47871430	2
17	47871431	47873977	0
17	47873978	47929366	2
17	47929367	47952275	0
17	47952276	47971638	1
17	47971639	48004080	0
17	48004081	48061592	1
17	48061593	48226580	0
17	48226581	48227868	2
17	48227869	48262553	0
17	48262554	48283226	1
17	48283227	48288844	0
17	48288845	48304218	1
17	48304219	48371901	0
17	48371902	48386089	2
17	48386090	48386942	0
17	48386943	48398205	2
17	48398206	48403657	0
17	48403658	48414724	2
17	48414725	48438862	0
17	48438863	48451857	2
17	48451858	48455464	0
17	48455465	48466347	2
17	48466348	48485724	0
17	48485725	48493470	2
17	48493471	48499239	0
17	48499240	48506497	2
17	48506498	48526208	0
17	48526209	48549229	1
17	48549230	48549337	0
17	48549338	48556589	2
17	48556590	48558554	0
17	48558555	48572051	1
17	48572052	48587279	0
17	48587280	48590845	1
17	48590846	48594224	0
17	48594225	48679037	2
17	48679038	49071702	0
17	49071703	49236911	2
17	49236912	49567685	0
17	49567686	49594758	2
17	49594759	49595345	0
17	49595346	49703660	1
17	49703661	49754459	0
17	49754460	50049170	2
17	50049171	50131580	0
17	50131581	50329997	1
17	50329998	50378727	0
17	50378728	50380847	2
17	50380848	50418717	0
17	50418718	50432922	1
17	50432923	50648870	0
17	50648871	50827816	2
17	50827817	50837850	0
17	50837851	50839203	2
17	50839204	50872450	0
17	50872451	51318672	1
17	51318673	51875510	0
17	51875511	51972613	1
17	51972614	52865082	0
17	52865083	53044559	2
17	53044560	53093279	0
17	53093280	53121600	1
17	53121601	53538212	0
17	53538213	53602644	1
17	53602645	53618557	0
17	53618558	53646783	2
17	53646784	53646994	3
17	53646995	53678774	1
17	53678775	53706184	0
17	53706185	53812043	2
17	53812044	53814109	0
17	53814110	53828656	1
17	53828657	53968960	0
17	53968961	53985662	1
17	53985663	54005740	0
17	54005741	54006364	1
17	54006365	54100938	0
17	54100939	54129997	1
17	54129998	54412917	0
17	54412918	54438357	1
17	54438358	54546542	0
17	54546543	54549016	1
17	54549017	55584678	0
17	55584679	55653877	2
17	55653878	55731637	0
17	55731638	55763968	1
17	55763969	55791321	0
17	55791322	55851924	1
17	55851925	55889247	0
17	55889248	55992925	2
17	55992926	56004467	0
17	56004468	56018125	1
17	56018126	56031605	0
17	56031606	56038005	2
17	56038006	56054824	0
17	56054825	56055291	1
17	56055292	56077974	0
17	56077975	56084595	1
17	56084596	56092044	0
17	56092045	56096442	2
17	56096443	56098608	0
17	56098609	56107370	2
17	56107371	56109888	0
17	56109889	56116038	2
17	56116039	56125932	0
17	56125933	56136302	2
17	56136303	56136502	0
17	56136503	56144991	1
17	56144992	56145132	0
17	56145133	56156174	2
17	56156175	56156211	3
17	56156212	56176056	1
17	56176057	56179825	0
17	56179826	56206466	2
17	56206467	56206971	3
17	56206972	56214449	1
17	56214450	56219055	0
17	56219056	56240012	2
17	56240013	56240013	3
17	56240014	56240017	2
17	56240018	56249223	1
17	56249224	56251022	0
17	56251023	56257017	1
17	56257018	56259101	0
17	56259102	56261367	1
17	56261368	56262506	0
17	56262507	56279764	1
17	56279765	56301898	0
17	56301899	56313376	2
17	56313377	56315165	0
17	56315166	56323341	1
17	56323342	56326103	0
17	56326104	56358310	1
17	56358311	56396214	0
17	56396215	56403029	2
17	56403030	56408740	0
17	56408741	56416207	1
17	56416208	56418383	0
17	56418384	56429932	1
17	56429933	56433534	0
17	56433535	56439707	1
17	56439708	56442742	0
17	56442743	56462907	2
17	56462908	56465483	0
17	56465484	56542291	2
17	56542292	56551849	0
17	56551850	56615904	1
17	56615905	56650669	0
17	56650670	56651904	1
17	56651905	56700386	0
17	56700387	56724006	1
17	56724007	56724403	0
17	56724404	56745715	2
17	56745716	56746873	0
17	56746874	56749192	1
17	56749193	56752816	0
17	56752817	56753664	2
17	56753665	56753722	0
17	56753723	56766324	1
17	56766325	56767564	0
17	56767565	56803877	2
17	56803878	56812678	0
17	56812679	56851190	2
17	56851191	56853353	0
17	56853354	56857120	1
17	56857121	56857183	0
17	56857184	56863669	2
17	56863670	56890746	0
17	56890747	56896951	1
17	56896952	56904172	0
17	56904173	56909513	2
17	56909514	56909671	0
17	56909672	56911629	2
17	56911630	56915318	0
17	56915319	56970429	1
17	56970430	56982524	0
17	56982525	57013868	1
17	57013869	57014898	0
17	57014899	57028325	2
17	57028326	57032033	0
17	57032034	57074834	1
17	57074835	57092911	0
17	57092912	57121547	1
17	57121548	57129685	0
17	57129686	57135792	2
17	57135793	57136760	0
17	57136761	57138743	2
17	57138744	57138878	0
17	57138879	57139439	1
17	57139440	57142824	0
17	57142825	57150721	1
17	57150722	57160479	0
17	57160480	57170928	1
17	57170929	57172194	0
17	57172195	57181075	1
17	57181076	57183132	0
17	57183133	57198526	1
17	57198527	57199284	3
17	57199285	57205339	2
17	57205340	57205477	0
17	57205478	57217931	1
17	57217932	57219487	0
17	57219488	57227203	1
17	57227204	57231456	0
17	57231457	57244806	1
17	57244807	57245363	3
17	57245364	57247178	2
17	57247179	57285418	0
17	57285419	57289198	1
17	57289199	57328913	0
17	57328914	57333610	1
17	57333611	57343391	0
17	57343392	57367557	1
17	57367558	57374339	0
17	57374340	57387080	1
17	57387081	57388872	0
17	57388873	57402844	2
17	57402845	57418521	0
17	57418522	57468657	2
17	57468658	57498107	0
17	57498108	57622950	2
17	57622951	57648204	0
17	57648205	57684735	1
17	57684736	57908991	0
17	57908992	57977848	2
17	57977849	57978654	3
17	57978655	58549763	2
17	58549764	59018229	0
17	59018230	59130796	1
17	59130797	59139039	0
17	59139040	59152793	1
17	59152794	62953531	0
17	62953532	63230664	1
17	63230665	63406799	0
17	63406800	63849364	1
17	63849365	64212647	0
17	64212648	64213138	1
17	64213139	64213362	0
17	64213363	64488841	2
17	64488842	64630352	0
17	64630353	64681254	1
17	64681255	64863419	0
17	64863420	64904998	1
17	64904999	64950074	0
17	64950075	65104448	2
17	65104449	65181861	0
17	65181862	65185409	1
17	65185410	65605343	0
17	65605344	65890120	1
17	65890121	65929394	0
17	65929395	65962893	1
17	65962894	65986843	0
17	65986844	65991542	1
17	65991543	66001064	0
17	66001065	66122090	1
17	66122091	66131911	0
17	66131912	66191264	2
17	66191265	66197783	0
17	66197784	66234632	1
17	66234633	66272404	0
17	66272405	66300525	1
17	66300526	66316839	0
17	66316840	66426427	1
17	66426428	66428133	0
17	66428134	66450897	1
17	66450898	66460884	0
17	66460885	66469841	2
17	66469842	66472858	0
17	66472859	66501505	2
17	66501506	66668197	0
17	66668198	66668884	1
17	66668885	66686320	0
17	66686321	66799088	1
17	66799089	66843850	0
17	66843851	66869055	1
17	66869056	66904590	0
17	66904591	66943959	1
17	66943960	67016186	0
17	67016187	67703797	1
17	67703798	67980303	0
17	67980304	67982061	1
17	67982062	68046603	0
17	68046604	68171983	2
17	68171984	68192051	0
17	68192052	68353458	1
17	68353459	68623135	0
17	68623136	69127299	2
17	69127300	69506148	0
17	69506149	69639323	2
17	69639324	69732388	0
17	69732389	69740088	2
17	69740089	69766799	0
17	69766800	69768269	2
17	69768270	69788664	0
17	69788665	69838571	2
17	69838572	70318411	0
17	70318412	71170751	2
17	71170752	71193543	0
17	71193544	71202884	1
17	71202885	71278357	0
17	71278358	71278884	2
17	71278885	71323258	0
17	71323259	71340125	1
17	71340126	71342994	0
17	71342995	71352216	1
17	71352217	71368859	0
17	71368860	71476194	2
17	71476195	71531898	0
17	71531899	71599155	2
17	71599156	71601512	0
17	71601513	71660894	1
17	71660895	71693827	0
17	71693828	71824681	1
17	71824682	71845438	0
17	71845439	71876195	1
17	71876196	71901399	0
17	71901400	71938871	2
17	71938872	71965553	0
17	71965554	72008369	2
17	72008370	72022599	0
17	72022600	72079007	2
17	72079008	72092895	0
17	72092896	72102223	1
17	72102224	72119040	0
17	72119041	72207689	2
17	72207690	72218780	0
17	72218781	72953047	1
17	72953048	73186042	0
17	73186043	73200533	2
17	73200534	73267643	0
17	73267644	73291280	2
17	73291281	73457323	0
17	73457324	73592706	2
17	73592707	73655802	0
17	73655803	73748634	1
17	73748635	73842566	0
17	73842567	74059791	1
17	74059792	74154179	0
17	74154180	74181431	2
17	74181432	74233246	0
17	74233247	74299520	1
17	74299521	74367044	0
17	74367045	74397254	1
17	74397255	74600044	0
17	74600045	74694221	1
17	74694222	74698812	0
17	74698813	74723282	1
17	74723283	74738325	0
17	74738326	74790451	2
17	74790452	74794970	0
17	74794971	74823567	2
17	74823568	74825633	0
17	74825634	74858446	1
17	74858447	74888852	0
17	74888853	74899615	2
17	74899616	74927633	0
17	74927634	75103111	2
17	75103112	75117088	0
17	75117089	75262908	2
17	75262909	75404906	0
17	75404907	75791850	2
17	75791851	75835243	0
17	75835244	75928381	2
17	75928382	75936424	0
17	75936425	75951284	1
17	75951285	76683753	0
17	76683754	76684199	1
17	76684200	78599586	0
17	78599587	78768550	2
17	78768551	78775930	3
17	78775931	78817469	1
17	78817470	78890903	0
17	78890904	78892879	2
17	78892880	78907478	0
17	78907479	79026735	2
17	79026736	79049251	0
17	79049252	79136534	1
17	79136535	79148356	0
17	79148357	79150136	1
17	79150137	79152243	0
17	79152244	79234719	1
17	79234720	79234854	0
17	79234855	79247637	2
17	79247638	79251902	0
17	79251903	79281911	1
17	79281912	79283276	0
17	79283277	79306330	1
17	79306331	79315837	0
17	79315838	79318344	2
17	79318345	79320375	3
17	79320376	79336408	1
17	79336409	79336473	0
17	79336474	79347390	2
17	79347391	79348743	0
17	79348744	79420154	1
17	79420155	79451244	0
17	79451245	79489581	2
17	79489582	79733363	0
17	79733364	79754429	1
17	79754430	80014238	0
17	80014239	80081490	2
17	80081491	80106232	0
17	80106233	80114399	1
17	80114400	80247730	0
17	80247731	80295461	1
17	80295462	80428825	0
17	80428826	80461672	1
17	80461673	80526809	0
17	80526810	80584439	2
17	80584440	80599427	0
17	80599428	80606627	1
17	80606628	80606798	0
17	80606799	80617274	2
17	80617275	80623779	0
17	80623780	80627835	2
17	80627836	80637642	0
17	80637643	80689550	1
17	80689551	80689814	3
17	80689815	80696811	2
17	80696812	80706745	0
17	80706746	80772556	2
17	80772557	80772879	3
17	80772880	80788026	2
17	80788027	80793090	0
17	80793091	80879791	1
17	80879792	80922888	0
17	80922889	80963172	1
17	80963173	80979850	0
17	80979851	81127431	1
17	81127432	81343970	0
17	81343971	81401154	2
17	81401155	81425665	0
17	81425666	81464423	1
17	81464424	81785357	0
17	81785358	81840586	1
17	81840587	81841261	3
17	81841262	82048945	1
17	82048946	83614621	0
17	83614622	83624408	2
17	83624409	83687884	0
17	83687885	83688366	2
17	83688367	83750269	0
17	83750270	83879699	2
17	83879700	83901257	0
17	83901258	83913671	1
17	83913672	83985295	0
17	83985296	84031233	1
17	84031234	84105501	0
17	84105502	84220854	2
17	84220855	84230694	0
17	84230695	84246128	1
17	84246129	84583269	0
17	84583270	84587285	1
17	84587286	84589394	0
17	84589395	84865534	1
17	84865535	84911233	0
17	84911234	85021480	2
17	85021481	85025834	0
17	85025835	85054896	2
17	85054897	85057572	0
17	85057573	85075640	1
17	85075641	85082349	3
17	85082350	85099671	2
17	85099672	85104585	0
17	85104586	85190127	1
17	85190128	85356079	0
17	85356080	85423329	2
17	85423330	85427685	0
17	85427686	85462815	2
17	85462816	85463581	3
17	85463582	85489605	1
17	85489606	85489944	0
17	85489945	85857477	2
17	85857478	86012946	0
17	86012947	86031151	2
17	86031152	86083606	0
17	86083607	86087612	1
17	86087613	86384003	0
17	86384004	86544513	1
17	86544514	86567123	0
17	86567124	86897070	2
17	86897071	86904570	3
17	86904571	87057257	2
17	87057258	87153245	0
17	87153246	87232748	2
17	87232749	87316686	0
17	87316687	87321704	2
17	87321705	87343447	0
17	87343448	87347225	1
17	87347226	87362420	0
17	87362421	87396594	2
17	87396595	87399407	3
17	87399408	87424744	1
17	87424745	87424888	0
17	87424889	87435148	2
17	87435149	87507017	0
17	87507018	87536921	2
17	87536922	87653996	0
17	87653997	87665273	1
17	87665274	87682224	0
17	87682225	87781108	2
17	87781109	87788909	0
17	87788910	87827079	1
17	87827080	87832750	0
17	87832751	87846273	1
17	87846274	88035317	0
17	88035318	88050444	2
17	88050445	88071668	0
17	88071669	88123051	2
17	88123052	88145175	0
17	88145176	88197332	1
17	88197333	88374388	0
17	88374389	88390197	2
17	88390198	88390221	3
17	88390222	88464629	1
17	88464630	88840049	0
17	88840050	88889871	2
17	88889872	88929462	0
17	88929463	88987703	2
17	88987704	88997022	0
17	88997023	89061924	2
17	89061925	89067998	0
17	89067999	89114490	2
17	89114491	89140887	0
17	89140888	89191314	1
17	89191315	89384290	0
17	89384291	89600013	1
17	89600014	90432982	0
17	90432983	91487831	1
17	91487832	91488729	3
17	91488730	91492143	1
17	91492144	91636109	0
17	91636110	91637104	2
17	91637105	93598760	0
17	93598761	93604823	2
17	93604824	95126418	0
17	95126419	95149357	1
17	95149358	95160588	0
17	95160589	95164199	1
