<CHROM>	<START>	<END>	<TSB>
1	0	3195980	0
1	3195981	3661577	1
1	3661578	4334222	0
1	4334223	4350471	1
1	4350472	4481007	0
1	4481008	4486492	1
1	4486493	4763285	0
1	4763286	4775818	1
1	4775819	4797867	0
1	4797868	4869281	2
1	4869282	4870748	3
1	4870749	4887985	2
1	4887986	4899655	0
1	4899656	5060364	1
1	5060365	5073252	0
1	5073253	5152628	2
1	5152629	5578572	0
1	5578573	5596210	2
1	5596211	5903786	0
1	5903787	5907477	1
1	5907478	6196276	0
1	6196277	6204691	2
1	6204692	6205371	3
1	6205372	6266727	2
1	6266728	6477310	0
1	6477311	6851019	2
1	6851020	7078999	0
1	7079000	7163705	2
1	7163706	8351554	0
1	8351555	9289957	1
1	9289958	9535487	0
1	9535488	9537533	2
1	9537534	9538027	0
1	9538028	9550911	2
1	9550912	9568049	3
1	9568050	9591278	1
1	9591279	9617222	3
1	9617223	9621254	1
1	9621255	9657494	0
1	9657495	9690288	1
1	9690289	9708701	0
1	9708702	9738461	1
1	9738462	9788209	0
1	9788210	9892635	2
1	9892636	9898717	0
1	9898718	9932164	2
1	9932165	9950250	0
1	9950251	9952888	1
1	9952889	9958703	0
1	9958704	9999215	1
1	9999216	10020999	0
1	10021000	10028017	1
1	10028018	10028297	0
1	10028298	10126847	2
1	10126848	10127650	0
1	10127651	10222749	1
1	10222750	10314799	0
1	10314800	10710024	1
1	10710025	10983544	0
1	10983545	11293761	2
1	11293762	11404184	0
1	11404185	11965980	2
1	11965981	12708624	0
1	12708625	12850450	2
1	12850451	12856628	0
1	12856629	12981256	1
1	12981257	13103536	0
1	13103537	13117242	1
1	13117243	13129184	0
1	13129185	13364162	1
1	13364163	13554781	0
1	13554782	13579943	1
1	13579944	13614924	0
1	13614925	13650625	1
1	13650626	13658850	0
1	13658851	13691802	2
1	13691803	14159033	0
1	14159034	14300279	1
1	14300280	14743425	0
1	14743426	14745533	1
1	14745534	14746045	3
1	14746046	14748452	2
1	14748453	14862727	0
1	14862728	14908941	1
1	14908942	15258878	0
1	15258879	15259876	1
1	15259877	15277338	0
1	15277339	15706446	2
1	15706447	15795737	0
1	15795738	15833549	2
1	15833550	15843941	0
1	15843942	15882801	1
1	15882802	16056058	0
1	16056059	16083404	1
1	16083405	16091374	0
1	16091375	16094741	1
1	16094742	16095853	0
1	16095854	16123813	2
1	16123814	16218753	0
1	16218754	16510191	1
1	16510192	16559861	0
1	16559862	16609568	1
1	16609569	16632845	0
1	16632846	16646944	1
1	16646945	16655286	0
1	16655287	16668354	2
1	16668355	16678535	0
1	16678536	16699684	2
1	16699685	16987543	0
1	16987544	17087877	1
1	17087878	17135441	0
1	17135442	17154350	2
1	17154351	17591980	0
1	17591981	17621017	2
1	17621018	17717124	0
1	17717125	17756423	2
1	17756424	18105270	0
1	18105271	18135981	1
1	18135982	18226552	0
1	18226553	18227522	1
1	18227523	18241059	0
1	18241060	18255217	1
1	18255218	19093101	0
1	19093102	19156425	2
1	19156426	19198993	0
1	19198994	19228813	2
1	19228814	20047858	0
1	20047859	20608143	1
1	20608144	20720984	0
1	20720985	20724575	2
1	20724576	20767230	0
1	20767231	20774349	1
1	20774350	20793053	0
1	20793054	20810357	1
1	20810358	20880689	0
1	20880690	20929630	2
1	20929631	20941705	0
1	20941706	20980917	2
1	20980918	20986375	0
1	20986376	21069308	1
1	21069309	21208654	0
1	21208655	21220246	2
1	21220247	21230668	0
1	21230669	21255440	2
1	21255441	21275325	0
1	21275326	21288391	1
1	21288392	21339720	0
1	21339721	21342279	2
1	21342280	21358410	0
1	21358411	21360924	2
1	21360925	21373635	0
1	21373636	21376463	2
1	21376464	21388482	0
1	21388483	21952021	1
1	21952022	22276330	0
1	22276331	22911671	1
1	22911672	23107310	0
1	23107311	23109090	1
1	23109091	23262824	0
1	23262825	23263243	1
1	23263244	23373261	0
1	23373262	23390012	1
1	23390013	23768590	0
1	23768591	23851683	2
1	23851684	23855995	3
1	23855996	23929154	1
1	23929155	24002776	0
1	24002777	24012493	1
1	24012494	24017595	0
1	24017596	24107178	1
1	24107179	24184447	0
1	24184448	24259575	2
1	24259576	24268727	0
1	24268728	24594309	1
1	24594310	24619241	0
1	24619242	24619537	1
1	24619538	24620812	0
1	24620813	24621625	1
1	24621626	24685381	0
1	24685382	24823142	2
1	24823143	25124319	0
1	25124320	25886550	1
1	25886551	25887500	0
1	25887501	25888721	2
1	25888722	26738657	0
1	26738658	26744303	1
1	26744304	27099344	0
1	27099345	27286769	2
1	27286770	28832987	0
1	28832988	28837095	1
1	28837096	28912031	0
1	28912032	28912716	2
1	28912717	30775397	0
1	30775398	30776804	1
1	30776805	30859185	0
1	30859186	30930537	1
1	30930538	30997146	0
1	30997147	31006613	1
1	31006614	31033793	0
1	31033794	31035808	1
1	31035809	31054710	0
1	31054711	31056748	1
1	31056749	31197921	0
1	31197922	31233249	1
1	31233250	31261499	3
1	31261500	31279504	1
1	31279505	31279682	0
1	31279683	31281130	2
1	31281131	32229649	0
1	32229650	32576406	2
1	32576407	32577842	3
1	32577843	32600389	2
1	32600390	32604136	3
1	32604137	32714581	2
1	32714582	33510654	0
1	33510655	33726629	1
1	33726630	33726686	0
1	33726687	33727555	2
1	33727556	33776725	0
1	33776726	33799407	2
1	33799408	33802327	0
1	33802328	33814637	1
1	33814638	33817315	0
1	33817316	33871438	1
1	33871439	33908895	0
1	33908896	33964659	1
1	33964660	33965123	0
1	33965124	34365493	2
1	34365494	34428989	0
1	34428990	34460292	1
1	34460293	34493514	0
1	34493515	34496515	1
1	34496516	34496694	0
1	34496695	34502579	2
1	34502580	34516589	0
1	34516590	34532497	2
1	34532498	34555273	0
1	34555274	34559905	2
1	34559906	34592491	0
1	34592492	34600818	2
1	34600819	34601154	3
1	34601155	34617786	1
1	34617787	34636067	0
1	34636068	34636456	1
1	34636457	34636536	0
1	34636537	34647781	2
1	34647782	34778767	0
1	34778768	34870062	2
1	34870063	34870152	3
1	34870153	34899908	1
1	34899909	34906802	0
1	34906803	34936423	2
1	34936424	36125243	0
1	36125244	36163289	2
1	36163290	36198373	0
1	36198374	36301148	1
1	36301149	36321445	0
1	36321446	36330268	1
1	36330269	36364576	0
1	36364577	36380872	2
1	36380873	36392573	0
1	36392574	36426024	1
1	36426025	36478908	0
1	36478909	36502114	1
1	36502115	36528440	0
1	36528441	36565619	2
1	36565620	36568710	0
1	36568711	36585080	2
1	36585081	36587377	0
1	36587378	36592582	1
1	36592583	36595016	0
1	36595017	36604044	1
1	36604045	36605485	0
1	36605486	36615192	1
1	36615193	36619537	0
1	36619538	36740026	1
1	36740027	36748330	0
1	36748331	36750228	2
1	36750229	36756045	0
1	36756046	36771265	1
1	36771266	36818693	0
1	36818694	36839661	2
1	36839662	36849034	0
1	36849035	36996370	1
1	36996371	37014736	0
1	37014737	37015360	1
1	37015361	37083439	0
1	37083440	37133839	2
1	37133840	37210687	0
1	37210688	37244448	2
1	37244449	37275179	0
1	37275180	37320227	2
1	37320228	37356708	0
1	37356709	37467579	2
1	37467580	37473927	0
1	37473928	37486946	1
1	37486947	37487013	0
1	37487014	37495967	2
1	37495968	37496183	0
1	37496184	37597859	1
1	37597860	37668520	0
1	37668521	37776928	1
1	37776929	37811415	0
1	37811416	37922141	1
1	37922142	37928581	0
1	37928582	37931644	2
1	37931645	37932186	3
1	37932187	37934230	2
1	37934231	37947254	1
1	37947255	37947320	0
1	37947321	37955378	2
1	37955379	37962764	0
1	37962765	37973336	1
1	37973337	38003579	0
1	38003580	38014602	1
1	38014603	38040710	0
1	38040711	38054189	1
1	38054190	38054853	0
1	38054854	38109630	2
1	38109631	38112422	3
1	38112423	38186505	1
1	38186506	38234169	0
1	38234170	38721798	1
1	38721799	38850512	0
1	38850513	38892933	1
1	38892934	38920720	0
1	38920721	38955003	1
1	38955004	38995992	0
1	38995993	39007121	2
1	39007122	39044657	0
1	39044658	39054079	2
1	39054080	39250574	0
1	39250575	39420077	2
1	39420078	39424694	0
1	39424695	39428342	2
1	39428343	39428751	3
1	39428752	39535590	1
1	39535591	39591835	0
1	39591836	39603724	2
1	39603725	39608139	0
1	39608140	39634248	1
1	39634249	39675249	0
1	39675250	39708025	1
1	39708026	39722149	0
1	39722150	39777840	1
1	39777841	39861026	0
1	39861027	39861187	1
1	39861188	39957756	0
1	39957757	40083153	2
1	40083154	40141611	0
1	40141612	40182062	2
1	40182063	40281923	0
1	40281924	40373041	2
1	40373042	40381470	0
1	40381471	40422314	2
1	40422315	40486413	0
1	40486414	40522258	2
1	40522259	40522395	0
1	40522396	40557697	2
1	40557698	40572205	0
1	40572206	40608548	2
1	40608549	40637070	0
1	40637071	40687574	2
1	40687575	40738555	0
1	40738556	40825728	2
1	40825729	40828881	0
1	40828882	40847530	1
1	40847531	40862444	0
1	40862445	40912787	2
1	40912788	42286569	0
1	42286570	42287951	2
1	42287952	42753989	0
1	42753990	42757050	2
1	42757051	42908076	0
1	42908077	42962525	2
1	42962526	43009717	0
1	43009718	43011990	2
1	43011991	43088903	0
1	43088904	43090448	2
1	43090449	43104112	0
1	43104113	43149431	1
1	43149432	43150678	3
1	43150679	43155465	1
1	43155466	43155553	0
1	43155554	43172790	2
1	43172791	43179917	0
1	43179918	43220804	1
1	43220805	43502594	0
1	43502595	43627358	2
1	43627359	43787445	0
1	43787446	43799421	2
1	43799422	43803809	0
1	43803810	43884643	1
1	43884644	43990845	0
1	43990846	44059842	2
1	44059843	44066251	0
1	44066252	44076877	1
1	44076878	44112795	0
1	44112796	44118779	1
1	44118780	44143456	0
1	44143457	44175651	1
1	44175652	44175800	0
1	44175801	44201613	2
1	44201614	44204587	0
1	44204588	44238103	2
1	44238104	44260913	0
1	44260914	44275804	1
1	44275805	44608354	0
1	44608355	44853676	2
1	44853677	45368381	0
1	45368382	45406549	2
1	45406550	45431164	0
1	45431165	45560125	1
1	45560126	45852009	0
1	45852010	45880462	2
1	45880463	45964913	0
1	45964914	45982437	1
1	45982438	46038391	0
1	46038392	46038858	2
1	46038859	46068600	0
1	46068601	46068863	1
1	46068864	46076915	0
1	46076916	46087312	1
1	46087313	46123581	0
1	46123582	46430393	2
1	46430394	46665804	0
1	46665805	46682954	2
1	46682955	46864387	0
1	46864388	46910889	1
1	46910890	49301458	0
1	49301459	49395088	2
1	49395089	50957489	0
1	50957490	51244112	2
1	51244113	51345968	0
1	51345969	51359801	2
1	51359802	51526340	0
1	51526341	51535241	1
1	51535242	51806607	0
1	51806608	51972913	1
1	51972914	51997492	0
1	51997493	51998103	1
1	51998104	52043990	0
1	52043991	52147477	2
1	52147478	52147908	3
1	52147909	52164030	2
1	52164031	52176280	0
1	52176281	52218702	2
1	52218703	52220290	0
1	52220291	52290074	1
1	52290075	52514136	0
1	52514137	52557521	1
1	52557522	52687547	0
1	52687548	52708761	2
1	52708762	52713128	0
1	52713129	52784304	1
1	52784305	52846255	0
1	52846256	52874530	1
1	52874531	52901855	0
1	52901856	52977828	2
1	52977829	52979166	0
1	52979167	53020102	1
1	53020103	53118505	0
1	53118506	53124921	2
1	53124922	53215419	0
1	53215420	53244459	1
1	53244460	53246029	0
1	53246030	53353860	1
1	53353861	53353937	0
1	53353938	53367151	2
1	53367152	53370466	0
1	53370467	53382349	2
1	53382350	53383185	3
1	53383186	53409594	1
1	53409595	53604021	0
1	53604022	53622539	1
1	53622540	53812348	0
1	53812349	53842066	1
1	53842067	53863724	0
1	53863725	54252010	1
1	54252011	54307525	0
1	54307526	54425569	2
1	54425570	54454423	0
1	54454424	54495813	1
1	54495814	54529842	0
1	54529843	54532808	1
1	54532809	54537548	0
1	54537549	54614524	1
1	54614525	54702182	0
1	54702183	54983229	1
1	54983230	55042011	0
1	55042012	55084320	1
1	55084321	55109612	0
1	55109613	55129543	2
1	55129544	55134677	0
1	55134678	55144974	1
1	55144975	55145085	3
1	55145086	55148149	2
1	55148150	55188073	0
1	55188074	55211741	2
1	55211742	55227001	0
1	55227002	55283624	1
1	55283625	55294019	0
1	55294020	55296900	2
1	55296901	55305500	0
1	55305501	55420311	1
1	55420312	55463230	0
1	55463231	55808644	2
1	55808645	56692895	0
1	56692896	56694293	1
1	56694294	56850828	0
1	56850829	57035492	1
1	57035493	57434462	0
1	57434463	57442265	2
1	57442266	57445079	0
1	57445080	57463170	1
1	57463171	57463943	3
1	57463944	57474795	2
1	57474796	57831004	0
1	57831005	58005239	2
1	58005240	58011943	0
1	58011944	58052813	1
1	58052814	58075798	3
1	58075799	58082741	2
1	58082742	58086773	0
1	58086774	58163255	2
1	58163256	58169972	0
1	58169973	58257540	2
1	58257541	58267239	0
1	58267240	58325439	2
1	58325440	58335168	0
1	58335169	58436106	2
1	58436107	58449978	0
1	58449979	58463390	2
1	58463391	58467031	0
1	58467032	58480908	1
1	58480909	58487836	0
1	58487837	58501993	1
1	58501994	58502271	3
1	58502272	58502328	1
1	58502329	58519613	2
1	58519614	58538658	3
1	58538659	58561951	1
1	58561952	58579648	0
1	58579649	58643165	1
1	58643166	58643226	0
1	58643227	58652806	2
1	58652807	58703450	0
1	58703451	58705159	2
1	58705160	58714959	0
1	58714960	58752831	1
1	58752832	58768350	0
1	58768351	58815726	2
1	58815727	58852216	0
1	58852217	58904345	2
1	58904346	58957291	0
1	58957292	59030272	1
1	59030273	59030364	0
1	59030365	59052557	2
1	59052558	59053965	0
1	59053966	59060285	1
1	59060286	59060793	0
1	59060794	59062067	1
1	59062068	59107348	0
1	59107349	59151742	1
1	59151743	59157436	0
1	59157437	59177201	1
1	59177202	59177778	0
1	59177779	59294073	1
1	59294074	59313748	0
1	59313749	59409835	2
1	59409836	59538989	0
1	59538990	59543789	2
1	59543790	59573106	0
1	59573107	59691350	2
1	59691351	59696276	0
1	59696277	59727676	1
1	59727677	59741851	0
1	59741852	59768966	2
1	59768967	59821479	0
1	59821480	59927701	2
1	59927702	59969848	0
1	59969849	60042188	2
1	60042189	60045912	0
1	60045913	60099929	1
1	60099930	60133710	0
1	60133711	60155089	1
1	60155090	60155487	3
1	60155488	60207874	2
1	60207875	60237441	0
1	60237442	60395170	2
1	60395171	60400165	0
1	60400166	60444902	2
1	60444903	60466537	0
1	60466538	60537997	2
1	60537998	60540078	0
1	60540079	60623946	1
1	60623947	60773642	0
1	60773643	60830201	2
1	60830202	60943842	0
1	60943843	60972674	2
1	60972675	61034769	0
1	61034770	61057162	2
1	61057163	61685396	0
1	61685397	62688856	2
1	62688857	62749857	0
1	62749858	62865267	2
1	62865268	63004990	0
1	63004991	63161239	1
1	63161240	63190168	0
1	63190169	63223394	1
1	63223395	63223397	0
1	63223398	63227058	2
1	63227059	63229263	0
1	63229264	63261115	1
1	63261116	63319837	0
1	63319838	63361148	2
1	63361149	63492463	0
1	63492464	63643087	2
1	63643088	63669423	0
1	63669424	63733499	1
1	63733500	63745391	0
1	63745392	63776890	1
1	63776891	63777186	0
1	63777187	63801227	2
1	63801228	63801479	0
1	63801480	63815839	1
1	63815840	64076019	0
1	64076020	64168854	1
1	64168855	64579376	0
1	64579377	64651119	2
1	64651120	64653045	0
1	64653046	64663814	1
1	64663815	64737027	0
1	64737028	64772216	2
1	64772217	64777132	0
1	64777133	64784322	1
1	64784323	64832555	0
1	64832556	65003396	1
1	65003397	65059261	0
1	65059262	65079331	1
1	65079332	65095126	0
1	65095127	65097721	1
1	65097722	65108444	0
1	65108445	65110024	1
1	65110025	65118097	0
1	65118098	65120261	1
1	65120262	65126802	0
1	65126803	65128860	1
1	65128861	65146961	0
1	65146962	65169786	1
1	65169787	65205188	0
1	65205189	65233051	1
1	65233052	65233322	0
1	65233323	65320584	2
1	65320585	65328628	0
1	65328629	65435816	2
1	65435817	65973094	0
1	65973095	65974879	2
1	65974880	66221845	0
1	66221846	66489155	2
1	66489156	66514939	0
1	66514940	66746438	2
1	66746439	66747403	0
1	66747404	66765815	2
1	66765816	66766377	3
1	66766378	66864167	1
1	66864168	66877411	0
1	66877412	66909849	1
1	66909850	66970867	0
1	66970868	66991976	1
1	66991977	67047089	0
1	67047090	67085444	1
1	67085445	67169598	0
1	67169599	67277831	2
1	67277832	68078758	0
1	68078759	69154631	1
1	69154632	69577786	0
1	69577787	69732532	1
1	69732533	69873560	0
1	69873561	70771704	2
1	70771705	70772287	0
1	70772288	70931969	2
1	70931970	71074070	0
1	71074071	71149718	1
1	71149719	71289662	0
1	71289663	71461482	1
1	71461483	71603722	0
1	71603723	71626203	2
1	71626204	71632092	0
1	71632093	71699409	1
1	71699410	71699744	3
1	71699745	71699772	1
1	71699773	71709415	2
1	71709416	72050860	0
1	72050861	72051342	2
1	72051343	72205805	0
1	72205806	72258879	1
1	72258880	72305739	0
1	72305740	72330886	1
1	72330887	72330941	0
1	72330942	72349676	2
1	72349677	72353993	0
1	72353994	72441524	2
1	72441525	72473684	0
1	72473685	72583502	1
1	72583503	72629823	0
1	72629824	72679706	2
1	72679707	72689552	0
1	72689553	72747136	1
1	72747137	72757832	0
1	72757833	72760381	2
1	72760382	72871075	0
1	72871076	72899046	2
1	72899047	72904504	0
1	72904505	72921456	1
1	72921457	73061655	0
1	73061656	73062471	1
1	73062472	73956803	0
1	73956804	74171019	1
1	74171020	74172113	0
1	74172114	74194795	2
1	74194796	74200561	0
1	74200562	74207810	2
1	74207811	74238357	0
1	74238358	74241203	1
1	74241204	74283069	0
1	74283070	74314781	2
1	74314782	74325122	0
1	74325123	74326196	2
1	74326197	74326419	0
1	74326420	74331252	1
1	74331253	74331502	0
1	74331503	74334819	2
1	74334820	74350977	3
1	74350978	74400266	2
1	74400267	74408680	0
1	74408681	74415893	2
1	74415894	74421775	0
1	74421776	74432634	2
1	74432635	74438081	0
1	74438082	74443857	2
1	74443858	74455948	0
1	74455949	74482082	2
1	74482083	74482131	3
1	74482132	74552630	1
1	74552631	74577416	3
1	74577417	74589460	1
1	74589461	74590858	3
1	74590859	74611699	2
1	74611700	74614366	3
1	74614367	74634818	1
1	74634819	74634861	0
1	74634862	74639015	2
1	74639016	74640320	0
1	74640321	74647969	1
1	74647970	74648017	0
1	74648018	74683466	2
1	74683467	74708317	0
1	74708318	74748404	2
1	74748405	74760146	0
1	74760147	74784462	2
1	74784463	74786071	0
1	74786072	74795793	1
1	74795794	74818464	0
1	74818465	74831891	2
1	74831892	74838088	0
1	74838089	74850751	2
1	74850752	74901506	0
1	74901507	74904003	2
1	74904004	74928081	0
1	74928082	74931991	1
1	74931992	74936506	0
1	74936507	74939715	1
1	74939716	74948643	0
1	74948644	74982171	1
1	74982172	74991889	0
1	74991890	74998244	1
1	74998245	75013711	0
1	75013712	75093211	1
1	75093212	75122115	0
1	75122116	75130462	1
1	75130463	75131126	0
1	75131127	75139269	1
1	75139270	75139358	0
1	75139359	75144481	2
1	75144482	75165218	0
1	75165219	75168201	2
1	75168202	75168289	0
1	75168290	75176964	1
1	75176965	75177438	0
1	75177439	75188495	1
1	75188496	75194816	0
1	75194817	75207351	1
1	75207352	75207411	0
1	75207412	75211547	2
1	75211548	75212179	3
1	75212180	75215826	1
1	75215827	75233038	0
1	75233039	75241377	2
1	75241378	75243614	0
1	75243615	75260781	1
1	75260782	75268772	0
1	75268773	75274988	1
1	75274989	75304469	0
1	75304470	75314210	1
1	75314211	75356902	0
1	75356903	75365152	2
1	75365153	75371870	0
1	75371871	75428893	2
1	75428894	75432503	0
1	75432504	75439752	2
1	75439753	75447009	0
1	75447010	75470916	2
1	75470917	75471142	0
1	75471143	75476105	1
1	75476106	75482266	3
1	75482267	75503025	1
1	75503026	75503650	0
1	75503651	75506939	2
1	75506940	75518102	0
1	75518103	75533908	2
1	75533909	75542839	0
1	75542840	75558745	2
1	75558746	77363758	0
1	77363759	77511661	1
1	77511662	78097840	0
1	78097841	78193707	1
1	78193708	78306919	0
1	78306920	78414531	2
1	78414532	78416859	3
1	78416860	78485432	1
1	78485433	78494379	0
1	78494380	78507564	1
1	78507565	78508536	3
1	78508537	78534746	2
1	78534747	78654398	0
1	78654399	78703560	2
1	78703561	78813500	0
1	78813501	78816597	2
1	78816598	78964210	0
1	78964211	78964652	1
1	78964653	79431242	0
1	79431243	79436663	1
1	79436664	79603449	0
1	79603450	79668545	1
1	79668546	79698835	0
1	79698836	79772591	1
1	79772592	79772716	3
1	79772717	79778018	2
1	79778019	79790770	0
1	79790771	79855269	1
1	79855270	80195279	0
1	80195280	80215046	1
1	80215047	80261496	0
1	80261497	80337053	1
1	80337054	80379677	0
1	80379678	80381761	1
1	80381762	80497646	0
1	80497647	80755126	1
1	80755127	81073523	0
1	81073524	81338337	2
1	81338338	82229674	0
1	82229675	82229685	1
1	82229686	82232506	3
1	82232507	82287989	1
1	82287990	82313025	0
1	82313026	82441939	2
1	82441940	82447296	0
1	82447297	82583422	1
1	82583423	82583494	0
1	82583495	82718632	2
1	82718633	82721463	0
1	82721464	82748967	2
1	82748968	82753222	0
1	82753223	82765034	1
1	82765035	82836056	0
1	82836057	82892848	2
1	82892849	83009096	0
1	83009097	83035021	1
1	83035022	83113339	0
1	83113340	83115740	2
1	83115741	83156325	0
1	83156326	83207147	2
1	83207148	83250712	0
1	83250713	83404773	1
1	83404774	84032866	0
1	84032867	84360753	1
1	84360754	84366414	0
1	84366415	84692794	1
1	84692795	84717762	0
1	84717763	84835877	1
1	84835878	84836414	0
1	84836415	84897060	2
1	84897061	84902471	0
1	84902472	84931698	1
1	84931699	84989263	0
1	84989264	85267139	1
1	85267140	87473472	0
1	87473473	87495390	1
1	87495391	87496951	0
1	87496952	87541610	2
1	87541611	87546561	0
1	87546562	87606571	2
1	87606572	87613656	0
1	87613657	87675216	1
1	87675217	87690014	0
1	87690015	87748149	2
1	87748150	87790854	0
1	87790855	87805248	2
1	87805249	87825056	0
1	87825057	87836110	2
1	87836111	87837197	3
1	87837198	87857628	1
1	87857629	87913389	0
1	87913390	87926531	2
1	87926532	87942436	0
1	87942437	87952029	2
1	87952030	87960960	0
1	87960961	87995599	2
1	87995600	88008543	3
1	88008544	88174857	2
1	88174858	88199794	0
1	88199795	88203876	2
1	88203877	88219840	0
1	88219841	88220166	2
1	88220167	88241292	0
1	88241293	88256028	1
1	88256029	88282815	0
1	88282816	88284735	1
1	88284736	88370232	0
1	88370233	88370579	2
1	88370580	88423309	0
1	88423310	88427271	2
1	88427272	88439567	0
1	88439568	88479202	1
1	88479203	88479477	0
1	88479478	88503551	2
1	88503552	88562864	0
1	88562865	88567145	1
1	88567146	88600377	0
1	88600378	88946670	2
1	88946671	88983263	0
1	88983264	88986501	1
1	88986502	88994577	0
1	88994578	88998179	1
1	88998180	89021581	0
1	89021582	89024485	2
1	89024486	89044228	0
1	89044229	89053094	1
1	89053095	89087225	0
1	89087226	89096642	2
1	89096643	89102384	0
1	89102385	89108408	2
1	89108409	89110487	0
1	89110488	89137061	2
1	89137062	89160936	0
1	89160937	89207412	2
1	89207413	89223571	0
1	89223572	89282936	2
1	89282937	89291302	3
1	89291303	89347369	2
1	89347370	89366837	0
1	89366838	89372032	2
1	89372033	89373407	0
1	89373408	89406462	1
1	89406463	89406935	3
1	89406936	89470443	1
1	89470444	89494418	2
1	89494419	89516885	0
1	89516886	89617080	2
1	89617081	89652443	0
1	89652444	89689001	2
1	89689002	89693040	0
1	89693041	89693390	2
1	89693391	89700253	0
1	89700254	89741731	2
1	89741732	89749860	0
1	89749861	89841062	2
1	89841063	89841694	0
1	89841695	89905124	1
1	89905125	89951961	0
1	89951962	90101305	2
1	90101306	90102321	3
1	90102322	90116575	2
1	90116576	90123559	0
1	90123560	90155688	2
1	90155689	90158862	3
1	90158863	90174206	1
1	90174207	90174234	0
1	90174235	90285866	2
1	90285867	90303534	0
1	90303535	90323011	2
1	90323012	90397696	0
1	90397697	90406459	1
1	90406460	90569698	0
1	90569699	90598794	1
1	90598795	90966988	0
1	90966989	91051641	2
1	91051642	91351379	0
1	91351380	91791855	2
1	91791856	91824535	0
1	91824536	91826807	1
1	91826808	91828435	3
1	91828436	91829863	1
1	91829864	91849164	0
1	91849165	91911239	1
1	91911240	91938705	0
1	91938706	92049974	1
1	92049975	92100553	0
1	92100554	92113324	2
1	92113325	92499998	0
1	92499999	92509914	2
1	92509915	92571734	0
1	92571735	92576366	2
1	92576367	92663433	0
1	92663434	92740527	1
1	92740528	92811660	0
1	92811661	92847717	2
1	92847718	92849683	0
1	92849684	92850587	2
1	92850588	92854708	0
1	92854709	92866236	1
1	92866237	92895302	0
1	92895303	93025519	2
1	93025520	93041678	0
1	93041679	93067370	2
1	93067371	93076397	0
1	93076398	93121771	2
1	93121772	93146886	0
1	93146887	93185452	2
1	93185453	93194913	0
1	93194914	93217650	2
1	93217651	93218650	0
1	93218651	93244881	2
1	93244882	93247591	0
1	93247592	93258991	2
1	93258992	93263005	0
1	93263006	93270791	2
1	93270792	93271982	0
1	93271983	93295358	1
1	93295359	93308058	0
1	93308059	93310613	1
1	93310614	93312559	0
1	93312560	93355905	1
1	93355906	93391243	0
1	93391244	93425878	2
1	93425879	93437140	0
1	93437141	93456165	2
1	93456166	93698036	0
1	93698037	93744603	2
1	93744604	93825360	0
1	93825361	93827751	1
1	93827752	93829332	0
1	93829333	94044968	1
1	94044969	94335585	0
1	94335586	94370435	1
1	94370436	94376256	0
1	94376257	94377194	1
1	94377195	94387393	0
1	94387394	94388328	1
1	94388329	94407623	0
1	94407624	94415090	1
1	94415091	94469700	0
1	94469701	94470781	2
1	94470782	94484907	0
1	94484908	94485872	2
1	94485873	94493096	0
1	94493097	94494067	2
1	94494068	94504414	0
1	94504415	94505422	2
1	94505423	94516456	0
1	94516457	94517576	2
1	94517577	94533720	0
1	94533721	94538560	1
1	94538561	94540793	0
1	94540794	94545416	1
1	94545417	94728220	0
1	94728221	94756773	2
1	94756774	94766704	0
1	94766705	94799481	1
1	94799482	94803564	0
1	94803565	94805195	2
1	94805196	94807980	0
1	94807981	94817413	2
1	94817414	94830951	0
1	94830952	94844516	2
1	94844517	94869694	0
1	94869695	94882966	2
1	94882967	94902909	0
1	94902910	94908844	2
1	94908845	94912031	0
1	94912032	94998440	1
1	94998441	95005392	0
1	95005393	95007260	1
1	95007261	95031820	0
1	95031821	95041982	2
1	95041983	95047924	0
1	95047925	95057523	1
1	95057524	95112474	0
1	95112475	95127647	2
1	95127648	95132416	0
1	95132417	95195786	2
1	95195787	95197640	3
1	95197641	95202490	1
1	95202491	95205345	0
1	95205346	95239429	1
1	95239430	95240040	3
1	95240041	95240057	1
1	95240058	95270064	2
1	95270065	95270471	0
1	95270472	95300077	2
1	95300078	95302515	0
1	95302516	95318263	1
1	95318264	95319063	3
1	95319064	95375383	1
1	95375384	95375539	0
1	95375540	95406835	2
1	95406836	95408654	0
1	95408655	95518477	2
1	95518478	95518551	3
1	95518552	95532297	1
1	95532298	95582269	0
1	95582270	95592337	2
1	95592338	95601966	0
1	95601967	95648075	1
1	95648076	95651413	3
1	95651414	95686370	2
1	95686371	95689151	0
1	95689152	95698509	1
1	95698510	95700540	0
1	95700541	95718676	2
1	95718677	95721815	0
1	95721816	95748923	2
1	95748924	95757919	0
1	95757920	95773069	2
1	95773070	95824362	0
1	95824363	95839219	2
1	95839220	95879621	0
1	95879622	95882394	2
1	95882395	95887084	0
1	95887085	95908116	2
1	95908117	95917068	0
1	95917069	95924901	2
1	95924902	95934882	0
1	95934883	95949128	1
1	95949129	96048772	0
1	96048773	96049703	2
1	96049704	97210203	0
1	97210204	97231859	2
1	97231860	97484259	0
1	97484260	97564169	1
1	97564170	98715359	0
1	98715360	98768746	1
1	98768747	98808387	0
1	98808388	98894152	1
1	98894153	98955613	0
1	98955614	99024828	1
1	99024829	99540478	0
1	99540479	99558649	1
1	99558650	99602623	0
1	99602624	99666747	1
1	99666748	99666986	3
1	99666987	99690284	2
1	99690285	99691689	0
1	99691690	99992221	1
1	99992222	100317699	0
1	100317700	100413563	2
1	100413564	101669340	0
1	101669341	102382517	2
1	102382518	106665104	0
1	106665105	106892056	2
1	106892057	107173492	0
1	107173493	107253285	1
1	107253286	107417714	0
1	107417715	107555583	1
1	107555584	107560436	0
1	107560437	107651706	2
1	107651707	107677298	0
1	107677299	107744556	2
1	107744557	107886981	0
1	107886982	107930649	2
1	107930650	108068327	0
1	108068328	108290825	2
1	108290826	108434753	0
1	108434754	108610849	1
1	108610850	108616985	0
1	108616986	108656317	1
1	108656318	108660646	0
1	108660647	108693303	1
1	108693304	108757748	0
1	108757749	108779923	2
1	108779924	108831024	0
1	108831025	108853655	2
1	108853656	108877559	0
1	108877560	108897770	2
1	108897771	108942162	0
1	108942163	108948912	1
1	108948913	108974742	0
1	108974743	108980081	1
1	108980082	109050515	0
1	109050516	109174946	1
1	109174947	109258504	0
1	109258505	109277050	2
1	109277051	109296230	0
1	109296231	109349264	2
1	109349265	109407998	0
1	109407999	109432053	2
1	109432054	109486581	0
1	109486582	109505484	2
1	109505485	111878902	0
1	111878903	112036732	2
1	112036733	112785770	0
1	112785771	112873947	1
1	112873948	113755277	0
1	113755278	113761484	1
1	113761485	117581331	0
1	117581332	118478601	2
1	118478602	120195092	0
1	120195093	120207707	1
1	120207708	120218414	0
1	120218415	120230397	2
1	120230398	120285633	0
1	120285634	120355245	2
1	120355246	120355322	3
1	120355323	120506007	2
1	120506008	120524520	0
1	120524521	120581742	2
1	120581743	120730707	0
1	120730708	120950194	1
1	120950195	121312040	0
1	121312041	121318823	1
1	121318824	121366880	0
1	121366881	121401369	1
1	121401370	121441608	0
1	121441609	121545575	1
1	121545576	121554619	0
1	121554620	121734188	1
1	121734189	121804465	0
1	121804466	121809783	1
1	121809784	121819916	0
1	121819917	121893809	1
1	121893810	121903555	0
1	121903556	121960103	2
1	121960104	121963952	0
1	121963953	121970649	1
1	121970650	122009855	0
1	122009856	122017653	1
1	122017654	122017762	0
1	122017763	122084764	2
1	122084765	122087332	0
1	122087333	122169280	1
1	122169281	122237157	0
1	122237158	122239746	2
1	122239747	122371113	0
1	122371114	122401659	1
1	122401660	122498993	0
1	122498994	122505871	2
1	122505872	123200928	0
1	123200929	123229164	1
1	123229165	123327624	0
1	123327625	123403035	2
1	123403036	123406417	0
1	123406418	123425040	1
1	123425041	123450410	0
1	123450411	123464564	1
1	123464565	125228714	0
1	125228715	125942134	1
1	125942135	127289481	0
1	127289482	127332065	1
1	127332066	127457591	0
1	127457592	127492259	2
1	127492260	127573570	0
1	127573571	127764197	2
1	127764198	127770437	3
1	127770438	127809676	1
1	127809677	127810195	0
1	127810196	128727374	1
1	128727375	129101561	0
1	129101562	129380279	2
1	129380280	129383121	0
1	129383122	129574671	1
1	129574672	129625988	0
1	129625989	129664139	2
1	129664140	129670739	0
1	129670740	129704636	2
1	129704637	129711846	0
1	129711847	129736865	1
1	129736866	129765348	0
1	129765349	129840443	2
1	129840444	129850759	0
1	129850760	129999622	1
1	129999623	129999881	0
1	129999882	130134310	2
1	130134311	130140756	0
1	130140757	130175952	2
1	130175953	130181331	0
1	130181332	130224893	1
1	130224894	130228166	0
1	130228167	130256231	1
1	130256232	130260283	0
1	130260284	130313991	1
1	130313992	130484774	0
1	130484775	130488868	1
1	130488869	131169877	0
1	131169878	132115853	2
1	132115854	132285101	0
1	132285102	132319584	1
1	132319585	132335602	0
1	132335603	132359319	1
1	132359320	132473288	0
1	132473289	132526196	1
1	132526197	132531348	0
1	132531349	132558207	1
1	132558208	132585618	0
1	132585619	132613902	1
1	132613903	132618630	3
1	132618631	132625828	1
1	132625829	132628551	0
1	132628552	132641196	2
1	132641197	132697477	0
1	132697478	132711315	2
1	132711316	132723259	0
1	132723260	132748824	2
1	132748825	132762244	0
1	132762245	132777365	2
1	132777366	132778649	0
1	132778650	132784029	1
1	132784030	132803767	0
1	132803768	132807871	1
1	132807872	132829233	0
1	132829234	132836648	1
1	132836649	132916420	0
1	132916421	132921549	2
1	132921550	132950279	0
1	132950280	132994142	1
1	132994143	133025016	0
1	133025017	133034809	1
1	133034810	133049756	0
1	133049757	133072985	2
1	133072986	133076567	3
1	133076568	133084233	2
1	133084234	133141833	1
1	133141834	133150918	0
1	133150919	133176181	1
1	133176182	133181826	0
1	133181827	133423936	1
1	133423937	133424478	0
1	133424479	133436447	2
1	133436448	133495814	0
1	133495815	133508575	2
1	133508576	133534881	0
1	133534882	133572078	2
1	133572079	133585270	0
1	133585271	133610117	2
1	133610118	133640597	0
1	133640598	133668079	2
1	133668080	133693956	0
1	133693957	133718048	2
1	133718049	133724068	0
1	133724069	133745440	2
1	133745441	133763799	0
1	133763800	133769462	2
1	133769463	133807033	0
1	133807034	133832896	2
1	133832897	133867184	0
1	133867185	133879538	2
1	133879539	133904182	0
1	133904183	133919381	2
1	133919382	133922099	3
1	133922100	133923196	2
1	133923197	133929187	3
1	133929188	133964637	1
1	133964638	134010125	0
1	134010126	134036260	1
1	134036261	134088011	0
1	134088012	134125623	2
1	134125624	134126342	3
1	134126343	134153956	2
1	134153957	134195201	0
1	134195202	134203932	2
1	134203933	134212701	0
1	134212702	134230063	2
1	134230064	134252890	0
1	134252891	134287856	1
1	134287857	134314028	0
1	134314029	134363534	2
1	134363535	134373942	0
1	134373943	134402240	2
1	134402241	134402805	0
1	134402806	134405212	2
1	134405213	134406000	0
1	134406001	134439515	1
1	134439516	134461266	0
1	134461267	134638372	1
1	134638373	134776848	0
1	134776849	134836580	2
1	134836581	134886420	0
1	134886421	134921941	1
1	134921942	134942242	0
1	134942243	135005262	2
1	135005263	135027718	0
1	135027719	135036375	2
1	135036376	135142672	0
1	135142673	135200010	2
1	135200011	135206398	0
1	135206399	135226476	2
1	135226477	135247085	0
1	135247086	135256900	2
1	135256901	135260147	0
1	135260148	135276911	2
1	135276912	135278878	0
1	135278879	135320952	1
1	135320953	135500446	0
1	135500447	135506866	1
1	135506867	135516446	0
1	135516447	135557955	1
1	135557956	135575604	0
1	135575605	135586683	1
1	135586684	135598214	0
1	135598215	135598456	1
1	135598457	135599253	0
1	135599254	135697616	1
1	135697617	135793771	0
1	135793772	135804574	1
1	135804575	135806879	0
1	135806880	135817989	1
1	135817990	135933829	0
1	135933830	135944852	2
1	135944853	135971745	0
1	135971746	135975695	1
1	135975696	136005913	0
1	136005914	136006415	2
1	136006416	136007817	0
1	136007818	136048115	2
1	136048116	136078751	0
1	136078752	136086756	2
1	136086757	136090023	0
1	136090024	136095798	2
1	136095799	136097806	3
1	136097807	136132006	1
1	136132007	136186579	0
1	136186580	136189122	2
1	136189123	136193358	0
1	136193359	136229503	1
1	136229504	136242672	0
1	136242673	136258574	1
1	136258575	136282515	0
1	136282516	136287558	2
1	136287559	136302356	0
1	136302357	136308315	2
1	136308316	136311953	0
1	136311954	136329926	2
1	136329927	136352106	0
1	136352107	136373209	2
1	136373210	136373785	3
1	136373786	136387593	2
1	136387594	136391223	0
1	136391224	136406449	2
1	136406450	136437516	0
1	136437517	136446257	1
1	136446258	136456746	0
1	136456747	136529452	2
1	136529453	136605875	0
1	136605876	136649724	2
1	136649725	136651233	0
1	136651234	136852517	1
1	136852518	136859140	0
1	136859141	136870737	2
1	136870738	136882923	0
1	136882924	137001851	1
1	137001852	137007744	0
1	137007745	137008881	1
1	137008882	137029300	0
1	137029301	137041895	2
1	137041896	137043399	0
1	137043400	137052844	2
1	137052845	137056809	0
1	137056810	137064256	1
1	137064257	137150149	0
1	137150150	137155047	1
1	137155048	137159287	0
1	137159288	137180659	1
1	137180660	137198107	0
1	137198108	137210353	1
1	137210354	137221382	0
1	137221383	137264640	2
1	137264641	137267632	0
1	137267633	137271812	1
1	137271813	137278887	0
1	137278888	137327074	1
1	137327075	137331155	0
1	137331156	137481348	1
1	137481349	137481930	3
1	137481931	137496525	2
1	137496526	137503022	0
1	137503023	137584680	1
1	137584681	137616636	0
1	137616637	137648807	2
1	137648808	137662694	0
1	137662695	137665711	2
1	137665712	137679640	0
1	137679641	137707564	2
1	137707565	137715173	0
1	137715174	137729916	2
1	137729917	137737450	0
1	137737451	137748835	2
1	137748836	137767970	0
1	137767971	137815782	1
1	137815783	137850153	0
1	137850154	137902917	1
1	137902918	137904794	0
1	137904795	137931605	2
1	137931606	137949325	0
1	137949326	138016397	2
1	138016398	138027964	0
1	138027965	138074573	2
1	138074574	138078049	0
1	138078050	138103672	1
1	138103673	138110106	0
1	138110107	138130839	1
1	138130840	138155489	0
1	138155490	138157448	1
1	138157449	138164698	0
1	138164699	138242679	1
1	138242680	138311846	0
1	138311847	138336733	2
1	138336734	138364533	0
1	138364534	138428086	2
1	138428087	138521476	0
1	138521477	138526628	2
1	138526629	138740159	0
1	138740160	138857002	1
1	138857003	139824745	0
1	139824746	139826848	2
1	139826849	139959436	0
1	139959437	140071880	1
1	140071881	140170313	0
1	140170314	140186035	2
1	140186036	140381289	0
1	140381290	140516271	1
1	140516272	140721761	0
1	140721762	140745151	1
1	140745152	140748554	0
1	140748555	140753429	1
1	140753430	140860011	0
1	140860012	141072618	2
1	141072619	141093631	0
1	141093632	141273675	1
1	141273676	141318958	0
1	141318959	141349580	2
1	141349581	141351348	0
1	141351349	141390665	2
1	141390666	141398282	0
1	141398283	141420331	2
1	141420332	141443637	0
1	141443638	141456833	1
1	141456834	141471760	0
1	141471761	141524886	1
1	141524887	141594210	0
1	141594211	141677814	1
1	141677815	141701943	0
1	141701944	141915479	1
1	141915480	141982430	0
1	141982431	142079986	1
1	142079987	142142791	0
1	142142792	142508638	2
1	142508639	145445925	0
1	145445926	145487792	1
1	145487793	145497534	3
1	145497535	145550021	1
1	145550022	145586157	0
1	145586158	145596804	2
1	145596805	145597918	0
1	145597919	145624196	1
1	145624197	145624406	0
1	145624407	145654594	2
1	145654595	145846466	0
1	145846467	145851289	1
1	145851290	145985795	0
1	145985796	146024500	1
1	146024501	146091100	0
1	146091101	146096370	1
1	146096371	146366818	0
1	146366819	146388440	1
1	146388441	146599811	0
1	146599812	146622563	1
1	146622564	148267562	0
1	148267563	148268002	2
1	148268003	148342757	0
1	148342758	148749600	2
1	148749601	149127886	0
1	149127887	149129070	1
1	149129071	151676746	0
1	151676747	151808418	1
1	151808419	151947252	0
1	151947253	151955138	2
1	151955139	152166545	0
1	152166546	152181033	2
1	152181034	152208433	0
1	152208434	152239966	1
1	152239967	152240208	3
1	152240209	152296540	2
1	152296541	152296915	3
1	152296916	152296944	2
1	152296945	152297063	3
1	152297064	152313293	1
1	152313294	152410655	0
1	152410656	152840563	1
1	152840564	153191626	0
1	153191627	153211573	2
1	153211574	153214827	0
1	153214828	153275583	1
1	153275584	153275776	0
1	153275777	153305310	2
1	153305311	153316534	0
1	153316535	153347951	1
1	153347952	153418314	0
1	153418315	153569067	2
1	153569068	153602502	0
1	153602503	153669456	2
1	153669457	153731652	0
1	153731653	153937448	1
1	153937449	154217863	0
1	154217864	154233816	1
1	154233817	154246958	0
1	154246959	154357823	2
1	154357824	154363887	0
1	154363888	154597679	1
1	154597680	154604672	3
1	154604673	154613479	1
1	154613480	154613670	0
1	154613671	154622725	2
1	154622726	154655018	0
1	154655019	154684118	2
1	154684119	154684124	0
1	154684125	154749774	1
1	154749775	154802229	0
1	154802230	154966388	2
1	154966389	154969884	0
1	154969885	155033575	1
1	155033576	155066050	0
1	155066051	155179914	1
1	155179915	155251955	0
1	155251956	155255724	1
1	155255725	155272290	0
1	155272291	155299702	2
1	155299703	155302886	0
1	155302887	155334788	1
1	155334789	155350144	0
1	155350145	155396842	1
1	155396843	155500153	0
1	155500154	155544795	2
1	155544796	155587477	0
1	155587478	155592596	2
1	155592597	155596554	0
1	155596555	155611349	2
1	155611350	155626509	0
1	155626510	155691270	1
1	155691271	155696670	0
1	155696671	155721473	1
1	155721474	155723999	3
1	155724000	155738774	1
1	155738775	155740188	3
1	155740189	155747072	1
1	155747073	155747336	3
1	155747337	155752799	2
1	155752800	155756851	3
1	155756852	155764038	2
1	155764039	155764439	1
1	155764440	156051225	0
1	156051226	156052802	2
1	156052803	156239647	0
1	156239648	156573047	1
1	156573048	156943495	0
1	156943496	156946764	1
1	156946765	156975006	0
1	156975007	156993908	1
1	156993909	157005831	0
1	157005832	157050645	2
1	157050646	157059601	0
1	157059602	157079868	1
1	157079869	157122829	0
1	157122830	157264543	1
1	157264544	157405248	0
1	157405249	157534361	2
1	157534362	157545164	0
1	157545165	157589248	1
1	157589249	157625283	0
1	157625284	157660011	1
1	157660012	157692094	0
1	157692095	157820018	1
1	157820019	157851727	0
1	157851728	157882531	1
1	157882532	157883608	3
1	157883609	157915989	2
1	157915990	157923094	0
1	157923095	158135154	1
1	158135155	158240856	0
1	158240857	158258164	2
1	158258165	158295058	0
1	158295059	158296167	1
1	158296168	158296611	3
1	158296612	158330119	1
1	158330120	158358237	0
1	158358238	158404457	1
1	158404458	158488915	0
1	158488916	158579697	2
1	158579698	158583746	0
1	158583747	158604485	1
1	158604486	158608674	0
1	158608675	158649130	1
1	158649131	158734295	0
1	158734296	158768691	1
1	158768692	158791207	3
1	158791208	158869755	1
1	158869756	159029277	0
1	159029278	159038809	1
1	159038810	159065312	0
1	159065313	159342481	1
1	159342482	159342724	3
1	159342725	159350364	2
1	159350365	159388709	0
1	159388710	159419189	2
1	159419190	159436857	0
1	159436858	159498554	2
1	159498555	160175400	0
1	160175401	160286389	1
1	160286390	160292469	0
1	160292470	160621915	2
1	160621916	160641860	0
1	160641861	160887868	1
1	160887869	160888256	0
1	160888257	160910619	1
1	160910620	161098286	0
1	161098287	161098771	1
1	161098772	161162455	0
1	161162456	161277709	2
1	161277710	161544878	0
1	161544879	161615004	2
1	161615005	161667639	0
1	161667640	161855051	2
1	161855052	161974513	0
1	161974514	162004864	2
1	162004865	162008047	3
1	162008048	162008557	2
1	162008558	162015163	0
1	162015164	162083709	1
1	162083710	162125344	0
1	162125345	162132299	2
1	162132300	162133054	0
1	162133055	162142906	1
1	162142907	162149303	0
1	162149304	162723067	1
1	162723068	162823249	0
1	162823250	162823713	2
1	162823714	162836547	0
1	162836548	162905107	2
1	162905108	162908735	0
1	162908736	162933139	2
1	162933140	162938923	0
1	162938924	162964978	1
1	162964979	162970730	0
1	162970731	163000787	1
1	163000788	163000896	0
1	163000897	163016853	2
1	163016854	163018504	0
1	163018505	163061640	1
1	163061641	163072820	0
1	163072821	163099235	2
1	163099236	163170241	0
1	163170242	163181348	1
1	163181349	163325579	0
1	163325580	163348335	2
1	163348336	163424784	0
1	163424785	163435419	2
1	163435420	163710818	0
1	163710819	163718624	1
1	163718625	163746241	0
1	163746242	163806790	1
1	163806791	163872215	0
1	163872216	163899315	1
1	163899316	163903564	3
1	163903565	163909765	1
1	163909766	163912582	2
1	163912583	163957235	3
1	163957236	164407809	1
1	164407810	164408163	3
1	164408164	164410072	2
1	164410073	164462256	0
1	164462257	164478680	1
1	164478681	164500644	0
1	164500645	164529213	2
1	164529214	164558486	0
1	164558487	164559112	1
1	164559113	164569279	0
1	164569280	164577332	2
1	164577333	164579822	3
1	164579823	164588302	1
1	164588303	164603531	0
1	164603532	164670679	1
1	164670680	164724012	0
1	164724013	164744101	1
1	164744102	164759690	0
1	164759691	164796677	1
1	164796678	164804446	0
1	164804447	164828855	1
1	164828856	164883931	0
1	164883932	164914657	1
1	164914658	164954431	0
1	164954432	165015799	1
1	165015800	165175245	0
1	165175246	165243839	1
1	165243840	165315038	0
1	165315039	165333770	1
1	165333771	165632386	0
1	165632387	165655361	1
1	165655362	165709712	0
1	165709713	165847238	2
1	165847239	165859229	0
1	165859230	165876122	2
1	165876123	165884831	3
1	165884832	165885255	2
1	165885256	165924925	1
1	165924926	165925018	0
1	165925019	165927372	2
1	165927373	165978363	0
1	165978364	165987806	2
1	165987807	165992205	0
1	165992206	166010914	2
1	166010915	166045393	0
1	166045394	166080155	2
1	166080156	166081967	0
1	166081968	166150406	2
1	166150407	166179175	0
1	166179176	166195514	2
1	166195515	166205714	0
1	166205715	166217976	2
1	166217977	166219929	0
1	166219930	166237618	1
1	166237619	166243008	0
1	166243009	166334803	2
1	166334804	166367396	0
1	166367397	166388484	1
1	166388485	166726861	0
1	166726862	166754395	2
1	166754396	166861773	0
1	166861774	166865656	1
1	166865657	167067984	0
1	167067985	167090902	1
1	167090903	167104470	0
1	167104471	167124562	1
1	167124563	167145051	0
1	167145052	167167072	1
1	167167073	167232754	0
1	167232755	167253059	2
1	167253060	167259640	0
1	167259641	167390594	1
1	167390595	167391166	0
1	167391167	167411343	2
1	167411344	167415312	0
1	167415313	167506903	2
1	167506904	167522310	0
1	167522311	167564670	1
1	167564671	167579074	0
1	167579075	167638223	1
1	167638224	167693875	0
1	167693876	167705437	2
1	167705438	167718810	0
1	167718811	167795283	2
1	167795284	167801282	3
1	167801283	167805586	2
1	167805587	167807405	3
1	167807406	167932807	1
1	167932808	168028282	0
1	168028283	168058027	1
1	168058028	168060367	0
1	168060368	168096639	2
1	168096640	168131514	0
1	168131515	168168873	1
1	168168874	168184268	0
1	168184269	168236870	2
1	168236871	168239714	3
1	168239715	168246952	2
1	168246953	168309226	0
1	168309227	168314751	2
1	168314752	168323750	3
1	168323751	168339992	1
1	168339993	168413742	0
1	168413743	168427717	1
1	168427718	168559100	0
1	168559101	168577822	1
1	168577823	168592184	0
1	168592185	168611974	1
1	168611975	168931546	0
1	168931547	169021431	2
1	169021432	169153956	0
1	169153957	169154048	1
1	169154049	169156219	0
1	169156220	169215256	1
1	169215257	169238799	0
1	169238800	169264107	2
1	169264108	169280120	0
1	169280121	169298659	2
1	169298660	169302095	0
1	169302096	169323970	1
1	169323971	169375804	0
1	169375805	169396909	1
1	169396910	169528513	0
1	169528514	169569752	2
1	169569753	169619368	0
1	169619369	169778870	2
1	169778871	170050128	0
1	170050129	170362399	1
1	170362400	171428063	0
1	171428064	171461593	1
1	171461594	171585630	0
1	171585631	171625942	2
1	171625943	171671606	0
1	171671607	171677771	1
1	171677772	171858777	0
1	171858778	171864782	2
1	171864783	171879664	0
1	171879665	171899370	1
1	171899371	171902437	0
1	171902438	172040630	1
1	172040631	172072067	0
1	172072068	172105086	1
1	172105087	172123549	0
1	172123550	172144989	1
1	172144990	172145526	3
1	172145527	172145685	2
1	172145686	172162878	0
1	172162879	172183737	2
1	172183738	172207505	0
1	172207506	172216898	2
1	172216899	172231275	0
1	172231276	172238932	1
1	172238933	172242254	3
1	172242255	172519990	1
1	172519991	172574661	0
1	172574662	172612918	2
1	172612919	172634586	0
1	172634587	172797900	1
1	172797901	172803627	0
1	172803628	172815669	1
1	172815670	172837402	0
1	172837403	172843070	1
1	172843071	172847705	0
1	172847706	172857712	1
1	172857713	172890687	0
1	172890688	172906676	1
1	172906677	172949049	0
1	172949050	172959890	2
1	172959891	172981298	0
1	172981299	172995064	1
1	172995065	173044047	0
1	173044048	173057096	2
1	173057097	173057294	0
1	173057295	173080732	1
1	173080733	173080840	0
1	173080841	173091259	2
1	173091260	173103391	0
1	173103392	173126397	1
1	173126398	173144099	0
1	173144100	173147931	2
1	173147932	173148974	3
1	173148975	173150830	2
1	173150831	173152643	1
1	173152644	173155183	0
1	173155184	173156508	2
1	173156509	173159701	0
1	173159702	173164494	1
1	173164495	173164982	0
1	173164983	173177251	1
1	173177252	173180550	0
1	173180551	173190766	2
1	173190767	173200457	0
1	173200458	173206119	2
1	173206120	173207024	3
1	173207025	173207025	2
1	173207026	173211315	1
1	173211316	173212074	0
1	173212075	173218120	1
1	173218121	173218692	0
1	173218693	173225153	1
1	173225154	173235213	0
1	173235214	173235623	1
1	173235624	173259274	0
1	173259275	173268137	2
1	173268138	173272460	3
1	173272461	173275775	1
1	173275776	173275799	0
1	173275800	173288575	2
1	173288576	173289383	3
1	173289384	173290927	1
1	173290928	173300228	0
1	173300229	173318727	2
1	173318728	173319083	0
1	173319084	173340427	2
1	173340428	173341442	0
1	173341443	173350481	2
1	173350482	173367664	0
1	173367665	173394732	2
1	173394733	173432925	0
1	173432926	173433607	1
1	173433608	173434240	3
1	173434241	173434879	2
1	173434880	173445362	0
1	173445363	173447051	2
1	173447052	173448251	0
1	173448252	173465423	1
1	173465424	173489322	0
1	173489323	173515447	2
1	173515448	173518753	0
1	173518754	173537539	1
1	173537540	173562532	0
1	173562533	173579147	1
1	173579148	173612138	0
1	173612139	173635387	2
1	173635388	173697256	0
1	173697257	173731313	2
1	173731314	173769826	0
1	173769827	173820847	2
1	173820848	173825793	0
1	173825794	173828366	2
1	173828367	173847644	0
1	173847645	173879081	2
1	173879082	173931089	0
1	173931090	173958573	1
1	173958574	173982421	0
1	173982422	173987702	1
1	173987703	173996142	0
1	173996143	174012658	1
1	174012659	174012924	3
1	174012925	174052459	2
1	174052460	174056884	0
1	174056885	174066622	2
1	174066623	174078144	0
1	174078145	174126522	2
1	174126523	174126857	0
1	174126858	174136933	1
1	174136934	174140023	0
1	174140024	174150024	1
1	174150025	174153642	0
1	174153643	174188543	1
1	174188544	174191770	0
1	174191771	174201838	2
1	174201839	174222854	3
1	174222855	174249970	2
1	174249971	174251162	0
1	174251163	174259392	1
1	174259393	174271339	0
1	174271340	174304214	2
1	174304215	174306660	0
1	174306661	174314228	2
1	174314229	174405487	0
1	174405488	174408704	2
1	174408705	174411917	0
1	174411918	174429007	2
1	174429008	174430176	0
1	174430177	174437509	2
1	174437510	174451173	0
1	174451174	174475999	2
1	174476000	174486067	0
1	174486068	174493846	2
1	174493847	174511506	0
1	174511507	174520697	1
1	174520698	174526769	0
1	174526770	174532680	1
1	174532681	174560898	0
1	174560899	174563103	1
1	174563104	174628185	0
1	174628186	174630095	2
1	174630096	174824091	0
1	174824092	174825183	1
1	174825184	174886897	0
1	174886898	174887946	2
1	174887947	175060329	0
1	175060330	175061365	1
1	175061366	175113571	0
1	175113572	175114633	1
1	175114634	175133487	0
1	175133488	175134428	2
1	175134429	175145736	0
1	175145737	175146769	2
1	175146770	175151400	0
1	175151401	175157358	1
1	175157359	175200276	0
1	175200277	175201266	2
1	175201267	175204590	0
1	175204591	175207851	1
1	175207852	175262015	0
1	175262016	175263632	1
1	175263633	175264383	0
1	175264384	175281008	1
1	175281009	175297824	3
1	175297825	175396169	2
1	175396170	175398638	0
1	175398639	175404181	1
1	175404182	175410500	0
1	175410501	175421170	1
1	175421171	175449846	0
1	175449847	175466086	1
1	175466087	175497202	0
1	175497203	175529403	1
1	175529404	175560988	0
1	175560989	175578057	2
1	175578058	175604040	0
1	175604041	175628521	2
1	175628522	175653812	0
1	175653813	175671876	1
1	175671877	175677422	0
1	175677423	175697048	1
1	175697049	175787350	0
1	175787351	175872801	1
1	175872802	175892698	0
1	175892699	175912973	1
1	175912974	175942127	0
1	175942128	175961884	1
1	175961885	175972062	0
1	175972063	175973065	2
1	175973066	175980504	0
1	175980505	175981442	2
1	175981443	175999429	0
1	175999430	176000382	2
1	176000383	176019167	0
1	176019168	176020109	2
1	176020110	176029589	0
1	176029590	176030536	2
1	176030537	176047220	0
1	176047221	176048143	1
1	176048144	176066875	0
1	176066876	176067822	2
1	176067823	176081610	0
1	176081611	176082659	2
1	176082660	176088851	0
1	176088852	176089896	2
1	176089897	176102905	0
1	176102906	176178579	2
1	176178580	176180018	0
1	176180019	176181105	1
1	176181106	176260647	0
1	176260648	176263002	2
1	176263003	176299048	0
1	176299049	176299977	2
1	176299978	176321175	0
1	176321176	176322184	2
1	176322185	176360559	0
1	176360560	176361513	2
1	176361514	176378754	0
1	176378755	176379731	2
1	176379732	176431954	0
1	176431955	176752846	2
1	176752847	176763914	0
1	176763915	176851948	1
1	176851949	176989865	0
1	176989866	177421259	1
1	177421260	177530503	0
1	177530504	177550510	1
1	177550511	177555764	3
1	177555765	177592245	2
1	177592246	177592550	0
1	177592551	177622905	1
1	177622906	177628722	0
1	177628723	177745863	2
1	177745864	177810907	0
1	177810908	177841525	2
1	177841526	177892435	0
1	177892436	178205441	1
1	178205442	178663782	0
1	178663783	178744196	1
1	178744197	178744789	0
1	178744790	178950202	2
1	178950203	178950566	3
1	178950567	179188332	1
1	179188333	179374790	0
1	179374791	179380889	2
1	179380890	179659943	0
1	179659944	179683453	2
1	179683454	179693091	0
1	179693092	179726640	1
1	179726641	179921564	0
1	179921565	180102833	2
1	180102834	180117546	0
1	180117547	180182727	2
1	180182728	180186232	0
1	180186233	180187424	2
1	180187425	180249259	0
1	180249260	180252822	2
1	180252823	180253203	0
1	180253204	180267926	1
1	180267927	180279675	0
1	180279676	180279829	2
1	180279830	180336010	0
1	180336011	180413376	2
1	180413377	180459254	0
1	180459255	180862984	2
1	180862985	180882089	0
1	180882090	181448170	1
1	181448171	181450386	0
1	181450387	181451037	1
1	181451038	181458184	0
1	181458185	181476396	1
1	181476397	181476499	0
1	181476500	181557607	2
1	181557608	181598339	0
1	181598340	181617318	2
1	181617319	181625426	0
1	181625427	181733505	1
1	181733506	181733809	3
1	181733810	181734805	2
1	181734806	181890601	0
1	181890602	182095367	2
1	182095368	182095732	3
1	182095733	182129731	1
1	182129732	182157133	0
1	182157134	182193567	1
1	182193568	182257100	0
1	182257101	182260605	1
1	182260606	182260679	3
1	182260680	182354931	2
1	182354932	182362516	0
1	182362517	182413596	1
1	182413597	182499084	0
1	182499085	182531382	2
1	182531383	182571496	0
1	182571497	182620814	2
1	182620815	182623172	0
1	182623173	182627163	1
1	182627164	182656172	0
1	182656173	182684332	2
1	182684333	182730961	0
1	182730962	182744072	1
1	182744073	182781280	0
1	182781281	182798226	2
1	182798227	182823237	0
1	182823238	182829232	2
1	182829233	182834403	0
1	182834404	182838216	2
1	182838217	182865151	0
1	182865152	182868529	2
1	182868530	182872473	0
1	182872474	182905241	2
1	182905242	182906284	0
1	182906285	182951033	1
1	182951034	182981366	0
1	182981367	182990796	2
1	182990797	183023552	0
1	183023553	183074286	1
1	183074287	183081060	0
1	183081061	183099123	2
1	183099124	183103357	0
1	183103358	183142107	1
1	183142108	183156205	0
1	183156206	183158619	2
1	183158620	183282757	0
1	183282758	183390770	2
1	183390771	183439762	0
1	183439763	183441580	1
1	183441581	183669117	0
1	183669118	183699803	2
1	183699804	183745445	0
1	183745446	183772530	1
1	183772531	183781737	0
1	183781738	183783318	1
1	183783319	183834574	0
1	183834575	183950109	1
1	183950110	184054866	0
1	184054867	184062536	2
1	184062537	184087273	0
1	184087274	184088448	1
1	184088449	184205901	0
1	184205902	184212933	1
1	184212934	184243231	0
1	184243232	184271735	1
1	184271736	184338748	0
1	184338749	184339149	1
1	184339150	184339301	0
1	184339302	184392561	2
1	184392562	184397389	0
1	184397390	184414396	1
1	184414397	184414956	3
1	184414957	184447653	1
1	184447654	184495136	0
1	184495137	184562481	2
1	184562482	184677386	0
1	184677387	184679251	1
1	184679252	184693989	0
1	184693990	184826727	2
1	184826728	184884917	0
1	184884918	184906173	2
1	184906174	185505655	0
1	185505656	185506071	1
1	185506072	185837179	0
1	185837180	185856909	2
1	185856910	185857451	3
1	185857452	185899513	2
1	185899514	186551017	0
1	186551018	186556496	1
1	186556497	186610653	0
1	186610654	186635190	1
1	186635191	186636945	0
1	186636946	186670328	1
1	186670329	186695803	0
1	186695804	186707095	1
1	186707096	186720320	0
1	186720321	186823426	1
1	186823427	187028045	0
1	187028046	187108603	2
1	187108604	187110620	3
1	187110621	187153273	1
1	187153274	187156026	0
1	187156027	187181654	2
1	187181655	187186972	0
1	187186973	187252232	2
1	187252233	187278725	0
1	187278726	187292639	2
1	187292640	187911608	0
1	187911609	187941187	1
1	187941188	188447063	0
1	188447064	188529869	1
1	188529870	188544855	0
1	188544856	188573235	1
1	188573236	188791293	0
1	188791294	188794504	2
1	188794505	188868525	0
1	188868526	189039342	1
1	189039343	189039385	0
1	189039386	189175581	2
1	189175582	189432668	0
1	189432669	190038762	2
1	190038763	190085900	0
1	190085901	190788918	2
1	190788919	190794975	0
1	190794976	190831717	1
1	190831718	191031814	0
1	191031815	191167709	1
1	191167710	191464476	0
1	191464477	191511963	1
1	191511964	191552145	0
1	191552146	191700572	2
1	191700573	191704369	0
1	191704370	191746240	1
1	191746241	191941915	0
1	191941916	191994557	1
1	191994558	192524079	0
1	192524080	192735647	1
1	192735648	192748989	0
1	192748990	192770839	2
1	192770840	192771525	0
1	192771526	192803173	1
1	192803174	192829709	0
1	192829710	192850067	1
1	192850068	192860699	0
1	192860700	192866819	2
1	192866820	192869703	0
1	192869704	192886809	1
1	192886810	192886889	0
1	192886890	192908435	2
1	192908436	192922291	0
1	192922292	192932820	2
1	192932821	192986461	0
1	192986462	192988694	1
1	192988695	192994173	0
1	192994174	193007217	1
1	193007218	193130666	0
1	193130667	193142071	1
1	193142072	193149789	0
1	193149790	193174791	2
1	193174792	193175858	0
1	193175859	193220918	1
1	193220919	193361242	0
1	193361243	193399411	1
1	193399412	193399640	0
1	193399641	193446549	2
1	193446550	193541711	0
1	193541712	193608132	2
1	193608133	193645321	0
1	193645322	193656927	2
1	193656928	193714110	0
1	193714111	193730644	1
1	193730645	193731352	3
1	193731353	193731404	1
1	193731405	193737124	2
1	193737125	193801268	0
1	193801269	193810271	2
1	193810272	193821309	0
1	193821310	193916438	1
1	193916439	193922650	0
1	193922651	193961890	1
1	193961891	194014664	0
1	194014665	194334039	2
1	194334040	194336708	0
1	194336709	194597411	1
1	194597412	194659361	0
1	194659362	194660911	1
1	194660912	194670623	0
1	194670624	194681944	1
1	194681945	194723402	0
1	194723403	194861909	1
1	194861910	194930595	0
1	194930596	194956443	1
1	194956444	194979304	0
1	194979305	195001698	2
1	195001699	195002490	3
1	195002491	195002495	2
1	195002496	195027895	1
1	195027896	195047822	0
1	195047823	195090246	1
1	195090247	195098353	0
1	195098354	195099380	1
1	195099381	195128149	0
1	195128150	195170070	2
1	195170071	195172538	0
1	195172539	195196489	1
1	195196490	196446021	0
1	196446022	196643061	2
1	196643062	196765013	0
1	196765014	196787484	2
1	196787485	196867477	0
1	196867478	196918440	1
1	196918441	196929981	0
1	196929982	196957762	1
1	196957763	196963003	0
1	196963004	197002907	1
