<CHROM>	<START>	<END>	<TSB>
2	0	3031494	0
2	3031495	3145076	2
2	3145077	3201482	0
2	3201483	3246147	2
2	3246148	3246219	0
2	3246220	3249913	1
2	3249914	3253438	0
2	3253439	3258263	2
2	3258264	3259252	0
2	3259253	3283861	1
2	3283862	3326313	0
2	3326314	3339918	1
2	3339919	3341401	0
2	3341402	3373085	2
2	3373086	3378381	3
2	3378382	3381400	2
2	3381401	3392301	1
2	3392302	3406120	0
2	3406121	3430084	1
2	3430085	3430300	0
2	3430301	3443646	2
2	3443647	3531028	0
2	3531029	3699412	2
2	3699413	3938761	0
2	3938762	4535087	2
2	4535088	4543102	0
2	4543103	4573157	1
2	4573158	4638875	0
2	4638876	4723186	2
2	4723187	4802608	0
2	4802609	4831601	2
2	4831602	4840063	0
2	4840064	4859774	2
2	4859775	4897166	0
2	4897167	4906792	2
2	4906793	4910758	0
2	4910759	4933835	1
2	4933836	4941686	0
2	4941687	4985095	1
2	4985096	5058820	0
2	5058821	5151922	2
2	5151923	5214501	0
2	5214502	5635559	1
2	5635560	5715338	0
2	5715339	5766063	1
2	5766064	5766208	3
2	5766209	5783124	2
2	5783125	5783978	3
2	5783979	5792031	2
2	5792032	5792939	3
2	5792940	5816476	1
2	5816477	5817159	0
2	5817160	5863836	1
2	5863837	5872513	0
2	5872514	5977747	2
2	5977748	6021069	0
2	6021070	6051255	1
2	6051256	6109509	0
2	6109510	6134077	1
2	6134078	6243711	0
2	6243712	6367434	2
2	6367435	6460749	0
2	6460750	7002346	1
2	7002347	9778703	0
2	9778704	9802877	1
2	9802878	9805546	3
2	9805547	9811659	1
2	9811660	9836177	0
2	9836178	9970221	1
2	9970222	9977641	0
2	9977642	10002135	1
2	10002136	10002249	0
2	10002250	10014431	2
2	10014432	10016216	0
2	10016217	10053021	1
2	10053022	10075196	0
2	10075197	10178154	2
2	10178155	10292135	0
2	10292136	10516878	2
2	10516879	10636792	0
2	10636793	10639294	2
2	10639295	11093738	0
2	11093739	11222851	2
2	11222852	11393055	0
2	11393056	11423726	1
2	11423727	11507064	0
2	11507065	11525778	1
2	11525779	11546912	0
2	11546913	11546965	1
2	11546966	11547231	0
2	11547232	11547889	1
2	11547890	11564417	0
2	11564418	11614816	2
2	11614817	11626912	0
2	11626913	11655611	2
2	11655612	11664198	0
2	11664199	11699207	1
2	11699208	11699501	0
2	11699502	11711950	2
2	11711951	12028257	0
2	12028258	12223545	1
2	12223546	12268888	0
2	12268889	12341094	1
2	12341095	12845666	0
2	12845667	12925078	2
2	12925079	12925082	0
2	12925083	12933372	1
2	12933373	12998592	0
2	12998593	13193056	1
2	13193057	13197963	0
2	13197964	13413549	1
2	13413550	13430639	0
2	13430640	13466289	1
2	13466290	13479473	0
2	13479474	13481949	2
2	13481950	13495552	0
2	13495553	13504451	2
2	13504452	13572645	0
2	13572646	13715433	1
2	13715434	13897188	0
2	13897189	13977760	1
2	13977761	13995725	0
2	13995726	14069963	2
2	14069964	14096149	0
2	14096150	14143596	2
2	14143597	14151039	0
2	14151040	14253682	2
2	14253683	14309941	0
2	14309942	14416600	2
2	14416601	14525931	0
2	14525932	14909533	2
2	14909534	14916756	0
2	14916757	14971020	1
2	14971021	14976497	3
2	14976498	14976509	1
2	14976510	15004081	2
2	15004082	15963751	0
2	15963752	16072431	2
2	16072432	16277929	0
2	16277930	16677464	2
2	16677465	17265534	0
2	17265535	17653089	1
2	17653090	17918047	0
2	17918048	17918571	1
2	17918572	17946818	0
2	17946819	17959362	1
2	17959363	17962301	0
2	17962302	17970676	1
2	17970677	17976896	0
2	17976897	18117279	2
2	18117280	18134015	3
2	18134016	18314455	1
2	18314456	18594009	0
2	18594010	18597856	2
2	18597857	18598643	0
2	18598644	18608254	2
2	18608255	18615657	0
2	18615658	18672038	2
2	18672039	18763880	0
2	18763881	18919751	1
2	18919752	18919968	0
2	18919969	18921426	2
2	18921427	19120743	0
2	19120744	19231866	2
2	19231867	19293065	0
2	19293066	19316601	2
2	19316602	19367288	0
2	19367289	19369126	2
2	19369127	19384462	0
2	19384463	19475539	1
2	19475540	19579687	0
2	19579688	19582215	2
2	19582216	19831405	0
2	19831406	20732338	2
2	20732339	20769544	0
2	20769545	20890506	1
2	20890507	21102356	0
2	21102357	21126990	1
2	21126991	21127349	0
2	21127350	21136634	2
2	21136635	21289167	0
2	21289168	21752172	2
2	21752173	22149128	0
2	22149129	22473770	2
2	22473771	22477723	0
2	22477724	22549392	2
2	22549393	22629612	0
2	22629613	22731171	2
2	22731172	22751040	0
2	22751041	22795591	2
2	22795592	22795784	3
2	22795785	22895759	1
2	22895760	22923686	0
2	22923687	22970028	2
2	22970029	22971124	0
2	22971125	23011542	1
2	23011543	23011887	0
2	23011888	23054778	2
2	23054779	23062994	0
2	23062995	23122647	2
2	23122648	23176764	0
2	23176765	23257491	2
2	23257492	23361738	0
2	23361739	23427624	1
2	23427625	23858428	0
2	23858429	23904912	1
2	23904913	23927239	0
2	23927240	23952113	1
2	23952114	24008679	0
2	24008680	24016037	2
2	24016038	24041994	0
2	24041995	24049086	2
2	24049087	24070936	0
2	24070937	24081220	2
2	24081221	24132472	0
2	24132473	24138944	2
2	24138945	24146714	0
2	24146715	24149338	2
2	24149339	24192371	0
2	24192372	24207012	2
2	24207013	24223098	0
2	24223099	24264700	2
2	24264701	24276069	0
2	24276070	24331117	1
2	24331118	24459405	0
2	24459406	24618670	1
2	24618671	24646287	0
2	24646288	24775127	1
2	24775128	24780870	0
2	24780871	24790770	1
2	24790771	24805310	0
2	24805311	24817593	2
2	24817594	24817918	0
2	24817919	24827681	2
2	24827682	24829635	0
2	24829636	24830616	1
2	24830617	24831551	0
2	24831552	24909575	2
2	24909576	24909873	0
2	24909874	24918399	2
2	24918400	24935822	0
2	24935823	24941185	2
2	24941186	24941234	3
2	24941235	24941237	2
2	24941238	24950667	1
2	24950668	25036276	0
2	25036277	25038848	2
2	25038849	25048484	0
2	25048485	25052404	1
2	25052405	25055230	0
2	25055231	25067007	1
2	25067008	25067725	0
2	25067726	25070155	1
2	25070156	25074263	0
2	25074264	25077678	2
2	25077679	25077798	3
2	25077799	25080220	1
2	25080221	25084416	0
2	25084417	25089882	1
2	25089883	25089994	0
2	25089995	25092305	1
2	25092306	25094345	0
2	25094346	25097773	1
2	25097774	25097970	3
2	25097971	25099780	2
2	25099781	25100338	0
2	25100339	25110957	1
2	25110958	25111540	3
2	25111541	25111870	2
2	25111871	25118116	0
2	25118117	25125404	2
2	25125405	25126557	0
2	25126558	25127956	1
2	25127957	25127996	0
2	25127997	25141433	2
2	25141434	25143663	0
2	25143664	25144707	2
2	25144708	25145433	0
2	25145434	25146698	2
2	25146699	25146699	0
2	25146700	25174705	1
2	25174706	25187856	0
2	25187857	25207730	2
2	25207731	25207794	0
2	25207795	25211877	1
2	25211878	25215407	0
2	25215408	25221200	1
2	25221201	25227839	0
2	25227840	25233731	2
2	25233732	25251392	0
2	25251393	25265012	2
2	25265013	25278785	0
2	25278786	25281892	2
2	25281893	25284221	0
2	25284222	25304058	2
2	25304059	25310659	0
2	25310660	25312356	1
2	25312357	25314194	3
2	25314195	25316612	1
2	25316613	25322227	0
2	25322228	25325564	1
2	25325565	25346363	0
2	25346364	25349429	1
2	25349430	25354169	0
2	25354170	25356268	1
2	25356269	25357237	3
2	25357238	25360989	2
2	25360990	25373500	0
2	25373501	25402458	1
2	25402459	25413365	0
2	25413366	25417600	2
2	25417601	25418633	0
2	25418634	25430742	1
2	25430743	25430934	0
2	25430935	25435617	1
2	25435618	25438536	0
2	25438537	25464039	1
2	25464040	25464153	0
2	25464154	25473196	1
2	25473197	25475585	0
2	25475586	25477523	1
2	25477524	25480184	0
2	25480185	25483548	1
2	25483549	25508638	0
2	25508639	25511735	2
2	25511736	25513470	0
2	25513471	25517495	2
2	25517496	25532304	0
2	25532305	25537126	2
2	25537127	25538244	0
2	25538245	25541599	2
2	25541600	25555561	0
2	25555562	25558844	2
2	25558845	25562397	0
2	25562398	25563235	2
2	25563236	25592527	0
2	25592528	25595615	2
2	25595616	25621087	0
2	25621088	25623617	2
2	25623618	25632535	0
2	25632536	25635797	2
2	25635798	25649377	0
2	25649378	25671366	1
2	25671367	25678671	0
2	25678672	25681055	2
2	25681056	25698513	0
2	25698514	25702766	1
2	25702767	25719313	0
2	25719314	25773791	2
2	25773792	25782356	0
2	25782357	25838800	1
2	25838801	25854061	0
2	25854062	25877265	1
2	25877266	25911053	0
2	25911054	25978738	1
2	25978739	26055730	0
2	26055731	26063807	1
2	26063808	26064155	0
2	26064156	26093043	1
2	26093044	26101851	0
2	26101852	26102225	1
2	26102226	26107275	0
2	26107276	26113072	1
2	26113073	26127164	0
2	26127165	26150075	1
2	26150076	26171033	0
2	26171034	26203639	2
2	26203640	26203755	3
2	26203756	26207628	1
2	26207629	26207694	0
2	26207695	26216436	1
2	26216437	26218283	0
2	26218284	26236171	1
2	26236172	26238318	0
2	26238319	26244834	1
2	26244835	26244857	0
2	26244858	26251767	2
2	26251768	26252640	3
2	26252641	26264721	1
2	26264722	26264949	0
2	26264950	26300734	1
2	26300735	26313421	0
2	26313422	26372181	1
2	26372182	26435532	0
2	26435533	26448575	2
2	26448576	26448638	3
2	26448639	26450021	2
2	26450022	26459935	3
2	26459936	26492015	2
2	26492016	26523192	0
2	26523193	26526800	1
2	26526801	26698021	0
2	26698022	26720497	1
2	26720498	26744146	0
2	26744147	26758397	1
2	26758398	26760780	0
2	26760781	26766195	1
2	26766196	26766282	0
2	26766283	26768836	2
2	26768837	26768901	0
2	26768902	26771885	1
2	26771886	26771986	3
2	26771987	26772048	1
2	26772049	26775558	2
2	26775559	26775701	3
2	26775702	26789446	1
2	26789447	26789565	0
2	26789566	26809014	2
2	26809015	26809081	0
2	26809082	26819904	1
2	26819905	26828934	0
2	26828935	26865146	2
2	26865147	26865444	0
2	26865445	26876607	2
2	26876608	26876881	0
2	26876882	26883516	1
2	26883517	26917154	0
2	26917155	26927697	1
2	26927698	26934897	0
2	26934898	26964499	2
2	26964500	26965898	0
2	26965899	26998009	1
2	26998010	27020751	0
2	27020752	27038718	2
2	27038719	27043911	0
2	27043912	27103855	1
2	27103856	27117622	0
2	27117623	27282551	1
2	27282552	27301097	0
2	27301098	27363180	1
2	27363181	27370675	0
2	27370676	27392053	2
2	27392054	27531958	0
2	27531959	27618475	2
2	27618476	27741943	0
2	27741944	27895032	2
2	27895033	27931896	0
2	27931897	27940403	1
2	27940404	28048510	0
2	28048511	28086254	2
2	28086255	28302318	0
2	28302319	28311026	2
2	28311027	28317519	0
2	28317520	28321850	1
2	28321851	28323584	0
2	28323585	28326696	2
2	28326697	28352409	0
2	28352410	28360933	2
2	28360934	28361613	0
2	28361614	28361993	2
2	28361994	28368643	0
2	28368644	28408599	2
2	28408600	28411313	0
2	28411314	28418921	1
2	28418922	28421829	0
2	28421830	28439269	1
2	28439270	28464968	0
2	28464969	28477500	1
2	28477501	28496746	0
2	28496747	28546685	2
2	28546686	28547598	0
2	28547599	28555245	1
2	28555246	28555682	0
2	28555683	28668683	2
2	28668684	28677817	0
2	28677818	28695878	1
2	28695879	28695924	0
2	28695925	28761089	2
2	28761090	28763197	0
2	28763198	28772186	1
2	28772187	28810891	0
2	28810892	28910582	1
2	28910583	28915780	0
2	28915781	28943174	2
2	28943175	28979699	0
2	28979700	29037989	2
2	29037990	29050059	0
2	29050060	29108523	1
2	29108524	29202337	0
2	29202338	29380311	2
2	29380312	29475238	0
2	29475239	29596496	2
2	29596497	29600949	0
2	29600950	29603561	1
2	29603562	29614830	0
2	29614831	29616742	2
2	29616743	29618957	3
2	29618958	29643011	1
2	29643012	29643166	3
2	29643167	29643738	1
2	29643739	29644020	3
2	29644021	29653453	2
2	29653454	29658152	0
2	29658153	29673040	2
2	29673041	29675593	0
2	29675594	29700520	2
2	29700521	29724244	0
2	29724245	29724682	1
2	29724683	29725303	3
2	29725304	29738358	2
2	29738359	29744739	0
2	29744740	29787264	2
2	29787265	29790944	0
2	29790945	29815889	2
2	29815890	29821078	0
2	29821079	29886969	2
2	29886970	29887064	0
2	29887065	29904399	1
2	29904400	29912896	0
2	29912897	29928095	2
2	29928096	29933202	0
2	29933203	29946462	2
2	29946463	29946531	3
2	29946532	29946540	2
2	29946541	29949166	1
2	29949167	29952801	0
2	29952802	29980103	1
2	29980104	29989264	0
2	29989265	30007531	2
2	30007532	30027011	0
2	30027012	30028965	2
2	30028966	30029587	3
2	30029588	30033977	1
2	30033978	30040642	0
2	30040643	30061365	1
2	30061366	30093233	0
2	30093234	30139747	2
2	30139748	30141872	3
2	30141873	30199784	2
2	30199785	30200327	0
2	30200328	30214855	1
2	30214856	30219751	0
2	30219752	30241039	2
2	30241040	30247772	0
2	30247773	30255989	2
2	30255990	30256047	3
2	30256048	30271331	1
2	30271332	30271557	0
2	30271558	30303324	2
2	30303325	30328166	0
2	30328167	30329717	1
2	30329718	30450558	0
2	30450559	30464461	2
2	30464462	30650287	0
2	30650288	30659179	1
2	30659180	30663344	0
2	30663345	30678551	2
2	30678552	30678615	0
2	30678616	30685851	1
2	30685852	30690490	0
2	30690491	30736759	2
2	30736760	30744989	0
2	30744990	30785381	1
2	30785382	30808477	0
2	30808478	30814533	2
2	30814534	30816145	0
2	30816146	30823451	1
2	30823452	30828351	0
2	30828352	30837719	1
2	30837720	30837797	0
2	30837798	30879104	2
2	30879105	30881724	0
2	30881725	30997526	1
2	30997527	31007834	0
2	31007835	31075066	2
2	31075067	31101341	0
2	31101342	31151507	2
2	31151508	31169933	0
2	31169934	31316256	2
2	31316257	31325725	0
2	31325726	31376190	2
2	31376191	31428169	0
2	31428170	31473044	2
2	31473045	31495555	0
2	31495556	31511313	2
2	31511314	31526233	0
2	31526234	31536868	2
2	31536869	31543894	0
2	31543895	31659745	2
2	31659746	31661684	0
2	31661685	31666098	1
2	31666099	31668808	0
2	31668809	31701523	1
2	31701524	31742809	0
2	31742810	31802057	2
2	31802058	31805778	0
2	31805779	31828960	2
2	31828961	31829954	0
2	31829955	31905573	2
2	31905574	31907889	3
2	31907890	31909493	2
2	31909494	31940375	1
2	31940376	31951046	0
2	31951047	31966338	2
2	31966339	32006600	0
2	32006601	32090055	2
2	32090056	32092108	0
2	32092109	32110520	2
2	32110521	32110523	3
2	32110524	32115677	1
2	32115678	32134334	0
2	32134335	32142902	1
2	32142903	32143453	3
2	32143454	32143593	1
2	32143594	32163439	2
2	32163440	32163989	0
2	32163990	32207845	1
2	32207846	32208765	3
2	32208766	32208847	1
2	32208848	32232615	2
2	32232616	32233815	3
2	32233816	32234619	2
2	32234620	32235744	3
2	32235745	32237456	1
2	32237457	32240151	0
2	32240152	32243315	1
2	32243316	32251414	0
2	32251415	32258257	2
2	32258258	32270005	0
2	32270006	32305975	1
2	32305976	32306940	3
2	32306941	32306963	1
2	32306964	32312471	2
2	32312472	32390850	0
2	32390851	32425274	2
2	32425275	32426376	0
2	32426377	32429097	2
2	32429098	32429702	0
2	32429703	32430315	1
2	32430316	32431202	3
2	32431203	32439300	2
2	32439301	32442058	0
2	32442059	32442613	1
2	32442614	32443876	3
2	32443877	32455216	2
2	32455217	32455227	0
2	32455228	32476324	2
2	32476325	32477276	0
2	32477277	32538127	2
2	32538128	32538176	3
2	32538177	32538187	2
2	32538188	32559655	1
2	32559656	32561302	0
2	32561303	32568594	1
2	32568595	32576573	0
2	32576574	32588138	2
2	32588139	32590396	3
2	32590397	32611030	2
2	32611031	32612544	0
2	32612545	32612752	1
2	32612753	32617762	3
2	32617763	32631151	1
2	32631152	32631304	0
2	32631305	32632899	2
2	32632900	32633115	3
2	32633116	32633733	2
2	32633734	32634664	3
2	32634665	32643120	2
2	32643121	32645689	3
2	32645690	32702757	1
2	32702758	32731632	0
2	32731633	32780738	2
2	32780739	32780772	3
2	32780773	32817077	1
2	32817078	32817132	3
2	32817133	32820014	2
2	32820015	32828508	0
2	32828509	32837601	1
2	32837602	32841884	0
2	32841885	32987172	1
2	32987173	32988939	0
2	32988940	33071587	1
2	33071588	33103235	3
2	33103236	33227004	1
2	33227005	33261626	0
2	33261627	33286842	1
2	33286843	33305805	0
2	33305806	33324077	1
2	33324078	33416483	0
2	33416484	33496029	1
2	33496030	33585471	0
2	33585472	33743464	1
2	33743465	34026975	0
2	34026976	34228658	1
2	34228659	34262289	0
2	34262290	34480468	2
2	34480469	34531702	0
2	34531703	34625208	1
2	34625209	34627488	0
2	34627489	34632049	2
2	34632050	34633074	0
2	34633075	34655430	1
2	34655431	34660032	0
2	34660033	34681829	1
2	34681830	34707606	0
2	34707607	34726457	1
2	34726458	34729914	0
2	34729915	34747650	2
2	34747651	34749275	0
2	34749276	34769544	1
2	34769545	34797268	0
2	34797269	34817290	1
2	34817291	34838849	0
2	34838850	34916956	1
2	34916957	34939564	0
2	34939565	34957061	1
2	34957062	34965010	0
2	34965011	35034340	2
2	35034341	35035723	0
2	35035724	35056638	1
2	35056639	35111925	0
2	35111926	35163418	2
2	35163419	35169504	0
2	35169505	35192527	1
2	35192528	35209736	0
2	35209737	35223247	1
2	35223248	35231080	0
2	35231081	35252693	1
2	35252694	35255697	0
2	35255698	35318749	1
2	35318750	35413784	0
2	35413785	35586512	2
2	35586513	35606759	0
2	35606760	35835431	1
2	35835432	35891844	0
2	35891845	35904924	1
2	35904925	35904976	0
2	35904977	35935236	2
2	35935237	35937468	0
2	35937469	35960926	1
2	35960927	35971597	0
2	35971598	35991907	1
2	35991908	35992291	3
2	35992292	36046165	2
2	36046166	36085944	0
2	36085945	36107790	2
2	36107791	36232296	0
2	36232297	36233216	2
2	36233217	36276918	0
2	36276919	36277847	2
2	36277848	36308105	0
2	36308106	36309043	2
2	36309044	36334705	0
2	36334706	36335646	1
2	36335647	36382906	0
2	36382907	36383959	2
2	36383960	36424118	0
2	36424119	36425047	2
2	36425048	36495559	0
2	36495560	36496494	2
2	36496495	36543522	0
2	36543523	36544451	2
2	36544452	36589837	0
2	36589838	36590779	2
2	36590780	36639794	0
2	36639795	36642986	2
2	36642987	36648756	0
2	36648757	36649886	2
2	36649887	36667667	0
2	36667668	36668608	1
2	36668609	36705566	0
2	36705567	36706504	2
2	36706505	36714932	0
2	36714933	36715864	1
2	36715865	36725086	0
2	36725087	36726033	2
2	36726034	36745429	0
2	36745430	36746364	1
2	36746365	36762429	0
2	36762430	36763512	2
2	36763513	36782698	0
2	36782699	36783630	1
2	36783631	36792639	0
2	36792640	36793586	2
2	36793587	36852245	0
2	36852246	36853336	2
2	36853337	36860107	0
2	36860108	36861165	1
2	36861166	36921264	0
2	36921265	36924778	2
2	36924779	36940296	0
2	36940297	36941264	1
2	36941265	36960213	0
2	36960214	36961166	1
2	36961167	37001732	0
2	37001733	37002655	2
2	37002656	37056761	0
2	37056762	37057699	2
2	37057700	37075009	0
2	37075010	37075938	2
2	37075939	37187267	0
2	37187268	37188251	2
2	37188252	37205592	0
2	37205593	37214850	1
2	37214851	37225587	0
2	37225588	37278421	1
2	37278422	37281018	0
2	37281019	37298689	1
2	37298690	37298797	0
2	37298798	37338746	2
2	37338747	37351107	3
2	37351108	37421972	2
2	37421973	37559377	1
2	37559378	37631767	0
2	37631768	37654508	2
2	37654509	37654621	3
2	37654622	38142908	1
2	38142909	38194799	0
2	38194800	38225251	2
2	38225252	38367161	0
2	38367162	38443554	2
2	38443555	38443559	3
2	38443560	38499605	1
2	38499606	38548174	0
2	38548175	38570060	1
2	38570061	38578888	0
2	38578889	38783206	1
2	38783207	38787496	0
2	38787497	38819271	2
2	38819272	38852994	0
2	38852995	38857098	2
2	38857099	38861142	3
2	38861143	38861686	2
2	38861687	38863594	0
2	38863595	38871395	2
2	38871396	38871779	0
2	38871780	38921059	1
2	38921060	38921732	0
2	38921733	39046252	1
2	39046253	39049872	0
2	39049873	39081969	1
2	39081970	40450766	0
2	40450767	42509116	1
2	42509117	43410847	0
2	43410848	43538233	2
2	43538234	43604342	0
2	43604343	44251471	2
2	44251472	44419930	0
2	44419931	44783175	1
2	44783176	44839152	0
2	44839153	44972913	1
2	44972914	48669627	0
2	48669628	48758342	2
2	48758343	48758787	3
2	48758788	48805028	1
2	48805029	48805557	3
2	48805558	48805661	1
2	48805662	48805795	3
2	48805796	49177802	2
2	49177803	49307004	0
2	49307005	49407466	2
2	49407467	49474816	0
2	49474817	49630296	2
2	49630297	49643206	0
2	49643207	49804367	2
2	49804368	49921980	0
2	49921981	50049082	2
2	50049083	50135399	0
2	50135400	50152319	1
2	50152320	50985956	0
2	50985957	51004629	1
2	51004630	51483029	0
2	51483030	51483925	2
2	51483926	51779966	0
2	51779967	51790681	1
2	51790682	51804005	0
2	51804006	51829012	1
2	51829013	51893527	0
2	51893528	51912204	2
2	51912205	51928355	0
2	51928356	51977901	2
2	51977902	51992165	0
2	51992166	52194316	1
2	52194317	52253469	0
2	52253470	52280419	1
2	52280420	52283843	0
2	52283844	52475250	1
2	52475251	52476119	3
2	52476120	52532348	1
2	52532349	52547181	0
2	52547182	52601313	1
2	52601314	52716892	0
2	52716893	52993234	2
2	52993235	52993736	0
2	52993737	53050316	1
2	53050317	53050758	0
2	53050759	53078252	2
2	53078253	53936502	0
2	53936503	53937961	1
2	53937962	54288726	0
2	54288727	54970718	2
2	54970719	55288379	0
2	55288380	55450554	2
2	55450555	56959239	0
2	56959240	56976412	1
2	56976413	57090044	0
2	57090045	57223128	2
2	57223129	57850293	0
2	57850294	57897522	2
2	57897523	57898269	3
2	57898270	57905273	1
2	57905274	57981546	0
2	57981547	58047941	1
2	58047942	58119862	0
2	58119863	58210304	1
2	58210305	58241053	0
2	58241054	58322525	1
2	58322526	58323486	3
2	58323487	58419566	1
2	58419567	58419707	0
2	58419708	58645380	2
2	58645381	58674106	0
2	58674107	58759368	1
2	58759369	58760027	3
2	58760028	58998738	1
2	58998739	58998905	0
2	58998906	59193263	2
2	59193264	59322708	0
2	59322709	59343075	2
2	59343076	59450097	0
2	59450098	59684204	2
2	59684205	59690419	0
2	59690420	59720646	1
2	59720647	59737418	0
2	59737419	60047894	1
2	60047895	60047942	0
2	60047943	60088731	2
2	60088732	60090048	0
2	60090049	60122543	1
2	60122544	60130158	0
2	60130159	60221358	1
2	60221359	60255598	0
2	60255599	60391363	1
2	60391364	60436347	0
2	60436348	60560698	1
2	60560699	60588248	0
2	60588249	60801259	1
2	60801260	61416640	0
2	61416641	61492226	2
2	61492227	61549749	0
2	61549750	61638431	2
2	61638432	61640985	0
2	61640986	61652169	2
2	61652170	61884517	0
2	61884518	62164785	2
2	62164786	62168128	0
2	62168129	62250286	1
2	62250287	62312585	0
2	62312586	62321705	1
2	62321706	62338998	0
2	62338999	62412130	1
2	62412131	62433853	0
2	62433854	62484310	1
2	62484311	62502340	0
2	62502341	62531469	2
2	62531470	62532164	3
2	62532165	63022342	1
2	63022343	63809562	0
2	63809563	63936093	1
2	63936094	64750531	0
2	64750532	64863042	1
2	64863043	64926394	0
2	64926395	65077458	1
2	65077459	65154485	0
2	65154486	65202089	1
2	65202090	65295173	0
2	65295174	65405682	1
2	65405683	65458912	0
2	65458913	65605502	2
2	65605503	65683822	0
2	65683823	65869601	2
2	65869602	65920821	0
2	65920822	65963049	1
2	65963050	66022382	0
2	66022383	66094672	1
2	66094673	66108836	0
2	66108837	66278895	1
2	66278896	66318135	0
2	66318136	66473007	1
2	66473008	66511480	0
2	66511481	66622969	1
2	66622970	67269279	0
2	67269280	67271971	1
2	67271972	67284057	0
2	67284058	67364669	2
2	67364670	67942726	0
2	67942727	67960744	2
2	67960745	68048500	0
2	68048501	68310323	1
2	68310324	68420468	0
2	68420469	68454442	2
2	68454443	68494541	0
2	68494542	68586520	2
2	68586521	68699496	0
2	68699497	68952337	2
2	68952338	68973855	0
2	68973856	69027385	2
2	69027386	69031950	0
2	69031951	69044249	1
2	69044250	69049128	0
2	69049129	69065896	2
2	69065897	69076337	0
2	69076338	69180669	1
2	69180670	69218500	0
2	69218501	69242588	2
2	69242589	69262395	0
2	69262396	69424120	1
2	69424121	69485226	0
2	69485227	69505626	2
2	69505627	69508175	0
2	69508176	69522285	2
2	69522286	69524870	0
2	69524871	69551571	1
2	69551572	69560600	0
2	69560601	69592067	2
2	69592068	69596088	0
2	69596089	69627630	1
2	69627631	69627678	0
2	69627679	69638060	2
2	69638061	69659999	0
2	69660000	69674706	2
2	69674707	69699617	0
2	69699618	69709253	2
2	69709254	69709841	3
2	69709842	69709901	2
2	69709902	69723670	1
2	69723671	69735301	0
2	69735302	69862068	2
2	69862069	69877181	0
2	69877182	70267253	2
2	70267254	70312978	0
2	70312979	70315784	2
2	70315785	70346874	0
2	70346875	70378939	2
2	70378940	70391127	0
2	70391128	70440069	2
2	70440070	70499631	0
2	70499632	70550462	2
2	70550463	70550691	3
2	70550692	70663783	1
2	70663784	70802616	0
2	70802617	70893383	1
2	70893384	70893638	3
2	70893639	70893661	1
2	70893662	70937197	2
2	70937198	70955978	0
2	70955979	70980981	2
2	70980982	71049761	0
2	71049762	71101358	2
2	71101359	71109118	0
2	71109119	71205804	1
2	71205805	71227013	0
2	71227014	71279677	2
2	71279678	71291331	0
2	71291332	71363249	2
2	71363250	71366168	0
2	71366169	71372036	2
2	71372037	71381464	0
2	71381465	71384809	1
2	71384810	71557472	0
2	71557473	71569021	2
2	71569022	71583671	0
2	71583672	71696471	2
2	71696472	71711279	0
2	71711280	71741913	2
2	71741914	71819270	0
2	71819271	72095529	2
2	72095530	72123692	0
2	72123693	72280665	2
2	72280666	72314214	0
2	72314215	72324948	2
2	72324949	72774482	0
2	72774483	72824771	1
2	72824772	72930856	0
2	72930857	73056979	1
2	73056980	73109980	0
2	73109981	73121160	2
2	73121161	73122761	3
2	73122762	73150656	1
2	73150657	73150756	3
2	73150757	73175873	2
2	73175874	73179561	0
2	73179562	73224627	1
2	73224628	73267665	0
2	73267666	73367789	1
2	73367790	73401270	0
2	73401271	73418393	1
2	73418394	73448715	0
2	73448716	73613401	1
2	73613402	73654564	0
2	73654565	73730694	1
2	73730695	73746502	0
2	73746503	73749381	1
2	73749382	74358346	0
2	74358347	74417490	1
2	74417491	74491047	0
2	74491048	74497916	1
2	74497917	74506365	0
2	74506366	74509654	2
2	74509655	74512984	0
2	74512985	74515761	2
2	74515762	74517447	0
2	74517448	74525796	2
2	74525797	74529145	0
2	74529146	74533161	2
2	74533162	74533575	0
2	74533576	74535430	2
2	74535431	74535735	0
2	74535736	74538263	2
2	74538264	74542670	0
2	74542671	74545988	2
2	74545989	74549984	0
2	74549985	74586329	2
2	74586330	74601035	0
2	74601036	74603198	2
2	74603199	74663858	0
2	74663859	74716486	2
2	74716487	75497316	0
2	75497317	75507462	2
2	75507463	75513568	0
2	75513569	75542696	1
2	75542697	75670232	0
2	75670233	75769405	2
2	75769406	75773918	0
2	75773919	75776517	1
2	75776518	75814127	0
2	75814128	75816255	1
2	75816256	75817161	0
2	75817162	75820022	1
2	75820023	75827196	0
2	75827197	76176829	1
2	76176830	76191997	0
2	76191998	76198505	1
2	76198506	76208039	0
2	76208040	76221823	2
2	76221824	76244563	0
2	76244564	76438702	2
2	76438703	76467953	0
2	76467954	76486070	1
2	76486071	76486531	0
2	76486532	76496611	2
2	76496612	76501099	0
2	76501100	76511171	1
2	76511172	76513336	0
2	76513337	76534883	2
2	76534884	76542035	0
2	76542036	76820602	1
2	76820603	76847958	0
2	76847959	77008691	1
2	77008692	77018395	0
2	77018396	77129161	1
2	77129162	77248689	0
2	77248690	77657694	1
2	77657695	77719214	0
2	77719215	77784430	1
2	77784431	78708279	0
2	78708280	78761448	2
2	78761449	79095581	0
2	79095582	79170698	2
2	79170699	79173269	3
2	79173270	79173278	2
2	79173279	79296940	1
2	79296941	79475507	0
2	79475508	79513121	2
2	79513122	79547935	0
2	79547936	79658651	2
2	79658652	79674608	0
2	79674609	79969630	1
2	79969631	80132627	0
2	80132628	80135511	2
2	80135512	80155621	0
2	80155622	80194198	2
2	80194199	80252125	0
2	80252126	80287780	1
2	80287781	80340667	0
2	80340668	80421535	1
2	80421536	80457200	0
2	80457201	80499061	2
2	80499062	81893377	0
2	81893378	82100034	2
2	82100035	82783789	0
2	82783790	82849092	2
2	82849093	83484590	0
2	83484591	83504777	2
2	83504778	83564552	0
2	83564553	83647071	2
2	83647072	83652791	0
2	83652792	83723641	2
2	83723642	83755234	0
2	83755235	83781383	1
2	83781384	83795848	0
2	83795849	83798340	2
2	83798341	83801658	0
2	83801659	83804150	2
2	83804151	83807468	0
2	83807469	83809960	2
2	83809961	83813278	0
2	83813279	83815770	2
2	83815771	83819088	0
2	83819089	83821580	2
2	83821581	83824898	0
2	83824899	83827390	2
2	83827391	83830708	0
2	83830709	83833200	2
2	83833201	84170781	0
2	84170782	84265566	1
2	84265567	84273010	0
2	84273011	84316930	1
2	84316931	84440226	0
2	84440227	84490920	1
2	84490921	84509373	0
2	84509374	84510925	1
2	84510926	84511471	0
2	84511472	84518557	1
2	84518558	84518983	3
2	84518984	84519295	1
2	84519296	84528125	2
2	84528126	84528370	3
2	84528371	84555335	1
2	84555336	84562259	0
2	84562260	84567505	1
2	84567506	84574213	0
2	84574214	84578810	2
2	84578811	84605542	0
2	84605543	84615599	1
2	84615600	84638983	0
2	84638984	84650490	2
2	84650491	84651331	0
2	84651332	84662807	1
2	84662808	84667152	0
2	84667153	84670368	2
2	84670369	84679005	0
2	84679006	84703749	2
2	84703750	84712079	0
2	84712080	84726865	1
2	84726866	84776734	0
2	84776735	84798664	2
2	84798665	84820616	0
2	84820617	84823787	2
2	84823788	84828351	0
2	84828352	84834041	2
2	84834042	84838738	0
2	84838739	84877353	1
2	84877354	84877617	3
2	84877618	84887264	2
2	84887265	84888177	0
2	84888178	84913203	2
2	84913204	84976515	0
2	84976516	84980077	2
2	84980078	85002489	0
2	85002490	85036854	1
2	85036855	85171052	0
2	85171053	85179450	1
2	85179451	85193080	0
2	85193081	85203213	1
2	85203214	85239757	0
2	85239758	85240686	1
2	85240687	85254088	0
2	85254089	85255032	1
2	85255033	85270038	0
2	85270039	85270982	1
2	85270983	85278280	0
2	85278281	85279392	1
2	85279393	85323749	0
2	85323750	85359179	1
2	85359180	85419370	0
2	85419371	85420437	2
2	85420438	85430665	0
2	85430666	85431676	2
2	85431677	85448119	0
2	85448120	85449063	1
2	85449064	85487518	0
2	85487519	85488474	1
2	85488475	85503532	0
2	85503533	85504610	1
2	85504611	85514366	0
2	85514367	85518896	1
2	85518897	85529586	0
2	85529587	85530527	2
2	85530528	85561562	0
2	85561563	85562506	2
2	85562507	85599594	0
2	85599595	85600529	1
2	85600530	85609958	0
2	85609959	85610875	2
2	85610876	85616741	0
2	85616742	85617658	2
2	85617659	85625629	0
2	85625630	85626644	2
2	85626645	85639494	0
2	85639495	85640423	1
2	85640424	85663128	0
2	85663129	85664063	2
2	85664064	85681012	0
2	85681013	85682391	1
2	85682392	85689575	0
2	85689576	85690653	2
2	85690654	85708749	0
2	85708750	85709696	2
2	85709697	85726957	0
2	85726958	85728100	2
2	85728101	85744224	0
2	85744225	85745207	1
2	85745208	85758082	0
2	85758083	85759045	2
2	85759046	85763425	0
2	85763426	85764348	2
2	85764349	85791220	0
2	85791221	85792194	2
2	85792195	85815368	0
2	85815369	85816428	2
2	85816429	85819467	0
2	85819468	85824953	2
2	85824954	85831974	0
2	85831975	85832984	2
2	85832985	85847933	0
2	85847934	85848865	2
2	85848866	85874920	0
2	85874921	85884963	2
2	85884964	85886606	0
2	85886607	85887621	2
2	85887622	85914870	0
2	85914871	85915873	2
2	85915874	85924885	0
2	85924886	85926009	1
2	85926010	85970857	0
2	85970858	85971816	1
2	85971817	85985946	0
2	85985947	85986887	1
2	85986888	85999500	0
2	85999501	86000596	1
2	86000597	86002158	0
2	86002159	86003102	1
2	86003103	86011026	0
2	86011027	86011970	1
2	86011971	86021305	0
2	86021306	86022264	1
2	86022265	86037958	0
2	86037959	86038905	1
2	86038906	86056913	0
2	86056914	86057863	1
2	86057864	86068165	0
2	86068166	86069124	1
2	86069125	86076026	0
2	86076027	86076988	1
2	86076989	86094920	0
2	86094921	86095846	1
2	86095847	86115714	0
2	86115715	86116640	1
2	86116641	86137972	0
2	86137973	86138911	2
2	86138912	86154498	0
2	86154499	86155439	1
2	86155440	86172571	0
2	86172572	86173509	1
2	86173510	86186879	0
2	86186880	86187919	1
2	86187920	86195514	0
2	86195515	86196592	1
2	86196593	86214618	0
2	86214619	86215565	1
2	86215566	86225621	0
2	86225622	86226571	1
2	86226572	86253264	0
2	86253265	86254205	1
2	86254206	86262874	0
2	86262875	86263829	1
2	86263830	86285168	0
2	86285169	86286159	1
2	86286160	86295483	0
2	86295484	86296424	1
2	86296425	86322954	0
2	86322955	86323895	1
2	86323896	86348616	0
2	86348617	86349557	2
2	86349558	86378121	0
2	86378122	86382635	1
2	86382636	86393336	0
2	86393337	86398293	1
2	86398294	86434040	0
2	86434041	86438964	1
2	86438965	86478920	0
2	86478921	86483730	1
2	86483731	86497670	0
2	86497671	86498611	1
2	86498612	86516554	0
2	86516555	86517486	1
2	86517487	86530187	0
2	86530188	86531128	1
2	86531129	86572830	0
2	86572831	86573765	1
2	86573766	86593950	0
2	86593951	86594891	1
2	86594892	86625887	0
2	86625888	86628076	2
2	86628077	86645939	0
2	86645940	86647152	1
2	86647153	86668831	0
2	86668832	86669977	2
2	86669978	86690925	0
2	86690926	86691851	1
2	86691852	86730381	0
2	86730382	86732318	1
2	86732319	86762732	0
2	86762733	86764653	1
2	86764654	86798603	0
2	86798604	86799633	1
2	86799634	86817984	0
2	86817985	86818952	1
2	86818953	86828397	0
2	86828398	86829329	1
2	86829330	86842087	0
2	86842088	86843149	2
2	86843150	86861765	0
2	86861766	86862697	1
2	86862698	86873436	0
2	86873437	86874374	1
2	86874375	86888451	0
2	86888452	86889389	1
2	86889390	86911304	0
2	86911305	86912378	1
2	86912379	86932612	0
2	86932613	86933550	1
2	86933551	86947602	0
2	86947603	86948540	1
2	86948541	86975536	0
2	86975537	86976474	1
2	86976475	86989875	0
2	86989876	86990814	1
2	86990815	87031844	0
2	87031845	87032800	2
2	87032801	87052949	0
2	87052950	87054051	2
2	87054052	87091995	0
2	87091996	87093096	2
2	87093097	87148919	0
2	87148920	87149914	2
2	87149915	87197581	0
2	87197582	87198591	2
2	87198592	87211689	0
2	87211690	87212633	2
2	87212634	87227811	0
2	87227812	87228890	2
2	87228891	87258205	0
2	87258206	87259176	2
2	87259177	87274644	0
2	87274645	87275600	2
2	87275601	87297322	0
2	87297323	87298266	2
2	87298267	87329242	0
2	87329243	87337248	1
2	87337249	87346720	0
2	87346721	87351027	2
2	87351028	87371951	0
2	87371952	87373208	2
2	87373209	87384762	0
2	87384763	87385697	1
2	87385698	87414060	0
2	87414061	87416185	2
2	87416186	87446367	0
2	87446368	87448489	2
2	87448490	87468620	0
2	87468621	87469549	2
2	87469550	87474974	0
2	87474975	87475900	1
2	87475901	87485335	0
2	87485336	87486276	1
2	87486277	87496080	0
2	87496081	87498612	1
2	87498613	87511588	0
2	87511589	87512520	1
2	87512521	87533046	0
2	87533047	87534102	1
2	87534103	87551127	0
2	87551128	87552059	1
2	87552060	87577542	0
2	87577543	87578477	1
2	87578478	87586316	0
2	87586317	87587393	2
2	87587394	87593211	0
2	87593212	87594146	1
2	87594147	87622691	0
2	87622692	87623641	2
2	87623642	87642546	0
2	87642547	87643490	2
2	87643491	87649977	0
2	87649978	87650954	2
2	87650955	87673196	0
2	87673197	87674140	2
2	87674141	87697332	0
2	87697333	87698258	2
2	87698259	87708148	0
2	87708149	87709080	2
2	87709081	87736332	0
2	87736333	87737288	2
2	87737289	87742897	0
2	87742898	87743829	1
2	87743830	87782837	0
2	87782838	87783781	1
2	87783782	87789345	0
2	87789346	87790420	1
2	87790421	87802107	0
2	87802108	87808412	1
2	87808413	87813862	0
2	87813863	87814818	1
2	87814819	87830268	0
2	87830269	87831209	2
2	87831210	87845972	0
2	87845973	87846931	1
2	87846932	87864857	0
2	87864858	87865868	2
2	87865869	87874351	0
2	87874352	87875292	1
2	87875293	87889833	0
2	87889834	87890777	1
2	87890778	87910520	0
2	87910521	87911562	1
2	87911563	87933010	0
2	87933011	87934121	1
2	87934122	87963521	0
2	87963522	87965148	1
2	87965149	87989139	0
2	87989140	87990238	1
2	87990239	88025034	0
2	88025035	88025972	2
2	88025973	88064235	0
2	88064236	88065185	1
2	88065186	88114264	0
2	88114265	88115202	1
2	88115203	88179721	0
2	88179722	88180669	2
2	88180670	88231404	0
2	88231405	88232375	2
2	88232376	88242164	0
2	88242165	88243087	1
2	88243088	88251782	0
2	88251783	88252844	1
2	88252845	88263243	0
2	88263244	88264178	1
2	88264179	88286174	0
2	88286175	88287091	1
2	88287092	88301072	0
2	88301073	88302766	2
2	88302767	88326889	0
2	88326890	88327824	2
2	88327825	88365656	0
2	88365657	88366745	2
2	88366746	88380279	0
2	88380280	88380665	1
2	88380666	88399606	0
2	88399607	88400573	2
2	88400574	88431961	0
2	88431962	88432881	2
2	88432882	88518012	0
2	88518013	88518968	2
2	88518969	88522959	0
2	88522960	88523885	1
2	88523886	88540538	0
2	88540539	88541482	1
2	88541483	88568808	0
2	88568809	88569752	1
2	88569753	88586115	0
2	88586116	88587041	1
2	88587042	88595896	0
2	88595897	88596828	1
2	88596829	88607458	0
2	88607459	88608468	1
2	88608469	88634539	0
2	88634540	88635462	2
2	88635463	88657328	0
2	88657329	88658257	2
2	88658258	88671274	0
2	88671275	88672197	2
2	88672198	88692107	0
2	88692108	88693036	2
2	88693037	88704762	0
2	88704763	88705685	2
2	88705686	88736729	0
2	88736730	88737803	1
2	88737804	88749614	0
2	88749615	88750546	1
2	88750547	88769533	0
2	88769534	88770468	1
2	88770469	88798623	0
2	88798624	88799712	2
2	88799713	88813109	0
2	88813110	88820412	1
2	88820413	88827420	0
2	88827421	88828355	1
2	88828356	88841503	0
2	88841504	88842445	1
2	88842446	88853282	0
2	88853283	88854217	1
2	88854218	88863150	0
2	88863151	88864254	1
2	88864255	88894644	0
2	88894645	88895579	1
2	88895580	88914309	0
2	88914310	88915244	1
2	88915245	88937093	0
2	88937094	88938118	1
2	88938119	88951730	0
2	88951731	88952665	1
2	88952666	88964949	0
2	88964950	88965886	1
2	88965887	88984241	0
2	88984242	88991491	1
2	88991492	88996393	0
2	88996394	88997328	1
2	88997329	89010374	0
2	89010375	89011400	1
2	89011401	89033255	0
2	89033256	89034187	1
2	89034188	89088837	0
2	89088838	89089930	1
2	89089931	89122294	0
2	89122295	89128109	1
2	89128110	89136506	0
2	89136507	89137423	1
2	89137424	89142804	0
2	89142805	89143745	1
2	89143746	89165398	0
2	89165399	89166333	1
2	89166334	89179462	0
2	89179463	89180503	1
2	89180504	89202638	0
2	89202639	89205020	1
2	89205021	89246285	0
2	89246286	89247233	1
2	89247234	89257649	0
2	89257650	89258566	1
2	89258567	89279425	0
2	89279426	89280498	1
2	89280499	89322344	0
2	89322345	89323288	1
2	89323289	89333449	0
2	89333450	89338368	1
2	89338369	89367646	0
2	89367647	89371250	1
2	89371251	89414867	0
2	89414868	89415928	1
2	89415929	89430224	0
2	89430225	89431301	1
2	89431302	89449311	0
2	89449312	89454177	1
2	89454178	89457323	0
2	89457324	89458400	1
2	89458401	89470095	0
2	89470096	89471051	1
2	89471052	89496550	0
2	89496551	89501371	1
2	89501372	89507056	0
2	89507057	89508095	1
2	89508096	89561258	0
2	89561259	89562356	1
2	89562357	89592025	0
2	89592026	89592981	1
2	89592982	89628561	0
2	89628562	89633325	1
2	89633326	89656483	0
2	89656484	89657432	2
2	89657433	89675178	0
2	89675179	89681288	1
2	89681289	89684221	0
2	89684222	89685126	1
2	89685127	89718599	0
2	89718600	89721964	2
2	89721965	89767474	0
2	89767475	89771000	2
2	89771001	89783339	0
2	89783340	89784268	1
2	89784269	89814864	0
2	89814865	89818867	2
2	89818868	89831393	0
2	89831394	89834550	2
2	89834551	89840300	0
2	89840301	89843525	2
2	89843526	89855046	0
2	89855047	89856074	2
2	89856075	89861293	0
2	89861294	89862219	1
2	89862220	89877076	0
2	89877077	89878098	2
2	89878099	89891569	0
2	89891570	89903749	1
2	89903750	89958755	0
2	89958756	89959772	1
2	89959773	89978343	0
2	89978344	89979350	1
2	89979351	89988615	0
2	89988616	89989043	2
2	89989044	89989174	0
2	89989175	89990191	1
2	89990192	90061722	0
2	90061723	90064626	1
2	90064627	90092224	0
2	90092225	90093141	1
2	90093142	90105515	0
2	90105516	90106583	1
2	90106584	90121802	0
2	90121803	90122728	1
2	90122729	90162377	0
2	90162378	90165363	2
2	90165364	90269909	0
2	90269910	90420802	1
2	90420803	90517370	0
2	90517371	90576483	2
2	90576484	90585525	0
2	90585526	90621176	2
2	90621177	90622882	0
2	90622883	90674592	2
2	90674593	90687310	0
2	90687311	90706965	2
2	90706966	90725941	0
2	90725942	90730681	2
2	90730682	90734789	0
2	90734790	90744895	1
2	90744896	90744982	3
2	90744983	90750868	2
2	90750869	90751781	3
2	90751782	90758413	1
2	90758414	90780537	0
2	90780538	90859652	2
2	90859653	90875775	0
2	90875776	90885884	2
2	90885885	90894164	0
2	90894165	90901946	2
2	90901947	90906524	3
2	90906525	90910572	1
2	90910573	90922545	0
2	90922546	90955911	2
2	90955912	90958299	0
2	90958300	90976671	2
2	90976672	90977515	0
2	90977516	91023992	1
2	91023993	91024216	0
2	91024217	91042989	1
2	91042990	91043040	0
2	91043041	91051727	2
2	91051728	91054253	3
2	91054254	91077137	1
2	91077138	91096109	0
2	91096110	91104834	2
2	91104835	91105129	0
2	91105130	91115223	2
2	91115224	91117086	3
2	91117087	91284859	1
2	91284860	91297666	0
2	91297667	91354056	2
2	91354057	91366917	0
2	91366918	91460819	2
2	91460820	91465475	0
2	91465476	91476569	1
2	91476570	91483824	0
2	91483825	91489946	1
2	91489947	91490015	0
2	91490016	91512481	2
2	91512482	91514773	0
2	91514774	91550731	1
2	91550732	91551007	0
2	91551008	91561700	2
2	91561701	91570289	0
2	91570290	91759004	2
2	91759005	91762344	0
2	91762345	91769960	2
2	91769961	91769984	3
2	91769985	91772452	1
2	91772453	91772979	0
2	91772980	91785860	1
2	91785861	91786171	3
2	91786172	91816019	1
2	91816020	91822483	0
2	91822484	91864657	1
2	91864658	91933272	0
2	91933273	92204821	2
2	92204822	92205201	0
2	92205202	92214831	1
2	92214832	92215024	3
2	92215025	92221372	2
2	92221373	92223073	0
2	92223074	92223831	2
2	92223832	92225863	3
2	92225864	92241418	1
2	92241419	92243801	0
2	92243802	92274198	1
2	92274199	92292919	0
2	92292920	92300693	1
2	92300694	92439862	0
2	92439863	92455405	2
2	92455406	92755253	0
2	92755254	92796213	2
2	92796214	92805306	0
2	92805307	92886322	1
2	92886323	93027703	0
2	93027704	93041914	2
2	93041915	93041915	0
2	93041916	93174661	1
2	93174662	93259266	0
2	93259267	93303295	1
2	93303296	93400723	0
2	93400724	93404516	2
2	93404517	93482539	0
2	93482540	93521494	2
2	93521495	93535786	0
2	93535787	93662723	1
2	93662724	93673622	0
2	93673623	93690098	1
2	93690099	93695516	0
2	93695517	93709312	1
2	93709313	93820705	0
2	93820706	93850962	1
2	93850963	93872844	0
2	93872845	93998119	1
2	93998120	94140922	0
2	94140923	94246844	1
2	94246845	94251837	0
2	94251838	94278291	1
2	94278292	96158324	0
2	96158325	97471821	2
2	97471822	98502392	0
2	98502393	98504238	2
2	98504239	98506702	0
2	98506703	98507456	1
2	98507457	101400936	0
2	101400937	101464873	1
2	101464874	101469145	3
2	101469146	101489687	1
2	101489688	101518584	0
2	101518585	101541824	2
2	101541825	101554440	0
2	101554441	101723182	1
2	101723183	101726402	0
2	101726403	101741801	2
2	101741802	101790358	0
2	101790359	102026540	1
2	102026541	102140274	0
2	102140275	102247983	1
2	102247984	102289523	0
2	102289524	102291947	1
2	102291948	102390167	0
2	102390168	102483196	2
2	102483197	102498814	0
2	102498815	102630939	2
2	102630940	102651296	0
2	102651297	102741820	1
2	102741821	102861230	0
2	102861231	102913668	1
2	102913669	102913830	0
2	102913831	102932799	2
2	102932800	103103588	0
2	103103589	103143433	1
2	103143434	103251843	0
2	103251844	103291144	2
2	103291145	103294004	0
2	103294005	103325315	1
2	103325316	103406465	0
2	103406466	103558578	2
2	103558579	103561411	0
2	103561412	103601425	1
2	103601426	103603096	0
2	103603097	103637804	1
2	103637805	103798141	0
2	103798142	103807098	2
2	103807099	103821205	3
2	103821206	103822033	2
2	103822034	103867876	1
2	103867877	103867948	3
2	103867949	103867999	1
2	103868000	103868463	3
2	103868464	103868516	1
2	103868517	103903395	2
2	103903396	103905981	0
2	103905982	103907641	2
2	103907642	103908202	0
2	103908203	103908705	1
2	103908706	103910004	0
2	103910005	103931342	2
2	103931343	103935956	0
2	103935957	103955509	2
2	103955510	103962924	0
2	103962925	103964904	2
2	103964905	103983228	0
2	103983229	104250489	1
2	104250490	104266636	0
2	104266637	104334601	1
2	104334602	104430678	0
2	104430679	104497443	2
2	104497444	104505584	3
2	104505585	104552324	1
2	104552325	104561939	0
2	104561940	104583033	1
2	104583034	104594950	0
2	104594951	104656851	1
2	104656852	104670896	0
2	104670897	104690031	1
2	104690032	104707960	0
2	104707961	104839811	2
2	104839812	104839892	3
2	104839893	104858059	2
2	104858060	104932173	0
2	104932174	104933915	2
2	104933916	104966684	0
2	104966685	105013771	2
2	105013772	105064475	0
2	105064476	105219951	2
2	105219952	105226446	0
2	105226447	105239474	1
2	105239475	105509051	0
2	105509052	105537475	2
2	105537476	105537515	3
2	105537516	105543315	2
2	105543316	105744719	1
2	105744720	105744793	0
2	105744794	105805713	2
2	105805714	105806864	0
2	105806865	105843704	1
2	105843705	106062212	0
2	106062213	106246306	2
2	106246307	106533424	0
2	106533425	106708511	2
2	106708512	106802682	0
2	106802683	106814579	1
2	106814580	106896295	0
2	106896296	106899811	1
2	106899812	107130794	0
2	107130795	107138657	2
2	107138658	108932452	0
2	108932453	109120893	1
2	109120894	109120903	3
2	109120904	109181902	2
2	109181903	109514855	0
2	109514856	109567162	2
2	109567163	109731008	0
2	109731009	109741158	2
2	109741159	109757802	0
2	109757803	109854412	2
2	109854413	109857972	0
2	109857973	110013515	2
2	110013516	110102852	0
2	110102853	110154715	1
2	110154716	110201080	0
2	110201081	110203148	1
2	110203149	110437453	0
2	110437454	110487934	2
2	110487935	110495356	0
2	110495357	110561495	1
2	110561496	110579682	3
2	110579683	110791078	1
2	110791079	110928527	0
2	110928528	110946137	1
2	110946138	110974269	0
2	110974270	110993091	1
2	110993092	111002216	0
2	111002217	111069757	1
2	111069758	111070973	0
2	111070974	111071992	1
2	111071993	111097272	0
2	111097273	111098240	2
2	111098241	111109582	0
2	111109583	111110543	1
2	111110544	111132425	0
2	111132426	111133366	2
2	111133367	111146356	0
2	111146357	111147297	2
2	111147298	111155593	0
2	111155594	111156595	2
2	111156596	111168576	0
2	111168577	111169493	2
2	111169494	111175314	0
2	111175315	111176231	1
2	111176232	111208746	0
2	111208747	111209771	2
2	111209772	111219122	0
2	111219123	111220185	2
2	111220186	111248572	0
2	111248573	111249453	2
2	111249454	111260187	0
2	111260188	111261104	1
2	111261105	111289297	0
2	111289298	111290214	2
2	111290215	111318941	0
2	111318942	111319879	2
2	111319880	111323505	0
2	111323506	111324518	2
2	111324519	111329279	0
2	111329280	111330311	1
2	111330312	111377504	0
2	111377505	111378442	1
2	111378443	111404624	0
2	111404625	111405666	1
2	111405667	111461289	0
2	111461290	111462227	1
2	111462228	111485212	0
2	111485213	111486150	1
2	111486151	111501608	0
2	111501609	111505321	2
2	111505322	111594406	0
2	111594407	111595344	2
2	111595345	111620468	0
2	111620469	111621415	2
2	111621416	111653941	0
2	111653942	111654879	1
2	111654880	111713070	0
2	111713071	111714008	1
2	111714009	111752145	0
2	111752146	111753083	1
2	111753084	111784671	0
2	111784672	111785609	1
2	111785610	111800264	0
2	111800265	111801226	1
2	111801227	111823289	0
2	111823290	111824252	1
2	111824253	111848357	0
2	111848358	111849365	1
2	111849366	111861069	0
2	111861070	111862011	1
2	111862012	111882232	0
2	111882233	111883185	1
2	111883186	111911801	0
2	111911802	111912738	1
2	111912739	111931916	0
2	111931917	111932854	1
2	111932855	111970026	0
2	111970027	111970970	1
2	111970971	111982102	0
2	111982103	111983052	2
2	111983053	111996053	0
2	111996054	111997155	2
2	111997156	112079623	0
2	112079624	112087266	2
2	112087267	112088103	0
2	112088104	112099446	1
2	112099447	112102081	0
2	112102082	112103424	2
2	112103425	112105980	0
2	112105981	112203166	2
2	112203167	112203314	3
2	112203315	112203948	2
2	112203949	112208175	3
2	112208176	112254395	2
2	112254396	112295152	0
2	112295153	112312317	2
2	112312318	112319227	0
2	112319228	112320972	1
2	112320973	112333119	0
2	112333120	112471510	2
2	112471511	112474728	3
2	112474729	112877200	1
2	112877201	112877269	3
2	112877270	113057251	1
2	113057252	113125887	0
2	113125888	113137345	2
2	113137346	113167891	0
2	113167892	113556922	2
2	113556923	113586319	0
2	113586320	113598801	1
2	113598802	113616517	0
2	113616518	113669276	1
2	113669277	113670171	0
2	113670172	113688816	1
2	113688817	113835335	0
2	113835336	113839353	1
2	113839354	113873016	0
2	113873017	113879282	1
2	113879283	113926904	0
2	113926905	114012758	1
2	114012759	114019195	0
2	114019196	114027203	1
2	114027204	114342150	0
2	114342151	114480698	1
2	114480699	115407450	0
2	115407451	115604502	2
2	115604503	115688798	0
2	115688799	115891573	1
2	115891574	116704425	0
2	116704426	116718234	2
2	116718235	116947108	0
2	116947109	117008013	2
2	117008014	117075473	0
2	117075474	117097274	2
2	117097275	117105727	0
2	117105728	117168735	1
2	117168736	117937610	0
2	117937611	117952867	2
2	117952868	118030622	0
2	118030623	118082700	1
2	118082701	118102844	0
2	118102845	118199153	1
2	118199154	118214351	0
2	118214352	118300968	2
2	118300969	118301584	0
2	118301585	118305445	1
2	118305446	118354491	0
2	118354492	118375421	1
2	118375422	118423945	0
2	118423946	118467326	2
2	118467327	118489037	0
2	118489038	118523754	2
2	118523755	118524837	0
2	118524838	118529697	1
2	118529698	118533251	0
2	118533252	118554172	1
2	118554173	118579892	0
2	118579893	118588395	1
2	118588396	118598503	0
2	118598504	118603899	2
2	118603900	118605453	0
2	118605454	118637027	2
2	118637028	118639737	0
2	118639738	118679691	2
2	118679692	118687688	0
2	118687689	118708643	2
2	118708644	118726111	0
2	118726112	118750262	2
2	118750263	118752231	0
2	118752232	118754319	2
2	118754320	118843513	0
2	118843514	118855127	1
2	118855128	118860524	0
2	118860525	118865503	2
2	118865504	118872853	0
2	118872854	118931235	2
2	118931236	118938527	0
2	118938528	118962735	2
2	118962736	118963024	3
2	118963025	118964790	2
2	118964791	118966609	3
2	118966610	118968152	2
2	118968153	118973170	3
2	118973171	118973179	2
2	118973180	118982768	1
2	118982769	118993507	0
2	118993508	118998124	2
2	118998125	118998234	0
2	118998235	119000243	1
2	119000244	119003309	3
2	119003310	119034351	1
2	119034352	119034529	3
2	119034530	119042783	2
2	119042784	119043853	0
2	119043854	119055640	1
2	119055641	119063096	0
2	119063097	119075261	2
2	119075262	119094935	0
2	119094936	119097006	1
2	119097007	119114474	0
2	119114475	119124187	2
2	119124188	119151518	0
2	119151519	119161696	2
2	119161697	119176963	0
2	119176964	119180115	2
2	119180116	119198776	0
2	119198777	119303421	1
2	119303422	119342239	0
2	119342240	119373361	1
2	119373362	119373431	0
2	119373432	119412761	2
2	119412762	119435246	0
2	119435247	119444032	1
2	119444033	119444203	3
2	119444204	119476978	2
2	119476979	119481180	0
2	119481181	119488561	1
2	119488562	119500802	0
2	119500803	119561141	2
2	119561142	119568071	0
2	119568072	119576997	2
2	119576998	119577054	0
2	119577055	119586165	1
2	119586166	119589038	0
2	119589039	119613271	1
2	119613272	119623467	0
2	119623468	119643838	2
2	119643839	119722962	0
2	119722963	119795315	2
2	119795316	119798433	0
2	119798434	119853142	2
2	119853143	119853217	0
2	119853218	119868767	2
2	119868768	119871891	0
2	119871892	119883231	1
2	119883232	119884802	0
2	119884803	119887170	1
2	119887171	119887320	0
2	119887321	119898257	1
2	119898258	119901948	0
2	119901949	119911506	1
2	119911507	119914909	0
2	119914910	119980340	1
2	119980341	119992146	0
2	119992147	120071069	1
2	120071070	120091329	0
2	120091330	120114931	1
2	120114932	120125691	0
2	120125692	120139899	1
2	120139900	120142195	0
2	120142196	120178871	1
2	120178872	120181043	0
2	120181044	120229630	1
2	120229631	120229850	3
2	120229851	120308155	2
2	120308156	120308470	3
2	120308471	120330647	2
2	120330648	120332554	0
2	120332555	120389577	1
2	120389578	120393405	0
2	120393406	120426989	2
2	120426990	120429972	0
2	120429973	120435117	1
2	120435118	120435244	3
2	120435245	120435254	1
2	120435255	120447294	2
2	120447295	120454860	0
2	120454861	120508516	2
2	120508517	120510590	0
2	120510591	120541888	2
2	120541889	120557251	3
2	120557252	120557631	2
2	120557632	120676338	1
2	120676339	120686003	0
2	120686004	120796449	1
2	120796450	120802751	0
2	120802752	120833586	2
2	120833587	120834137	0
2	120834138	120842638	2
2	120842639	120843625	0
2	120843626	120862806	1
2	120862807	120871845	0
2	120871846	120911575	1
2	120911576	120919299	0
2	120919300	120935529	1
2	120935530	120954041	0
2	120954042	120966162	1
2	120966163	120966432	3
2	120966433	120982414	2
2	120982415	120984007	0
2	120984008	120996388	1
2	120996389	120996859	3
2	120996860	121019015	2
2	121019016	121024504	3
2	121024505	121097141	1
2	121097142	121115334	0
2	121115335	121136295	2
2	121136296	121136566	3
2	121136567	121181130	1
2	121181131	121183448	0
2	121183449	121189462	2
2	121189463	121189471	3
2	121189472	121212902	1
2	121212903	121218365	0
2	121218366	121239509	1
2	121239510	121240315	3
2	121240316	121264421	2
2	121264422	121264744	0
2	121264745	121274929	1
2	121274930	121279154	3
2	121279155	121281571	1
2	121281572	121284406	2
2	121284407	121285969	0
2	121285970	121299801	1
2	121299802	121317645	0
2	121317646	121332399	1
2	121332400	121332457	0
2	121332458	121370594	2
2	121370595	121371263	0
2	121371264	121632821	1
2	121632822	121692704	0
2	121692705	121761954	2
2	121761955	121779486	0
2	121779487	121781094	1
2	121781095	121781735	0
2	121781736	121839376	2
2	121839377	121854280	0
2	121854281	121879254	2
2	121879255	121882332	3
2	121882333	121944120	1
2	121944121	121945842	0
2	121945843	121973420	1
2	121973421	121978817	3
2	121978818	121986434	1
2	121986435	122004761	3
2	122004762	122011923	1
2	122011924	122012006	0
2	122012007	122032131	2
2	122032132	122060483	0
2	122060484	122091074	2
2	122091075	122104981	0
2	122104982	122124183	1
2	122124184	122124634	0
2	122124635	122127925	2
2	122127926	122128619	3
2	122128620	122139464	1
2	122139465	122141406	0
2	122141407	122173706	2
2	122173707	122174626	0
2	122174627	122194896	1
2	122194897	122251124	0
2	122251125	122286871	2
2	122286872	122310675	0
2	122310676	122353774	2
2	122353775	122420201	0
2	122420202	122437037	1
2	122437038	122462720	0
2	122462721	122466925	2
2	122466926	122506967	0
2	122506968	122528397	1
2	122528398	122564237	0
2	122564238	122575209	2
2	122575210	122590971	0
2	122590972	122635303	2
2	122635304	123915703	0
2	123915704	124493504	2
2	124493505	124657021	0
2	124657022	124658520	2
2	124658521	124893858	0
2	124893859	124910362	2
2	124910363	124914411	3
2	124914412	124949395	1
2	124949396	124962426	0
2	124962427	124973573	2
2	124973574	124978239	0
2	124978240	125055736	2
2	125055737	125072924	0
2	125072925	125084342	2
2	125084343	125126328	0
2	125126329	125330823	1
2	125330824	125332119	3
2	125332120	125333727	1
2	125333728	125388822	0
2	125388823	125450847	1
2	125450848	125453181	0
2	125453182	125498829	1
2	125498830	125499366	3
2	125499367	125549882	1
2	125549883	125562720	0
2	125562721	125608604	1
2	125608605	125656038	0
2	125656039	125684843	1
2	125684844	125684873	3
2	125684874	125809217	2
2	125809218	125810033	3
2	125810034	125860392	1
2	125860393	125861838	3
2	125861839	125977738	1
2	125977739	125977875	0
2	125977876	125991013	2
2	125991014	126146707	0
2	126146708	126326408	1
2	126326409	126378141	0
2	126378142	126413977	2
2	126413978	126419401	0
2	126419402	126445033	1
2	126445034	126453176	0
2	126453177	126502071	1
2	126502072	126533062	0
2	126533063	126534830	2
2	126534831	126584982	3
2	126584983	126585031	2
2	126585032	126609194	1
2	126609195	126617299	0
2	126617300	126701964	1
2	126701965	126716125	0
2	126716126	126758969	1
2	126758970	126834451	0
2	126834452	126893643	2
2	126893644	126896399	0
2	126896400	126922818	2
2	126922819	126929543	0
2	126929544	126959688	1
2	126959689	126964506	0
2	126964507	126969176	1
2	126969177	127012089	0
2	127012090	127034014	1
2	127034015	127034120	0
2	127034121	127066185	2
2	127066186	127066672	0
2	127066673	127073550	1
2	127073551	127073642	0
2	127073643	127086841	2
2	127086842	127095443	0
2	127095444	127095766	1
2	127095767	127095952	0
2	127095953	127124668	2
2	127124669	127161893	0
2	127161894	127164110	2
2	127164111	127164373	0
2	127164374	127183385	2
2	127183386	127188942	0
2	127188943	127192955	2
2	127192956	127250933	0
2	127250934	127261826	2
2	127261827	127261949	0
2	127261950	127270299	1
2	127270300	127282232	0
2	127282233	127343026	1
2	127343027	127343543	3
2	127343544	127347828	1
2	127347829	127352207	0
2	127352208	127367201	1
2	127367202	127400396	0
2	127400397	127412828	1
2	127412829	127412956	0
2	127412957	127432563	2
2	127432564	127458960	0
2	127458961	127482429	1
2	127482430	127530120	0
2	127530121	127555666	1
2	127555667	127566466	0
2	127566467	127614631	1
2	127614632	127626856	0
2	127626857	127657599	1
2	127657600	127664610	0
2	127664611	127949607	2
2	127949608	127951772	0
2	127951773	127988281	2
2	127988282	128416943	0
2	128416944	128424198	2
2	128424199	128435838	0
2	128435839	128513125	1
2	128513126	128524690	0
2	128524691	128628628	2
2	128628629	128643852	0
2	128643853	128679995	2
2	128679996	128688715	0
2	128688716	128722768	2
2	128722769	128752002	0
2	128752003	128769811	1
2	128769812	128792327	0
2	128792328	128793136	1
2	128793137	128793459	3
2	128793460	128844297	2
2	128844298	128863879	0
2	128863880	128873906	1
2	128873907	128891676	0
2	128891677	128922017	2
2	128922018	128926729	0
2	128926730	128952328	2
2	128952329	128955434	0
2	128955435	128959868	2
2	128959869	129024498	0
2	129024499	129037350	2
2	129037351	129093944	0
2	129093945	129122946	1
2	129122947	129125344	0
2	129125345	129135706	1
2	129135707	129190304	0
2	129190305	129196873	1
2	129196874	129284093	0
2	129284094	129362336	1
2	129362337	129418569	0
2	129418570	129457962	2
2	129457963	129512299	0
2	129512300	129525578	1
2	129525579	129626251	0
2	129626252	129658021	2
2	129658022	129838083	0
2	129838084	129876133	2
2	129876134	129938150	0
2	129938151	129979966	2
2	129979967	129997148	0
2	129997149	130005137	1
2	130005138	130020928	0
2	130020929	130090179	2
2	130090180	130100164	0
2	130100165	130105043	2
2	130105044	130105047	3
2	130105048	130110281	1
2	130110282	130120903	0
2	130120904	130196215	2
2	130196216	130216509	0
2	130216510	130223308	1
2	130223309	130230993	0
2	130230994	130231808	2
2	130231809	130232212	0
2	130232213	130233633	2
2	130233634	130242981	0
2	130242982	130250073	1
2	130250074	130250421	3
2	130250422	130250435	1
2	130250436	130270003	2
2	130270004	130276012	0
2	130276013	130380034	2
2	130380035	130389476	0
2	130389477	130394429	2
2	130394430	130401907	0
2	130401908	130402788	2
2	130402789	130406354	0
2	130406355	130408288	1
2	130408289	130415736	0
2	130415737	130455772	1
2	130455773	130458573	0
2	130458574	130468537	1
2	130468538	130479694	0
2	130479695	130490393	1
2	130490394	130493344	0
2	130493345	130507348	2
2	130507349	130509847	0
2	130509848	130523253	1
2	130523254	130531934	0
2	130531935	130732140	1
2	130732141	130732229	0
2	130732230	130856067	2
2	130856068	130865366	0
2	130865367	130868822	1
2	130868823	130876325	0
2	130876326	130889548	1
2	130889549	130894954	0
2	130894955	130912499	1
2	130912500	130953014	0
2	130953015	130972055	2
2	130972056	130972058	0
2	130972059	130985815	1
2	130985816	130995995	0
2	130995996	131012683	1
2	131012684	131013016	3
2	131013017	131024231	2
2	131024232	131032812	0
2	131032813	131039248	2
2	131039249	131059797	0
2	131059798	131073759	2
2	131073760	131088229	0
2	131088230	131123798	2
2	131123799	131124922	3
2	131124923	131178626	1
2	131178627	131317230	0
2	131317231	131351656	2
2	131351657	131371584	0
2	131371585	131388019	1
2	131388020	131473559	0
2	131473560	131474328	2
2	131474329	131679412	0
2	131679413	131685481	1
2	131685482	131735662	0
2	131735663	131781864	2
2	131781865	131815149	0
2	131815150	131855992	1
2	131855993	131878230	0
2	131878231	131970842	1
2	131970843	132065226	0
2	132065227	132073541	1
2	132073542	132074896	0
2	132074897	132079048	1
2	132079049	132088882	0
2	132088883	132137784	2
2	132137785	132163467	0
2	132163468	132211181	1
2	132211182	132354816	0
2	132354817	132413463	1
2	132413464	132512665	0
2	132512666	132576789	2
2	132576790	132607012	0
2	132607013	132620813	2
2	132620814	132629941	0
2	132629942	132641789	1
2	132641790	132641875	0
2	132641876	132669931	2
2	132669932	132672400	0
2	132672401	132692519	2
2	132692520	132694039	0
2	132694040	132706625	1
2	132706626	132729913	0
2	132729914	132771770	1
2	132771771	133377893	0
2	133377894	133388619	2
2	133388620	134323095	0
2	134323096	134380102	1
2	134380103	134419919	0
2	134419920	134469879	1
2	134469880	134611893	0
2	134611894	135300992	2
2	135300993	135484745	0
2	135484746	135840327	2
2	135840328	135877973	0
2	135877974	135895651	2
2	135895652	135906838	0
2	135906839	136213701	1
2	136213702	136270136	0
2	136270137	136270342	1
2	136270343	136327644	0
2	136327645	136387825	2
2	136387826	136539187	0
2	136539188	136608162	2
2	136608163	136699514	0
2	136699515	136716952	1
2	136716953	136717116	3
2	136717117	136717123	1
2	136717124	136897684	2
2	136897685	136907190	0
2	136907191	136942378	1
2	136942379	138082299	0
2	138082300	138415026	2
2	138415027	139319647	0
2	139319648	139463408	2
2	139463409	139503912	0
2	139503913	139584315	2
2	139584316	139659214	0
2	139659215	139892539	1
2	139892540	139945617	0
2	139945618	139977777	1
2	139977778	139979266	3
2	139979267	139996298	1
2	139996299	139996380	0
2	139996381	140030986	2
2	140030987	140055589	0
2	140055590	140215440	1
2	140215441	140221043	0
2	140221044	140476648	2
2	140476649	140497184	3
2	140497185	142218700	2
2	142218701	142443208	0
2	142443209	142727265	1
2	142727266	142888773	0
2	142888774	142898587	2
2	142898588	142904207	0
2	142904208	142907447	2
2	142907448	143371890	0
2	143371891	143642019	2
2	143642020	143652262	0
2	143652263	143688907	1
2	143688908	143741054	0
2	143741055	143769058	2
2	143769059	143773129	0
2	143773130	143836997	1
2	143836998	143858793	0
2	143858794	143899713	2
2	143899714	144075857	0
2	144075858	144096397	1
2	144096398	144096640	3
2	144096641	144106961	2
2	144106962	144130909	0
2	144130910	144157880	1
2	144157881	144194717	0
2	144194718	144233410	2
2	144233411	144296291	0
2	144296292	144353148	1
2	144353149	144353452	0
2	144353453	144367729	2
2	144367730	144367999	0
2	144368000	144376603	1
2	144376604	144381963	0
2	144381964	144416483	2
2	144416484	144419788	0
2	144419789	144421100	2
2	144421101	144425631	0
2	144425632	144594492	2
2	144594493	144649400	0
2	144649401	144650149	2
2	144650150	144993488	0
2	144993489	145467900	2
2	145467901	145610468	0
2	145610469	145713350	2
2	145713351	145727833	0
2	145727834	145742159	2
2	145742160	145743213	0
2	145743214	145760518	1
2	145760519	145760748	3
2	145760749	146040773	2
2	146040774	146047655	0
2	146047656	146050750	2
2	146050751	146065613	0
2	146065614	146337760	1
2	146337761	146681598	0
2	146681599	146795831	2
2	146795832	146838730	0
2	146838731	146903734	2
2	146903735	146909050	0
2	146909051	146911179	1
2	146911180	147003280	0
2	147003281	147019977	1
2	147019978	147187659	0
2	147187660	147219029	2
2	147219030	147868611	0
2	147868612	147872703	1
2	147872704	148221111	0
2	148221112	148226237	2
2	148226238	148230205	0
2	148230206	148233922	1
2	148233923	148262374	0
2	148262375	148269297	1
2	148269298	148498335	0
2	148498336	148501761	2
2	148501762	148506757	0
2	148506758	148518683	2
2	148518684	148519719	0
2	148519720	148558201	1
2	148558202	148576092	0
2	148576093	148581864	2
2	148581865	148594343	0
2	148594344	148597231	1
2	148597232	148607743	0
2	148607744	148611671	2
2	148611672	148615095	0
2	148615096	148619280	2
2	148619281	148624519	0
2	148624520	148631329	2
2	148631330	148645815	0
2	148645816	148656144	2
2	148656145	148660881	0
2	148660882	148664472	2
2	148664473	148672445	0
2	148672446	148690772	1
2	148690773	148697456	0
2	148697457	148701426	1
2	148701427	148816077	0
2	148816078	148828985	1
2	148828986	148841466	0
2	148841467	148842971	1
2	148842972	149230791	0
2	149230792	149236027	2
2	149236028	149654945	0
2	149654946	149656258	2
2	149656259	149656947	3
2	149656948	149830126	2
2	149830127	149940140	0
2	149940141	149962442	1
2	149962443	150004616	0
2	150004617	150005413	1
2	150005414	150007489	0
2	150007490	150019013	2
2	150019014	150043807	0
2	150043808	150066459	2
2	150066460	150080252	0
2	150080253	150081325	1
2	150081326	150083251	0
2	150083252	150096034	2
2	150096035	150136669	0
2	150136670	150149436	1
2	150149437	150151942	3
2	150151943	150188499	1
2	150188500	150232875	0
2	150232876	150277220	1
2	150277221	150296725	0
2	150296726	150310825	1
2	150310826	150396149	0
2	150396150	150404678	2
2	150404679	150408814	0
2	150408815	150434301	1
2	150434302	150443839	0
2	150443840	150494234	1
2	150494235	150506433	0
2	150506434	150515094	1
2	150515095	150574776	0
2	150574777	150597409	2
2	150597410	150612469	0
2	150612470	150657492	2
2	150657493	150658227	0
2	150658228	150730475	1
2	150730476	150731134	0
2	150731135	150757014	2
2	150757015	150760253	0
2	150760254	150865132	1
2	150865133	150912520	0
2	150912521	150918084	1
2	150918085	150923979	0
2	150923980	150929552	2
2	150929553	151296276	0
2	151296277	151301887	1
2	151301888	151319916	0
2	151319917	151337148	2
2	151337149	151368217	0
2	151368218	151387426	2
2	151387427	151398356	0
2	151398357	151415739	2
2	151415740	151416283	0
2	151416284	151458327	1
2	151458328	151471138	0
2	151471139	151494267	1
2	151494268	151527742	0
2	151527743	151537891	2
2	151537892	151541546	0
2	151541547	151569920	1
2	151569921	151668661	0
2	151668662	151700402	2
2	151700403	151736941	0
2	151736942	151771071	2
2	151771072	151795132	0
2	151795133	151805953	1
2	151805954	151822245	0
2	151822246	151834992	2
2	151834993	151907263	0
2	151907264	151921536	2
2	151921537	151931250	0
2	151931251	151937110	2
2	151937111	151969295	0
2	151969296	151974831	2
2	151974832	152052573	0
2	152052574	152107586	2
2	152107587	152119562	0
2	152119563	152139730	2
2	152139731	152142068	0
2	152142069	152158387	1
2	152158388	152163156	0
2	152163157	152169766	1
2	152169767	152194489	0
2	152194490	152202372	1
2	152202373	152219345	0
2	152219346	152223780	1
2	152223781	152237690	0
2	152237691	152240778	1
2	152240779	152241321	0
2	152241322	152270064	2
2	152270065	152284789	0
2	152284790	152290354	1
2	152290355	152302797	0
2	152302798	152305668	2
2	152305669	152311397	0
2	152311398	152315872	1
2	152315873	152333532	0
2	152333533	152337426	1
2	152337427	152343989	0
2	152343990	152347181	2
2	152347182	152364448	0
2	152364449	152365832	1
2	152365833	152395072	0
2	152395073	152395272	2
2	152395273	152398478	0
2	152398479	152400678	2
2	152400679	152401820	0
2	152401821	152406046	1
2	152406047	152418925	0
2	152418926	152425133	1
2	152425134	152430061	0
2	152430062	152438463	2
2	152438464	152448090	0
2	152448091	152448787	1
2	152448788	152452685	0
2	152452686	152460932	2
2	152460933	152495195	0
2	152495196	152534404	2
2	152534405	152561985	0
2	152561986	152563144	2
2	152563145	152579907	0
2	152579908	152590771	2
2	152590772	152593050	0
2	152593051	152657462	1
2	152657463	152673698	0
2	152673699	152721055	2
2	152721056	152737086	0
2	152737087	152748802	2
2	152748803	152757632	0
2	152757633	152758942	1
2	152758943	152766729	0
2	152766730	152777432	1
2	152777433	152788219	0
2	152788220	152834216	2
2	152834217	152834624	0
2	152834625	152841161	1
2	152841162	152857586	0
2	152857587	152881509	2
2	152881510	152891689	0
2	152891690	152907469	2
2	152907470	152934202	0
2	152934203	152977175	2
2	152977176	152987037	0
2	152987038	153036200	2
2	153036201	153048114	0
2	153048115	153051175	1
2	153051176	153053493	0
2	153053494	153067160	1
2	153067161	153067267	0
2	153067268	153095981	2
2	153095982	153117147	0
2	153117148	153159124	2
2	153159125	153171579	0
2	153171580	153229741	2
2	153229742	153233196	0
2	153233197	153318524	1
2	153318525	153319575	3
2	153319576	153355705	1
2	153355706	153442667	0
2	153442668	153458515	1
2	153458516	153475184	0
2	153475185	153513464	2
2	153513465	153567008	0
2	153567009	153599044	2
2	153599045	153606613	0
2	153606614	153620916	2
2	153620917	153624353	0
2	153624354	153642216	2
2	153642217	153668715	0
2	153668716	153670486	2
2	153670487	153681922	0
2	153681923	153696818	1
2	153696819	153700779	0
2	153700780	153721004	2
2	153721005	153726122	0
2	153726123	153738529	2
2	153738530	153743964	0
2	153743965	153758730	2
2	153758731	153763946	0
2	153763947	153789835	2
2	153789836	153800679	0
2	153800680	153826229	2
2	153826230	153833999	0
2	153834000	153841813	2
2	153841814	153956070	0
2	153956071	153964090	2
2	153964091	153968614	0
2	153968615	153974953	2
2	153974954	153988341	0
2	153988342	153994184	2
2	153994185	154016552	0
2	154016553	154046103	2
2	154046104	154049476	0
2	154049477	154066636	2
2	154066637	154083588	0
2	154083589	154096979	2
2	154096980	154132961	0
2	154132962	154146380	2
2	154146381	154161114	0
2	154161115	154198744	1
2	154198745	154202047	0
2	154202048	154233833	1
2	154233834	154262215	0
2	154262216	154365090	2
2	154365091	154370133	0
2	154370134	154372819	1
2	154372820	154375552	3
2	154375553	154377510	1
2	154377511	154379010	3
2	154379011	154384624	1
2	154384625	154385141	0
2	154385142	154395626	1
2	154395627	154411492	0
2	154411493	154429442	1
2	154429443	154439031	0
2	154439032	154472555	2
2	154472556	154477439	0
2	154477440	154520519	2
2	154520520	154616830	0
2	154616831	154697144	2
2	154697145	154718669	3
2	154718670	154876746	2
2	154876747	154885044	0
2	154885045	154900231	1
2	154900232	154959243	0
2	154959244	155052589	2
2	155052590	155062267	0
2	155062268	155072730	2
2	155072731	155076006	3
2	155076007	155076011	2
2	155076012	155102031	1
2	155102032	155103807	3
2	155103808	155183164	1
2	155183165	155206793	0
2	155206794	155215584	2
2	155215585	155216399	0
2	155216400	155299628	1
2	155299629	155316113	0
2	155316114	155343682	1
2	155343683	155343971	3
2	155343972	155388915	2
2	155388916	155411458	3
2	155411459	155418544	1
2	155418545	155436946	0
2	155436947	155460005	2
2	155460006	155460041	3
2	155460042	155518118	1
2	155518119	155527411	0
2	155527412	155555209	1
2	155555210	155561544	0
2	155561545	155561600	1
2	155561601	155576851	0
2	155576852	155581205	2
2	155581206	155601076	0
2	155601077	155644100	2
2	155644101	155645566	0
2	155645567	155652659	1
2	155652660	155653282	0
2	155653283	155660588	1
2	155660589	155672628	0
2	155672629	155756044	1
2	155756045	155766462	0
2	155766463	155766757	2
2	155766758	155768484	3
2	155768485	155771101	1
2	155771102	155782192	0
2	155782193	155799013	2
2	155799014	155812347	3
2	155812348	155824634	2
2	155824635	155833711	1
2	155833712	155833779	0
2	155833780	155844013	2
2	155844014	155844873	0
2	155844874	155878681	1
2	155878682	155890909	0
2	155890910	155896351	2
2	155896352	155897579	0
2	155897580	155969773	1
2	155969774	155969920	3
2	155969921	155971531	2
2	155971532	155972973	0
2	155972974	156005972	1
2	156005973	156022200	0
2	156022201	156135686	2
2	156135687	156137581	0
2	156137582	156138033	1
2	156138034	156138438	3
2	156138439	156201372	2
2	156201373	156218225	0
2	156218226	156218563	1
2	156218564	156246643	0
2	156246644	156368948	2
2	156368949	156373318	0
2	156373319	156394706	2
2	156394707	156439439	0
2	156439440	156590097	2
2	156590098	156601154	0
2	156601155	156607392	2
2	156607393	156665811	0
2	156665812	156681304	2
2	156681305	156682350	0
2	156682351	156683680	1
2	156683681	156688862	0
2	156688863	156698191	2
2	156698192	156699297	3
2	156699298	156712926	1
2	156712927	156753079	0
2	156753080	156817790	1
2	156817791	156820999	0
2	156821000	156832888	1
2	156832889	156841533	0
2	156841534	156904988	1
2	156904989	156912789	0
2	156912790	156922216	2
2	156922217	156923263	0
2	156923264	156960999	1
2	156961000	156971627	0
2	156971628	157030268	1
2	157030269	157034284	0
2	157034285	157104751	1
2	157104752	157105283	3
2	157105284	157152053	2
2	157152054	157155231	0
2	157155232	157173240	1
2	157173241	157193328	0
2	157193329	157222497	2
2	157222498	157244178	0
2	157244179	157297596	2
2	157297597	157382096	0
2	157382097	157385812	1
2	157385813	157388238	3
2	157388239	157397008	1
2	157397009	157563135	0
2	157563136	157717348	2
2	157717349	157740387	0
2	157740388	157770453	2
2	157770454	157807537	0
2	157807538	157854167	1
2	157854168	157854231	0
2	157854232	157942136	2
2	157942137	157958031	3
2	157958032	157972170	1
2	157972171	158008267	0
2	158008268	158017743	1
2	158017744	158021476	3
2	158021477	158054956	1
2	158054957	158083828	0
2	158083829	158110265	2
2	158110266	158132227	0
2	158132228	158158586	2
2	158158587	158201372	0
2	158201373	158211879	2
2	158211880	158235582	0
2	158235583	158324987	2
2	158324988	158328346	0
2	158328347	158333932	2
2	158333933	158338530	0
2	158338531	158376496	2
2	158376497	158436492	0
2	158436493	158441482	2
2	158441483	158450622	0
2	158450623	158464945	2
2	158464946	158491132	0
2	158491133	158592068	2
2	158592069	158593827	0
2	158593828	158612371	2
2	158612372	158620541	0
2	158620542	158683948	2
2	158683949	160137127	0
2	160137128	160159896	1
2	160159897	160189411	0
2	160189412	160192799	1
2	160192800	160394113	0
2	160394114	160445705	1
2	160445706	160471622	0
2	160471623	160544099	2
2	160544100	160546267	3
2	160546268	160548498	2
2	160548499	160557034	0
2	160557035	160574442	2
2	160574443	160588236	3
2	160588237	160591468	2
2	160591469	160601494	3
2	160601495	160698732	1
2	160698733	160706404	0
2	160706405	160731736	2
2	160731737	160732171	0
2	160732172	160738062	1
2	160738063	160772712	0
2	160772713	160934809	1
2	160934810	161347724	0
2	161347725	162486881	1
2	162486882	162757262	0
2	162757263	162762855	2
2	162762856	162769199	0
2	162769200	162800256	2
2	162800257	162813064	0
2	162813065	162839861	2
2	162839862	162843088	0
2	162843089	162871875	2
2	162871876	162880421	0
2	162880422	162910422	2
2	162910423	162912765	0
2	162912766	162913588	1
2	162913589	163028859	0
2	163028860	163149904	2
2	163149905	163161976	0
2	163161977	163223727	1
2	163223728	163231556	0
2	163231557	163250431	1
2	163250432	163264210	0
2	163264211	163281058	2
2	163281059	163292113	0
2	163292114	163298325	1
2	163298326	163298363	3
2	163298364	163298645	2
2	163298646	163318052	0
2	163318053	163328346	2
2	163328347	163332542	0
2	163332543	163398644	2
2	163398645	163428048	0
2	163428049	163444747	2
2	163444748	163449006	0
2	163449007	163470584	1
2	163470585	163470865	3
2	163470866	163471534	2
2	163471535	163484120	0
2	163484121	163551892	2
2	163551893	163552318	0
2	163552319	163575973	1
2	163575974	163646595	0
2	163646596	163658880	2
2	163658881	163679385	0
2	163679386	163685480	2
2	163685481	163685485	0
2	163685486	163744417	1
2	163744418	163820694	0
2	163820695	163844322	2
2	163844323	163851184	0
2	163851185	163876272	2
2	163876273	163879274	0
2	163879275	163896056	1
2	163896057	163896836	3
2	163896837	163896903	1
2	163896904	163981258	2
2	163981259	163989353	0
2	163989354	163996847	1
2	163996848	164002061	0
2	164002062	164008476	1
2	164008477	164014965	0
2	164014966	164016342	1
2	164016343	164024597	0
2	164024598	164025864	1
2	164025865	164040188	0
2	164040189	164047394	1
2	164047395	164061663	0
2	164061664	164064200	1
2	164064201	164080097	0
2	164080098	164082374	1
2	164082375	164101686	0
2	164101687	164104193	1
2	164104194	164115002	0
2	164115003	164117234	2
2	164117235	164142485	0
2	164142486	164144187	2
2	164144188	164158474	0
2	164158475	164160130	2
2	164160131	164179804	0
2	164179805	164214829	1
2	164214830	164215127	0
2	164215128	164228639	1
2	164228640	164230110	3
2	164230111	164230658	1
2	164230659	164240946	2
2	164240947	164249745	0
2	164249746	164269385	1
2	164269386	164282462	0
2	164282463	164295799	2
2	164295800	164299222	3
2	164299223	164318817	2
2	164318818	164323018	0
2	164323019	164333799	2
2	164333800	164387911	0
2	164387912	164394008	2
2	164394009	164395193	0
2	164395194	164398957	1
2	164398958	164405017	0
2	164405018	164410945	1
2	164410946	164413841	0
2	164413842	164419092	1
2	164419093	164421956	0
2	164421957	164439020	1
2	164439021	164439124	3
2	164439125	164443710	2
2	164443711	164460205	0
2	164460206	164464300	1
2	164464301	164475129	0
2	164475130	164481438	1
2	164481439	164482081	3
2	164482082	164482866	2
2	164482867	164488392	0
2	164488393	164499585	1
2	164499586	164510605	0
2	164510606	164513204	2
2	164513205	164523999	0
2	164524000	164527951	2
2	164527952	164540803	0
2	164540804	164543566	2
2	164543567	164556678	0
2	164556679	164571429	1
2	164571430	164571481	0
2	164571482	164594105	2
2	164594106	164595396	0
2	164595397	164602659	2
2	164602660	164604320	3
2	164604321	164605465	1
2	164605466	164611321	0
2	164611322	164618266	2
2	164618267	164618550	3
2	164618551	164619314	2
2	164619315	164630380	1
2	164630381	164630596	0
2	164630597	164647628	2
2	164647629	164648184	0
2	164648185	164651887	2
2	164651888	164652369	3
2	164652370	164654035	1
2	164654036	164656230	0
2	164656231	164658371	1
2	164658372	164658954	3
2	164658955	164665016	2
2	164665017	164665517	3
2	164665518	164666530	2
2	164666531	164683209	1
2	164683210	164704802	0
2	164704803	164717380	2
2	164717381	164719952	3
2	164719953	164737255	1
2	164737256	164766278	0
2	164766279	164781348	2
2	164781349	164786314	0
2	164786315	164825226	2
2	164825227	164825855	0
2	164825856	164860365	1
2	164860366	164881125	0
2	164881126	164898446	2
2	164898447	164904191	0
2	164904192	164916248	1
2	164916249	164937005	0
2	164937006	165060351	1
2	165060352	165102052	0
2	165102053	165113367	1
2	165113368	165113529	0
2	165113530	165151977	1
2	165151978	165176795	0
2	165176796	165194227	1
2	165194228	165199762	0
2	165199763	165213757	1
2	165213758	165219258	0
2	165219259	165225903	1
2	165225904	165230526	0
2	165230527	165298728	1
2	165298729	165315608	0
2	165315609	165318822	1
2	165318823	165329285	0
2	165329286	165345415	2
2	165345416	165480796	0
2	165480797	165597225	2
2	165597226	165609652	0
2	165609653	165724514	1
2	165724515	165818134	0
2	165818135	165898587	2
2	165898588	165898740	3
2	165898741	165981161	1
2	165981162	166391840	0
2	166391841	166539330	1
2	166539331	166618029	0
2	166618030	166625003	2
2	166625004	166631086	0
2	166631087	166723550	2
2	166723551	166731538	0
2	166731539	166771887	2
2	166771888	166773047	0
2	166773048	166821797	1
2	166821798	166840691	0
2	166840692	166860445	2
2	166860446	166861291	0
2	166861292	166888432	1
2	166888433	166888513	3
2	166888514	166891360	2
2	166891361	166928876	0
2	166928877	167015653	1
2	167015654	167017303	0
2	167017304	167066102	1
2	167066103	167073815	0
2	167073816	167074076	2
2	167074077	167123942	0
2	167123943	167174681	1
2	167174682	167247210	0
2	167247211	167302498	2
2	167302499	167306631	0
2	167306632	167318143	1
2	167318144	167318385	3
2	167318386	167341671	2
2	167341672	167363693	0
2	167363694	167368312	2
2	167368313	167433136	0
2	167433137	167514413	1
2	167514414	167515320	3
2	167515321	167515916	2
2	167515917	167757555	0
2	167757556	167804883	2
2	167804884	167805662	0
2	167805663	167836116	1
2	167836117	167906502	0
2	167906503	167926701	2
2	167926702	168006484	0
2	168006485	168032610	1
2	168032611	168034546	0
2	168034547	168056089	1
2	168056090	168056120	0
2	168056121	168058092	2
2	168058093	168085615	0
2	168085616	168107234	1
2	168107235	168301908	0
2	168301909	168427155	1
2	168427156	168459936	0
2	168459937	168567907	1
2	168567908	168573830	0
2	168573831	168593441	1
2	168593442	168718829	0
2	168718830	168781085	1
2	168781086	168845768	0
2	168845769	168846864	2
2	168846865	169407579	0
2	169407580	169408731	2
2	169408732	169408910	0
2	169408911	169413243	1
2	169413244	169458511	0
2	169458512	169787626	2
2	169787627	169788485	3
2	169788486	169897314	2
2	169897315	169934141	0
2	169934142	169973601	1
2	169973602	170172489	0
2	170172490	170253343	1
2	170253344	170308206	0
2	170308207	170321926	1
2	170321927	170322643	3
2	170322644	170344621	2
2	170344622	170404916	0
2	170404917	170427515	1
2	170427516	170557305	0
2	170557306	170705267	2
2	170705268	171861731	0
2	171861732	171868964	1
2	171868965	172073990	0
2	172073991	172076612	2
2	172076613	172171063	0
2	172171064	172181247	2
2	172181248	172181688	0
2	172181689	172196033	1
2	172196034	172196179	0
2	172196180	172207946	2
2	172207947	172219292	0
2	172219293	172259255	2
2	172259256	172266054	0
2	172266055	172275811	2
2	172275812	172284094	3
2	172284095	172295406	2
2	172295407	172298018	0
2	172298019	172299829	2
2	172299830	172375091	0
2	172375092	172384120	2
2	172384121	172693511	0
2	172693512	172765820	1
2	172765821	172803199	0
2	172803200	172819075	2
2	172819076	172825616	0
2	172825617	172841238	2
2	172841239	172845997	0
2	172845998	172860233	2
2	172860234	172919108	0
2	172919109	172945024	1
2	172945025	172978547	0
2	172978548	172984772	2
2	172984773	173032111	0
2	173032112	173044422	1
2	173044423	173049957	0
2	173049958	173102032	1
2	173102033	173348085	0
2	173348086	173354000	2
2	173354001	173394164	0
2	173394165	173403864	1
2	173403865	173485259	0
2	173485260	173532842	2
2	173532843	173544914	0
2	173544915	173547588	2
2	173547589	173563010	0
2	173563011	173609835	2
2	173609836	173901807	0
2	173901808	173925270	2
2	173925271	173935848	0
2	173935849	173948569	2
2	173948570	174109819	0
2	174109820	174155818	2
2	174155819	174172211	3
2	174172212	174172243	2
2	174172244	174241303	0
2	174241304	174252992	2
2	174252993	174253001	3
2	174253002	174264538	1
2	174264539	174276194	0
2	174276195	174283381	2
2	174283382	174286571	0
2	174286572	174289604	1
2	174289605	174290566	0
2	174290567	174298580	1
2	174298581	174469033	0
2	174469034	174536331	2
2	174536332	174586118	0
2	174586119	174609541	2
2	174609542	174835740	0
2	174835741	174844747	2
2	174844748	174887048	0
2	174887049	174893280	1
2	174893281	174954992	0
2	174954993	174967511	1
2	174967512	174991754	0
2	174991755	175001370	1
2	175001371	175016564	0
2	175016565	175032416	1
2	175032417	175100624	0
2	175100625	175112304	2
2	175112305	175147454	0
2	175147455	175163696	1
2	175163697	175197935	0
2	175197936	175209700	2
2	175209701	175247799	0
2	175247800	175261306	1
2	175261307	175295562	0
2	175295563	175307670	2
2	175307671	175375243	0
2	175375244	175377099	2
2	175377100	175454409	0
2	175454410	175468168	1
2	175468169	175544912	0
2	175544913	175553146	2
2	175553147	175594031	0
2	175594032	175605281	1
2	175605282	175643108	0
2	175643109	175652990	2
2	175652991	175691353	0
2	175691354	175702776	1
2	175702777	175740667	0
2	175740668	175750549	2
2	175750550	175788487	0
2	175788488	175800223	1
2	175800224	175868349	0
2	175868350	175880378	2
2	175880379	175918011	0
2	175918012	175930230	1
2	175930231	175964461	0
2	175964462	175979433	2
2	175979434	176083703	0
2	176083704	176093582	1
2	176093583	176131380	0
2	176131381	176141648	2
2	176141649	176181275	0
2	176181276	176191158	1
2	176191159	176221037	0
2	176221038	176232460	1
2	176232461	176266733	0
2	176266734	176280238	2
2	176280239	176317755	0
2	176317756	176329922	1
2	176329923	176398071	0
2	176398072	176421051	1
2	176421052	176455229	0
2	176455230	176506520	2
2	176506521	176583315	0
2	176583316	176595926	2
2	176595927	176615843	0
2	176615844	176621433	2
2	176621434	176677212	0
2	176677213	176712512	1
2	176712513	176785659	0
2	176785660	176797490	2
2	176797491	176859023	0
2	176859024	176872050	2
2	176872051	176968156	0
2	176968157	176991124	1
2	176991125	177049357	0
2	177049358	177051739	1
2	177051740	177099223	0
2	177099224	177109010	1
2	177109011	177171827	0
2	177171828	177183023	1
2	177183024	177249436	0
2	177249437	177262832	2
2	177262833	177282918	0
2	177282919	177297012	2
2	177297013	177353907	0
2	177353908	177362913	1
2	177362914	177493991	0
2	177493992	177505175	2
2	177505176	177566494	0
2	177566495	177575039	1
2	177575040	177631799	0
2	177631800	177638043	2
2	177638044	177640487	3
2	177640488	177660316	1
2	177660317	177670696	0
2	177670697	177692000	1
2	177692001	177757987	0
2	177757988	177768725	2
2	177768726	177802398	0
2	177802399	177813179	1
2	177813180	177853678	0
2	177853679	178073195	2
2	178073196	178079996	0
2	178079997	178142388	1
2	178142389	178145909	0
2	178145910	178149175	1
2	178149176	178149227	0
2	178149228	178159131	2
2	178159132	178165234	0
2	178165235	178222069	2
2	178222070	179149639	0
2	179149640	179151585	2
2	179151586	179177134	0
2	179177135	179634076	2
2	179634077	179646849	0
2	179646850	179711349	1
2	179711350	179759690	0
2	179759691	179770168	2
2	179770169	179771076	0
2	179771077	179777136	1
2	179777137	179777212	0
2	179777213	179804904	2
2	179804905	179805291	0
2	179805292	179820605	2
2	179820606	179834168	0
2	179834169	179839191	1
2	179839192	179854009	0
2	179854010	179897383	2
2	179897384	179906188	0
2	179906189	179910989	2
2	179910990	179911076	0
2	179911077	179960562	1
2	179960563	179992080	0
2	179992081	179993148	2
2	179993149	179993243	0
2	179993244	180008199	1
2	180008200	180012349	0
2	180012350	180024582	1
2	180024583	180059836	0
2	180059837	180067560	1
2	180067561	180069402	3
2	180069403	180075435	2
2	180075436	180190948	0
2	180190949	180209570	2
2	180209571	180234679	0
2	180234680	180279683	2
2	180279684	180316007	0
2	180316008	180321007	2
2	180321008	180323948	0
2	180323949	180330539	2
2	180330540	180332493	0
2	180332494	180356659	2
2	180356660	180356892	3
2	180356893	180377411	1
2	180377412	180392667	0
2	180392668	180444702	1
2	180444703	180444820	0
2	180444821	180453436	2
2	180453437	180459966	0
2	180459967	180476983	2
2	180476984	180509084	0
2	180509085	180511603	1
2	180511604	180639080	0
2	180639081	180655652	1
2	180655653	180663726	0
2	180663727	180668713	2
2	180668714	180669475	0
2	180669476	180689402	1
2	180689403	180701928	0
2	180701929	180717229	2
2	180717230	180718935	0
2	180718936	180720294	2
2	180720295	180721238	0
2	180721239	180752243	2
2	180752244	180753083	0
2	180753084	180778249	1
2	180778250	180810282	0
2	180810283	180869994	1
2	180869995	180882356	0
2	180882357	180891717	1
2	180891718	180921950	0
2	180921951	180923474	2
2	180923475	180928424	0
2	180928425	180937492	1
2	180937493	180940265	0
2	180940266	180947888	1
2	180947889	180954716	0
2	180954717	180957557	2
2	180957558	180962318	0
2	180962319	180976730	1
2	180976731	180986152	0
2	180986153	181022738	1
2	181022739	181041162	0
2	181041163	181049203	1
2	181049204	181054442	0
2	181054443	181091319	2
2	181091320	181092393	0
2	181092394	181099631	1
2	181099632	181100107	3
2	181100108	181118331	2
2	181118332	181122465	0
2	181122466	181194129	1
2	181194130	181227909	0
2	181227910	181229683	2
2	181229684	181231845	0
2	181231846	181252669	2
2	181252670	181255188	0
2	181255189	181289836	2
2	181289837	181303852	0
2	181303853	181326571	1
2	181326572	181327164	3
2	181327165	181327506	1
2	181327507	181329921	2
2	181329922	181333915	3
2	181333916	181390363	2
2	181390364	181404539	0
2	181404540	181406343	1
2	181406344	181415013	0
2	181415014	181422774	2
2	181422775	181423122	0
2	181423123	181428680	1
2	181428681	181431496	0
2	181431497	181433145	1
2	181433146	181449719	0
2	181449720	181455688	2
2	181455689	181498035	0
2	181498036	181562500	2
2	181562501	181572557	0
2	181572558	181592164	2
2	181592165	181599040	0
2	181599041	181605533	2
2	181605534	181725839	0
2	181725840	181731133	2
