<CHROM>	<START>	<END>	<TSB>
9	0	3000920	0
9	3000921	3002328	2
9	3002329	3004455	0
9	3004456	3005192	2
9	3005193	3013168	0
9	3013169	3014342	2
9	3014343	3015652	0
9	3015653	3017208	2
9	3017209	3017406	0
9	3017407	3019020	2
9	3019021	3020153	0
9	3020154	3021591	2
9	3021592	3023545	0
9	3023546	3025216	2
9	3025217	3025415	0
9	3025416	3026385	2
9	3026386	3030335	0
9	3030336	3031069	2
9	3031070	3032083	0
9	3032084	3032820	2
9	3032821	3034597	0
9	3034598	3035803	2
9	3035804	3037109	0
9	3037110	3038314	2
9	3038315	3133845	0
9	3133846	3199780	1
9	3199781	3335476	0
9	3335477	3387048	2
9	3387049	3404083	0
9	3404084	3479234	2
9	3479235	3532352	0
9	3532353	3897340	2
9	3897341	4294791	0
9	4294792	4309492	1
9	4309493	4309741	0
9	4309742	4331719	2
9	4331720	4376610	0
9	4376611	4386859	2
9	4386860	4417897	0
9	4417898	4796232	1
9	4796233	5298515	0
9	5298516	5307263	2
9	5307264	5308826	0
9	5308827	5336781	2
9	5336782	5345428	0
9	5345429	5373030	2
9	5373031	6168610	0
9	6168611	6265026	2
9	6265027	6266545	3
9	6266546	6378841	2
9	6378842	6928501	0
9	6928502	7184444	1
9	7184445	7184564	0
9	7184565	7207029	2
9	7207030	7272512	0
9	7272513	7283331	2
9	7283332	7344379	0
9	7344380	7368237	2
9	7368238	7369497	3
9	7369498	7388045	1
9	7388046	7445820	0
9	7445821	7455970	2
9	7455971	7464139	0
9	7464140	7476867	2
9	7476868	7502350	0
9	7502351	7510236	2
9	7510237	7558427	0
9	7558428	7568484	2
9	7568485	7571394	0
9	7571395	7581883	2
9	7581884	7628229	0
9	7628230	7674966	2
9	7674967	7692084	0
9	7692085	7699583	2
9	7699584	7751723	0
9	7751724	7752205	2
9	7752206	7764039	0
9	7764040	7794331	2
9	7794332	7818234	0
9	7818235	7835253	1
9	7835254	7836685	0
9	7836686	7837062	1
9	7837063	7848697	0
9	7848698	7873184	1
9	7873185	7931997	0
9	7931998	8004594	1
9	8004595	8021670	0
9	8021671	8042821	1
9	8042822	8076631	0
9	8076632	8134292	1
9	8134293	8221887	0
9	8221888	8241985	2
9	8241986	8544430	0
9	8544431	8680563	2
9	8680564	8900417	0
9	8900418	8965423	2
9	8965424	8971789	0
9	8971790	8975771	2
9	8975772	8994951	0
9	8994952	9239024	1
9	9239025	9247038	0
9	9247039	9247603	1
9	9247604	9260681	0
9	9260682	9260881	2
9	9260882	9660889	0
9	9660890	10904773	1
9	10904774	13234579	0
9	13234580	13235954	2
9	13235955	13424432	0
9	13424433	13513830	2
9	13513831	13552852	0
9	13552853	13610923	2
9	13610924	13612234	0
9	13612235	13631549	1
9	13631550	13632158	0
9	13632159	13650983	2
9	13650984	14080743	0
9	14080744	14130580	2
9	14130581	14158432	0
9	14158433	14185949	1
9	14185950	14266990	0
9	14266991	14304924	1
9	14304925	14305059	0
9	14305060	14315019	2
9	14315020	14346408	0
9	14346409	14447971	1
9	14447972	14500672	0
9	14500673	14545175	1
9	14545176	14552901	0
9	14552902	14556564	1
9	14556565	14562642	0
9	14562643	14575472	1
9	14575473	14584651	0
9	14584652	14587406	1
9	14587407	14589096	0
9	14589097	14641565	2
9	14641566	14664652	0
9	14664653	14675231	2
9	14675232	14690256	0
9	14690257	14708393	1
9	14708394	14809603	0
9	14809604	14849920	1
9	14849921	14856283	0
9	14856284	14916550	1
9	14916551	15043487	0
9	15043488	15063835	2
9	15063836	15064794	0
9	15064795	15084309	1
9	15084310	15087781	0
9	15087782	15105998	1
9	15105999	15110656	0
9	15110657	15121357	2
9	15121358	15121439	3
9	15121440	15162230	1
9	15162231	15309929	0
9	15309930	15349702	2
9	15349703	15364306	0
9	15364307	15432375	1
9	15432376	15514180	0
9	15514181	15546826	2
9	15546827	15667056	0
9	15667057	15678998	1
9	15678999	15714647	0
9	15714648	16182679	1
9	16182680	16834487	0
9	16834488	16835341	2
9	16835342	18096709	0
9	18096710	18118442	2
9	18118443	18126393	0
9	18126394	18207437	1
9	18207438	18208860	0
9	18208861	18215944	2
9	18215945	18247898	0
9	18247899	18250758	2
9	18250759	18260017	0
9	18260018	18282710	1
9	18282711	18282821	0
9	18282822	18289734	2
9	18289735	18299897	0
9	18299898	18317327	1
9	18317328	18559098	0
9	18559099	18560151	1
9	18560152	18619796	0
9	18619797	18620734	1
9	18620735	18661069	0
9	18661070	18662034	2
9	18662035	18679771	0
9	18679772	18680718	2
9	18680719	18749092	0
9	18749093	18750030	2
9	18750031	18792432	0
9	18792433	18793370	2
9	18793371	18839567	0
9	18839568	18840502	2
9	18840503	18925399	0
9	18925400	18926353	2
9	18926354	19052799	0
9	19052800	19053905	1
9	19053906	19122978	0
9	19122979	19123907	2
9	19123908	19142901	0
9	19142902	19143842	2
9	19143843	19164857	0
9	19164858	19165798	1
9	19165799	19179383	0
9	19179384	19180321	1
9	19180322	19245357	0
9	19245358	19246295	2
9	19246296	19281743	0
9	19281744	19282690	1
9	19282691	19301186	0
9	19301187	19302330	2
9	19302331	19341453	0
9	19341454	19342370	1
9	19342371	19370877	0
9	19370878	19371824	1
9	19371825	19388953	0
9	19388954	19389944	2
9	19389945	19445666	0
9	19445667	19452490	2
9	19452491	19517271	0
9	19517272	19518200	2
9	19518201	19584725	0
9	19584726	19588506	2
9	19588507	19612762	0
9	19612763	19613691	2
9	19613692	19650065	0
9	19650066	19654189	1
9	19654190	19687751	0
9	19687752	19688785	1
9	19688786	19721671	0
9	19721672	19726952	2
9	19726953	19831401	0
9	19831402	19832477	1
9	19832478	19858908	0
9	19858909	19859903	1
9	19859904	19903068	0
9	19903069	19906132	2
9	19906133	19933543	0
9	19933544	19942531	2
9	19942532	19975076	0
9	19975077	19976011	1
9	19976012	20016649	0
9	20016650	20017795	2
9	20017796	20041604	0
9	20041605	20065355	2
9	20065356	20086793	0
9	20086794	20091090	2
9	20091091	20104571	0
9	20104572	20105632	2
9	20105633	20118334	0
9	20118335	20140536	1
9	20140537	20149578	0
9	20149579	20189619	1
9	20189620	20237414	0
9	20237415	20264604	1
9	20264605	20272991	0
9	20272992	20297188	1
9	20297189	20299510	0
9	20299511	20325859	1
9	20325860	20385767	0
9	20385768	20399636	2
9	20399637	20422560	0
9	20422561	20447320	1
9	20447321	20449189	3
9	20449190	20449209	1
9	20449210	20451582	2
9	20451583	20456572	0
9	20456573	20471026	2
9	20471027	20472142	0
9	20472143	20532671	1
9	20532672	20574492	0
9	20574493	20619509	1
9	20619510	20622946	0
9	20622947	20630605	2
9	20630606	20673084	0
9	20673085	20678251	2
9	20678252	20678749	3
9	20678750	20684169	1
9	20684170	20692617	0
9	20692618	20696620	2
9	20696621	20698794	0
9	20698795	20703042	1
9	20703043	20711648	0
9	20711649	20757315	1
9	20757316	20770394	0
9	20770395	20781235	1
9	20781236	20807179	0
9	20807180	20813277	2
9	20813278	20820402	0
9	20820403	20833239	2
9	20833240	20833815	0
9	20833816	20834973	2
9	20834974	20836480	0
9	20836481	20843478	2
9	20843479	20866835	0
9	20866836	20871535	1
9	20871536	20871962	0
9	20871963	20877956	1
9	20877957	20878610	0
9	20878611	20896441	1
9	20896442	20908519	0
9	20908520	20931788	1
9	20931789	20942983	0
9	20942984	20954348	1
9	20954349	20970156	0
9	20970157	21017690	2
9	21017691	21034172	0
9	21034173	21043774	1
9	21043775	21047354	0
9	21047355	21052885	1
9	21052886	21069741	0
9	21069742	21077900	2
9	21077901	21078810	3
9	21078811	21092413	1
9	21092414	21092905	0
9	21092906	21095651	1
9	21095652	21099899	0
9	21099900	21116775	1
9	21116776	21142286	0
9	21142287	21159467	2
9	21159468	21172385	0
9	21172386	21209792	2
9	21209793	21216279	0
9	21216280	21224719	2
9	21224720	21229350	0
9	21229351	21311822	2
9	21311823	21312196	3
9	21312197	21312201	2
9	21312202	21314629	1
9	21314630	21330618	0
9	21330619	21349775	2
9	21349776	21351336	0
9	21351337	21393151	2
9	21393152	21393909	3
9	21393910	21393929	2
9	21393930	21397164	1
9	21397165	21397188	3
9	21397189	21397221	1
9	21397222	21400388	2
9	21400389	21420611	0
9	21420612	21508672	2
9	21508673	21528036	0
9	21528037	21554358	2
9	21554359	21559884	0
9	21559885	21564731	1
9	21564732	21571215	0
9	21571216	21602988	1
9	21602989	21604626	0
9	21604627	21639952	1
9	21639953	21641788	3
9	21641789	21657077	1
9	21657078	21711933	0
9	21711934	21722634	1
9	21722635	21725451	0
9	21725452	21731904	1
9	21731905	21731913	0
9	21731914	21740314	2
9	21740315	21741475	0
9	21741476	21753342	2
9	21753343	21760195	0
9	21760196	21762712	2
9	21762713	21763341	0
9	21763342	21768018	1
9	21768019	21775969	0
9	21775970	21793895	1
9	21793896	21794313	0
9	21794314	21807076	1
9	21807077	21807477	0
9	21807478	21818661	2
9	21818662	21819447	0
9	21819448	21856465	1
9	21856466	21859902	0
9	21859903	21875787	1
9	21875788	21876712	0
9	21876713	21889817	1
9	21889818	21903723	0
9	21903724	21914072	2
9	21914073	21917431	0
9	21917432	21921590	1
9	21921591	21931173	0
9	21931174	21940188	1
9	21940189	21961288	0
9	21961289	21962800	2
9	21962801	22001509	0
9	22001510	22005066	2
9	22005067	22011783	0
9	22011784	22012988	1
9	22012989	22030272	0
9	22030273	22047639	2
9	22047640	22051872	0
9	22051873	22064337	1
9	22064338	22082667	0
9	22082668	22094983	1
9	22094984	22135656	0
9	22135657	22193648	1
9	22193649	22215489	0
9	22215490	22216019	1
9	22216020	22249119	3
9	22249120	22258732	1
9	22258733	22266504	3
9	22266505	22272800	1
9	22272801	22280157	0
9	22280158	22692722	2
9	22692723	23027518	0
9	23027519	23289644	2
9	23289645	23902438	0
9	23902439	24120840	2
9	24120841	24216218	0
9	24216219	24307582	1
9	24307583	24361490	0
9	24361491	24429627	1
9	24429628	24430269	3
9	24430270	24500735	1
9	24500736	24527646	0
9	24527647	24578744	1
9	24578745	24893864	0
9	24893865	24893932	2
9	24893933	24905846	0
9	24905847	24905923	1
9	24905924	24912572	0
9	24912573	24956278	1
9	24956279	25056202	0
9	25056203	25116148	2
9	25116149	25289130	0
9	25289131	25411693	2
9	25411694	26541311	0
9	26541312	26570627	2
9	26570628	26570678	3
9	26570679	26570684	2
9	26570685	26614051	1
9	26614052	26625536	0
9	26625537	26668406	1
9	26668407	26687150	0
9	26687151	26730664	1
9	26730665	26781718	0
9	26781719	26807149	1
9	26807150	26807260	0
9	26807261	26812086	2
9	26812087	26814913	3
9	26814914	26837677	1
9	26837678	26837758	0
9	26837759	26902894	2
9	26902895	26904967	0
9	26904968	26963001	1
9	26963002	27106811	0
9	27106812	27142346	2
9	27142347	27204404	0
9	27204405	27209293	2
9	27209294	27598358	0
9	27598359	28732993	2
9	28732994	28802333	0
9	28802334	29770724	1
9	29770725	30234691	0
9	30234692	30274309	2
9	30274310	30706738	0
9	30706739	30730035	1
9	30730036	30750145	0
9	30750146	30771421	2
9	30771422	30838227	0
9	30838228	30883462	2
9	30883463	30896985	0
9	30896986	30939436	1
9	30939437	30957140	0
9	30957141	31019398	1
9	31019399	31088121	0
9	31088122	31186126	2
9	31186127	31193775	0
9	31193776	31228916	2
9	31228917	31233782	0
9	31233783	31271821	1
9	31271822	31653680	0
9	31653681	31721045	1
9	31721046	31923719	0
9	31923720	32076029	2
9	32076030	32122366	0
9	32122367	32151820	1
9	32151821	32180001	0
9	32180002	32206775	2
9	32206776	32229791	0
9	32229792	32348972	1
9	32348973	32443804	0
9	32443805	32565403	2
9	32565404	34293709	0
9	34293710	34844299	2
9	34844300	34854162	0
9	34854163	34924393	1
9	34924394	34931991	0
9	34931992	34983644	1
9	34983645	34992134	0
9	34992135	35007758	1
9	35007759	35007874	3
9	35007875	35011789	2
9	35011790	35018519	3
9	35018520	35024548	2
9	35024549	35024597	3
9	35024598	35024603	2
9	35024604	35055556	3
9	35055557	35075388	1
9	35075389	35075448	0
9	35075449	35085314	2
9	35085315	35089101	0
9	35089102	35089418	1
9	35089419	35228711	0
9	35228712	35315234	2
9	35315235	35349431	0
9	35349432	35366053	1
9	35366054	35366178	0
9	35366179	35368403	2
9	35368404	35374721	3
9	35374722	35374766	2
9	35374767	35377686	1
9	35377687	35377867	0
9	35377868	35414676	2
9	35414677	35419518	3
9	35419519	35453645	2
9	35453646	35455702	3
9	35455703	35492662	2
9	35492663	35494954	3
9	35494955	35497901	2
9	35497902	35548632	0
9	35548633	35549835	2
9	35549836	35584196	0
9	35584197	35585468	1
9	35585469	35585616	0
9	35585617	35597695	1
9	35597696	35645912	0
9	35645913	35651733	1
9	35651734	35716006	0
9	35716007	35718379	2
9	35718380	35927517	0
9	35927518	35936362	1
9	35936363	36064641	0
9	36064642	36065906	1
9	36065907	36239467	0
9	36239468	36242521	2
9	36242522	36283221	0
9	36283222	36284763	2
9	36284764	36339986	0
9	36339987	36349546	1
9	36349547	36388861	0
9	36388862	36390218	1
9	36390219	36443338	0
9	36443339	36446185	1
9	36446186	36500803	0
9	36500804	36506420	2
9	36506421	36516065	0
9	36516066	36534648	1
9	36534649	36538858	0
9	36538859	36575262	1
9	36575263	36586738	0
9	36586739	36604936	1
9	36604937	36629522	0
9	36629523	36686507	2
9	36686508	36697548	0
9	36697549	36954897	1
9	36954898	37015916	0
9	37015917	37030793	2
9	37030794	37036732	0
9	37036733	37063321	1
9	37063322	37083418	0
9	37083419	37155975	1
9	37155976	37174951	0
9	37174952	37194155	2
9	37194156	37209480	0
9	37209481	37221606	2
9	37221607	37223252	0
9	37223253	37240758	1
9	37240759	37296904	0
9	37296905	37331731	2
9	37331732	37335661	0
9	37335662	37345902	2
9	37345903	37346838	0
9	37346839	37351788	2
9	37351789	37352076	0
9	37352077	37360328	1
9	37360329	37410884	0
9	37410885	37421197	1
9	37421198	37421430	0
9	37421431	37455901	2
9	37455902	37456765	0
9	37456766	37464895	1
9	37464896	37467485	0
9	37467486	37476805	1
9	37476806	37518855	0
9	37518856	37538644	1
9	37538645	37553719	0
9	37553720	37554725	2
9	37554726	37580220	0
9	37580221	37581223	2
9	37581224	37611472	0
9	37611473	37612519	2
9	37612520	37662403	0
9	37662404	37663338	2
9	37663339	37704908	0
9	37704909	37705958	2
9	37705959	37726131	0
9	37726132	37727195	2
9	37727196	37800075	0
9	37800076	37801022	2
9	37801023	37833391	0
9	37833392	37834320	2
9	37834321	37854807	0
9	37854808	37855893	2
9	37855894	37868905	0
9	37868906	37869834	2
9	37869835	37892421	0
9	37892422	37893350	2
9	37893351	37916271	0
9	37916272	37917215	2
9	37917216	37923275	0
9	37923276	37924310	2
9	37924311	37950720	0
9	37950721	37951664	2
9	37951665	37987454	0
9	37987455	37988404	1
9	37988405	38016635	0
9	38016636	38017576	2
9	38017577	38026401	0
9	38026402	38027349	2
9	38027350	38061002	0
9	38061003	38061943	2
9	38061944	38076098	0
9	38076099	38077048	2
9	38077049	38137075	0
9	38137076	38138142	2
9	38138143	38156668	0
9	38156669	38157618	2
9	38157619	38175131	0
9	38175132	38176126	2
9	38176127	38185466	0
9	38185467	38186416	2
9	38186417	38209303	0
9	38209304	38211412	2
9	38211413	38237867	0
9	38237868	38238802	2
9	38238803	38256375	0
9	38256376	38257430	2
9	38257431	38271626	0
9	38271627	38272558	2
9	38272559	38280332	0
9	38280333	38281264	2
9	38281265	38295614	0
9	38295615	38296549	2
9	38296550	38306254	0
9	38306255	38307186	2
9	38307187	38331313	0
9	38331314	38332252	2
9	38332253	38345465	0
9	38345466	38347412	2
9	38347413	38387827	0
9	38387828	38389794	2
9	38389795	38400386	0
9	38400387	38402744	2
9	38402745	38414050	0
9	38414051	38415000	2
9	38415001	38465041	0
9	38465042	38465973	1
9	38465974	38472496	0
9	38472497	38473425	1
9	38473426	38480087	0
9	38480088	38481064	1
9	38481065	38505012	0
9	38505013	38505959	1
9	38505960	38525851	0
9	38525852	38550920	2
9	38550921	38560379	0
9	38560380	38564446	2
9	38564447	38580671	0
9	38580672	38583937	2
9	38583938	38622991	0
9	38622992	38624122	2
9	38624123	38635198	0
9	38635199	38636265	2
9	38636266	38655699	0
9	38655700	38656625	2
9	38656626	38662643	0
9	38662644	38663573	2
9	38663574	38684709	0
9	38684710	38685759	2
9	38685760	38737674	0
9	38737675	38738772	2
9	38738773	38783234	0
9	38783235	38784236	2
9	38784237	38789693	0
9	38789694	38790625	1
9	38790626	38802090	0
9	38802091	38803016	1
9	38803017	38826142	0
9	38826143	38827202	1
9	38827203	38867312	0
9	38867313	38868247	1
9	38868248	38885281	0
9	38885282	38886399	1
9	38886400	38935750	0
9	38935751	38952655	2
9	38952656	38991763	0
9	38991764	38992707	2
9	38992708	39024942	0
9	39024943	39025877	2
9	39025878	39045070	0
9	39045071	39046014	1
9	39046015	39065303	0
9	39065304	39066265	1
9	39066266	39126230	0
9	39126231	39127195	1
9	39127196	39201376	0
9	39201377	39202320	2
9	39202321	39233676	0
9	39233677	39234731	1
9	39234732	39269016	0
9	39269017	39269960	2
9	39269961	39277363	0
9	39277364	39278307	1
9	39278308	39291787	0
9	39291788	39301571	1
9	39301572	39318366	0
9	39318367	39319301	1
9	39319302	39357511	0
9	39357512	39358452	1
9	39358453	39379843	0
9	39379844	39380897	1
9	39380898	39394979	0
9	39394980	39411986	1
9	39411987	39421127	0
9	39421128	39422143	2
9	39422144	39430688	0
9	39430689	39431754	2
9	39431755	39454307	0
9	39454308	39455255	2
9	39455256	39476642	0
9	39476643	39477577	2
9	39477578	39509376	0
9	39509377	39510405	1
9	39510406	39526812	0
9	39526813	39527750	2
9	39527751	39544400	0
9	39544401	39545338	2
9	39545339	39557971	0
9	39557972	39558903	2
9	39558904	39579437	0
9	39579438	39580381	1
9	39580382	39602960	0
9	39602961	39603895	2
9	39603896	39627224	0
9	39627225	39628159	2
9	39628160	39647019	0
9	39647020	39647942	2
9	39647943	39680860	0
9	39680861	39681804	2
9	39681805	39717388	0
9	39717389	39718311	2
9	39718312	39749798	0
9	39749799	39750877	2
9	39750878	39757420	0
9	39757421	39758352	1
9	39758353	39762341	0
9	39762342	39764552	1
9	39764553	39801395	0
9	39801396	39802330	2
9	39802331	39807789	0
9	39807790	39808833	1
9	39808834	39813526	0
9	39813527	39814530	1
9	39814531	39829935	0
9	39829936	39830931	2
9	39830932	39858206	0
9	39858207	39860494	2
9	39860495	39881880	0
9	39881881	39882845	2
9	39882846	39899600	0
9	39899601	39901141	1
9	39901142	39908127	0
9	39908128	39909071	1
9	39909072	39934507	0
9	39934508	39935622	1
9	39935623	39955705	0
9	39955706	39958463	2
9	39958464	39972213	0
9	39972214	39972542	2
9	39972543	39994662	0
9	39994663	39995677	2
9	39995678	39999899	0
9	39999900	40021187	2
9	40021188	40076799	0
9	40076800	40099201	2
9	40099202	40100816	0
9	40100817	40338966	1
9	40338967	40494043	0
9	40494044	40593400	2
9	40593401	40609065	0
9	40609066	40613281	2
9	40613282	40682208	0
9	40682209	40686053	2
9	40686054	40702930	0
9	40702931	40772199	1
9	40772200	40780879	0
9	40780880	40812667	1
9	40812668	40819179	0
9	40819180	40969778	1
9	40969779	41388822	0
9	41388823	41400908	2
9	41400909	41772801	0
9	41772802	41932378	1
9	41932379	42062258	0
9	42062259	42072381	1
9	42072382	42137700	0
9	42137701	42208010	1
9	42208011	42220397	0
9	42220398	42315890	1
9	42315891	42326216	0
9	42326217	42752574	1
9	42752575	42771923	0
9	42771924	42913799	1
9	42913800	42916734	0
9	42916735	42924651	1
9	42924652	42930709	0
9	42930710	43018450	1
9	43018451	43029359	0
9	43029360	43047897	1
9	43047898	43118844	0
9	43118845	43144206	2
9	43144207	43552657	0
9	43552658	43615535	2
9	43615536	43851465	0
9	43851466	43856660	2
9	43856661	43874408	0
9	43874409	43875102	1
9	43875103	43903708	3
9	43903709	43909819	1
9	43909820	43914585	3
9	43914586	43915326	1
9	43915327	43917265	3
9	43917266	43921598	1
9	43921599	43942550	0
9	43942551	43950808	2
9	43950809	43957343	0
9	43957344	44042127	1
9	44042128	44048758	0
9	44048759	44055387	2
9	44055388	44055393	0
9	44055394	44059545	1
9	44059546	44060794	0
9	44060795	44076680	1
9	44076681	44081269	0
9	44081270	44096696	1
9	44096697	44103754	0
9	44103755	44113752	1
9	44113753	44117318	0
9	44117319	44128363	1
9	44128364	44134926	0
9	44134927	44141681	2
9	44141682	44142796	0
9	44142797	44144152	2
9	44144153	44144431	0
9	44144432	44152309	1
9	44152310	44156187	0
9	44156188	44169751	1
9	44169752	44187571	0
9	44187572	44200450	2
9	44200451	44205180	0
9	44205181	44211044	2
9	44211045	44211842	0
9	44211843	44215629	1
9	44215630	44215795	0
9	44215796	44218247	2
9	44218248	44218486	3
9	44218487	44226088	1
9	44226089	44241436	0
9	44241437	44248949	1
9	44248950	44260797	0
9	44260798	44262848	1
9	44262849	44272238	0
9	44272239	44273613	2
9	44273614	44307217	0
9	44307218	44318469	2
9	44318470	44319869	0
9	44319870	44334502	1
9	44334503	44412973	0
9	44412974	44448812	2
9	44448813	44481314	0
9	44481315	44494385	2
9	44494386	44494386	3
9	44494387	44543279	1
9	44543280	44549645	0
9	44549646	44575926	1
9	44575927	44575989	0
9	44575990	44600795	2
9	44600796	44601856	0
9	44601857	44607388	1
9	44607389	44607481	0
9	44607482	44611032	1
9	44611033	44611436	0
9	44611437	44689377	1
9	44689378	44721331	0
9	44721332	44728823	1
9	44728824	44731212	0
9	44731213	44773681	1
9	44773682	44777653	0
9	44777654	44788512	1
9	44788513	44789874	0
9	44789875	44795133	2
9	44795134	44806824	0
9	44806825	44817671	1
9	44817672	44850506	0
9	44850507	44862096	2
9	44862097	44863267	0
9	44863268	44885517	2
9	44885518	44887264	0
9	44887265	44915257	2
9	44915258	44916611	3
9	44916612	44925957	1
9	44925958	44938151	3
9	44938152	44943687	1
9	44943688	44946518	0
9	44946519	44962233	2
9	44962234	44980807	0
9	44980808	44990088	1
9	44990089	45001049	3
9	45001050	45003847	1
9	45003848	45012173	3
9	45012174	45058101	2
9	45058102	45061918	0
9	45061919	45077230	1
9	45077231	45127181	0
9	45127182	45155662	2
9	45155663	45178266	0
9	45178267	45204239	2
9	45204240	45207955	0
9	45207956	45218359	2
9	45218360	45235286	0
9	45235287	45561341	2
9	45561342	45575027	0
9	45575028	45636772	1
9	45636773	45646661	0
9	45646662	45670494	2
9	45670495	45670565	3
9	45670566	45671506	2
9	45671507	45672480	3
9	45672481	45714650	1
9	45714651	45714968	3
9	45714969	45714975	1
9	45714976	45737709	2
9	45737710	45737773	3
9	45737774	45744139	1
9	45744140	45745938	0
9	45745939	45763328	1
9	45763329	45773392	0
9	45773393	45792952	1
9	45792953	45820901	0
9	45820902	46032275	2
9	46032276	46036661	0
9	46036662	46038547	2
9	46038548	46041014	0
9	46041015	46043717	1
9	46043718	46048777	0
9	46048778	46051540	2
9	46051541	46076714	0
9	46076715	46080000	2
9	46080001	46081145	0
9	46081146	46090724	2
9	46090725	46091089	0
9	46091090	46106864	2
9	46106865	46111442	0
9	46111443	46128067	1
9	46128068	47338254	0
9	47338255	47665718	2
9	47665719	48126087	0
9	48126088	48161535	1
9	48161536	48169507	0
9	48169508	48207979	2
9	48207980	48258499	0
9	48258500	48258885	2
9	48258886	48276617	0
9	48276618	48288714	1
9	48288715	48296812	0
9	48296813	48303411	1
9	48303412	48303448	0
9	48303449	48304067	2
9	48304068	48399980	0
9	48399981	48413256	1
9	48413257	48462414	0
9	48462415	48644048	1
9	48644049	48707317	0
9	48707318	48719202	1
9	48719203	48743111	0
9	48743112	48773093	1
9	48773094	48793488	0
9	48793489	48850620	2
9	48850621	48855735	0
9	48855736	48856388	1
9	48856389	48863735	0
9	48863736	48886875	2
9	48886876	48889363	0
9	48889364	48925690	2
9	48925691	49076675	0
9	49076676	49086886	2
9	49086887	49148730	0
9	49148731	49216280	2
9	49216281	49223325	0
9	49223326	49235124	1
9	49235125	49245066	0
9	49245067	49294328	1
9	49294329	49310255	0
9	49310256	49326439	1
9	49326440	49371047	3
9	49371048	49607025	1
9	49607026	50152343	0
9	50152344	50153070	1
9	50153071	50302628	0
9	50302629	50313742	2
9	50313743	50329721	0
9	50329722	50336744	1
9	50336745	50341190	0
9	50341191	50363284	1
9	50363285	50365251	0
9	50365252	50369371	1
9	50369372	50383376	0
9	50383377	50389940	2
9	50389941	50404441	0
9	50404442	50411952	1
9	50411953	50412004	0
9	50412005	50413343	2
9	50413344	50413423	3
9	50413424	50425424	1
9	50425425	50425567	3
9	50425568	50433103	2
9	50433104	50442736	0
9	50442737	50467883	1
9	50467884	50470855	0
9	50470856	50547620	1
9	50547621	50547794	0
9	50547795	50554624	1
9	50554625	50559175	0
9	50559176	50560457	1
9	50560458	50560861	0
9	50560862	50564736	2
9	50564737	50570931	0
9	50570932	50576339	1
9	50576340	50576555	3
9	50576556	50578165	1
9	50578166	50579640	3
9	50579641	50583122	1
9	50583123	50583623	3
9	50583624	50651645	2
9	50651646	50653404	0
9	50653405	50700904	2
9	50700905	50702332	3
9	50702333	50817176	1
9	50817177	50862743	0
9	50862744	50885197	1
9	50885198	50889218	0
9	50889219	50910181	1
9	50910182	50924104	0
9	50924105	50927978	2
9	50927979	51021793	0
9	51021794	51048182	2
9	51048183	51078654	0
9	51078655	51080520	1
9	51080521	51088398	0
9	51088399	51089023	2
9	51089024	51097789	0
9	51097790	51137020	1
9	51137021	51429528	0
9	51429529	51432977	2
9	51432978	51573440	0
9	51573441	51661959	2
9	51661960	51751410	0
9	51751411	51771659	1
9	51771660	51810377	0
9	51810378	51811384	1
9	51811385	51855253	0
9	51855254	51896840	2
9	51896841	51920088	0
9	51920089	51976214	1
9	51976215	52481147	0
9	52481148	52487532	1
9	52487533	52906557	0
9	52906558	53056215	1
9	53056216	53072718	0
9	53072719	53089088	2
9	53089089	53109773	0
9	53109774	53185617	2
9	53185618	53192126	0
9	53192127	53209970	2
9	53209971	53213389	0
9	53213390	53240906	2
9	53240907	53247252	0
9	53247253	53344843	1
9	53344844	53345150	0
9	53345151	53382445	2
9	53382446	53388625	0
9	53388626	53418485	1
9	53418486	53422685	0
9	53422686	53478117	1
9	53478118	53492213	0
9	53492214	53514335	1
9	53514336	53619340	0
9	53619341	53665966	2
9	53665967	53683581	0
9	53683582	53683957	1
9	53683958	53698056	0
9	53698057	53701649	2
9	53701650	53731887	0
9	53731888	53732366	2
9	53732367	53759265	0
9	53759266	53823106	1
9	53823107	53873411	0
9	53873412	53916216	1
9	53916217	54013742	0
9	54013743	54115915	1
9	54115916	54134291	0
9	54134292	54189591	2
9	54189592	54212963	0
9	54212964	54349565	1
9	54349566	54381951	0
9	54381952	54392599	2
9	54392600	54392825	3
9	54392826	54408023	1
9	54408024	54434286	0
9	54434287	54452466	2
9	54452467	54452682	0
9	54452683	54509675	1
9	54509676	54546678	0
9	54546679	54562540	2
9	54562541	54562566	3
9	54562567	54564120	2
9	54564121	54595755	1
9	54595756	54612553	0
9	54612554	54620915	2
9	54620916	54711560	0
9	54711561	54760339	2
9	54760340	54765088	0
9	54765089	54797729	2
9	54797730	54798071	0
9	54798072	54798595	1
9	54798596	54798759	3
9	54798760	54805835	2
9	54805836	54828685	0
9	54828686	54855584	2
9	54855585	54859148	0
9	54859149	54874364	1
9	54874365	54875961	0
9	54875962	54896349	1
9	54896350	54996659	0
9	54996660	55055334	2
9	55055335	55056730	0
9	55056731	55068027	2
9	55068028	55072238	3
9	55072239	55174649	1
9	55174650	55174718	0
9	55174719	55286150	2
9	55286151	55302313	0
9	55302314	55360048	1
9	55360049	55386477	0
9	55386478	55393985	2
9	55393986	55397688	0
9	55397689	55767410	1
9	55767411	55810394	0
9	55810395	55828719	1
9	55828720	55889650	0
9	55889651	55909687	2
9	55909688	55937767	0
9	55937768	55976693	2
9	55976694	55983690	0
9	55983691	56008875	1
9	56008876	56048936	0
9	56048937	56265855	1
9	56265856	56266449	0
9	56266450	56344689	2
9	56344690	56466280	0
9	56466281	56533058	1
9	56533059	56696464	0
9	56696465	56699768	1
9	56699769	56712909	0
9	56712910	56747675	2
9	56747676	56765005	0
9	56765006	56776176	1
9	56776177	56785305	0
9	56785306	56786202	2
9	56786203	56798683	0
9	56798684	56831011	2
9	56831012	56842773	0
9	56842774	56910610	2
9	56910611	56919845	0
9	56919846	56976171	2
9	56976172	56978495	0
9	56978496	56990527	2
9	56990528	56990605	0
9	56990606	56995927	1
9	56995928	56995985	0
9	56995986	56999742	2
9	56999743	57002846	0
9	57002847	57006104	1
9	57006105	57084361	0
9	57084362	57097668	2
9	57097669	57100127	0
9	57100128	57110404	1
9	57110405	57181918	0
9	57181919	57182596	2
9	57182597	57260473	0
9	57260474	57287919	1
9	57287920	57289133	0
9	57289134	57315829	1
9	57315830	57351907	0
9	57351908	57353252	2
9	57353253	57369037	0
9	57369038	57380229	2
9	57380230	57385333	0
9	57385334	57390992	2
9	57390993	57392061	0
9	57392062	57400568	1
9	57400569	57408749	0
9	57408750	57436602	2
9	57436603	57437257	0
9	57437258	57444038	2
9	57444039	57447824	0
9	57447825	57454086	1
9	57454087	57454890	0
9	57454891	57468579	1
9	57468580	57474452	0
9	57474453	57493458	1
9	57493459	57524742	0
9	57524743	57531460	1
9	57531461	57545418	0
9	57545419	57551627	2
9	57551628	57556345	0
9	57556346	57598516	2
9	57598517	57600304	3
9	57600305	57613665	1
9	57613666	57625670	0
9	57625671	57638158	2
9	57638159	57681766	3
9	57681767	57684598	1
9	57684599	57758791	0
9	57758792	57777773	2
9	57777774	57787918	0
9	57787919	57810669	2
9	57810670	57862818	0
9	57862819	57874825	2
9	57874826	57876482	0
9	57876483	57911593	1
9	57911594	57950102	3
9	57950103	57966628	1
9	57966629	58001801	2
9	58001802	58004078	0
9	58004079	58006947	1
9	58006948	58044103	0
9	58044104	58050702	1
9	58050703	58052124	3
9	58052125	58056613	2
9	58056614	58064984	0
9	58064985	58097591	1
9	58097592	58100969	0
9	58100970	58110328	2
9	58110329	58135528	0
9	58135529	58161017	1
9	58161018	58207609	0
9	58207610	58218174	1
9	58218175	58336768	0
9	58336769	58337733	2
9	58337734	58338042	0
9	58338043	58347492	2
9	58347493	58372105	0
9	58372106	58402604	1
9	58402605	58402937	3
9	58402938	58403634	2
9	58403635	58430045	0
9	58430046	58500661	2
9	58500662	58500683	3
9	58500684	58505760	2
9	58505761	58589364	1
9	58589365	58671317	0
9	58671318	58708760	2
9	58708761	58722484	0
9	58722485	58884246	1
9	58884247	58993479	0
9	58993480	58994015	1
9	58994016	59139377	0
9	59139378	59166195	2
9	59166196	59169771	0
9	59169772	59201313	1
9	59201314	59236063	0
9	59236064	59334423	1
9	59334424	59366491	0
9	59366492	59373306	1
9	59373307	59387472	0
9	59387473	59412912	2
9	59412913	59425722	0
9	59425723	59455097	2
9	59455098	59465089	0
9	59465090	59498084	2
9	59498085	59504381	0
9	59504382	59527180	2
9	59527181	59527949	0
9	59527950	59566679	2
9	59566680	59582064	0
9	59582065	59598454	1
9	59598455	59598701	0
9	59598702	59776671	2
9	59776672	59790576	0
9	59790577	59808464	1
9	59808465	59814736	0
9	59814737	60369851	1
9	60369852	60416664	0
9	60416665	60535963	1
9	60535964	60560794	0
9	60560795	60586606	2
9	60586607	60590925	0
9	60590926	60618080	2
9	60618081	60642353	0
9	60642354	60669660	2
9	60669661	60686005	3
9	60686006	60728175	2
9	60728176	61218602	0
9	61218603	61219998	1
9	61219999	61220188	0
9	61220189	61266295	2
9	61266296	61761089	0
9	61761090	61762343	1
9	61762344	61765085	0
9	61765086	61794604	1
9	61794605	61801286	0
9	61801287	61874661	1
9	61874662	61905053	0
9	61905054	61918411	1
9	61918412	62118534	0
9	62118535	62129984	1
9	62129985	62189098	0
9	62189099	62226617	2
9	62226618	62267297	0
9	62267298	62384849	1
9	62384850	62525631	0
9	62525632	62631787	2
9	62631788	62639637	0
9	62639638	62659453	1
9	62659454	62686590	0
9	62686591	62699811	2
9	62699812	62705909	0
9	62705910	62723723	2
9	62723724	62727882	0
9	62727883	62828688	1
9	62828689	62985975	0
9	62985976	62996766	1
9	62996767	63011574	0
9	63011575	63225657	1
9	63225658	63242252	0
9	63242253	63247049	1
9	63247050	63269260	0
9	63269261	63450298	1
9	63450299	63450460	0
9	63450461	63489694	2
9	63489695	63494572	0
9	63494573	63605799	1
9	63605800	63800881	0
9	63800882	63869864	1
9	63869865	63964952	0
9	63964953	63984949	2
9	63984950	63985923	3
9	63985924	64020909	1
9	64020910	64021192	0
9	64021193	64026367	2
9	64026368	64027102	0
9	64027103	64030489	2
9	64030490	64033575	0
9	64033576	64083006	1
9	64083007	64084167	3
9	64084168	64101436	1
9	64101437	64129412	0
9	64129413	64152597	2
9	64152598	64154562	0
9	64154563	64189093	1
9	64189094	64233431	0
9	64233432	64557010	2
9	64557011	64563104	0
9	64563105	64585563	1
9	64585564	64659145	0
9	64659146	64767472	2
9	64767473	64770666	0
9	64770667	64799412	1
9	64799413	64808637	0
9	64808638	64834779	2
9	64834780	64834790	0
9	64834791	64869522	1
9	64869523	64880263	0
9	64880264	64930455	2
9	64930456	64949291	0
9	64949292	64985745	2
9	64985746	64988959	0
9	64988960	65033662	2
9	65033663	65062495	0
9	65062496	65087024	2
9	65087025	65112985	0
9	65112986	65128411	2
9	65128412	65142065	0
9	65142066	65178463	2
9	65178464	65193873	0
9	65193874	65207448	2
9	65207449	65208865	0
9	65208866	65228182	2
9	65228183	65246293	0
9	65246294	65260558	2
9	65260559	65262658	3
9	65262659	65270578	1
9	65270579	65283587	0
9	65283588	65300859	2
9	65300860	65308742	0
9	65308743	65336275	2
9	65336276	65349258	0
9	65349259	65364804	1
9	65364805	65402191	0
9	65402192	65427845	1
9	65427846	65434965	0
9	65434966	65443772	2
9	65443773	65477453	0
9	65477454	65508333	2
9	65508334	65539389	0
9	65539390	65675369	1
9	65675370	65678941	0
9	65678942	65738042	1
9	65738043	65751071	3
9	65751072	65756599	1
9	65756600	65756779	0
9	65756780	65892814	2
9	65892815	65907974	0
9	65907975	65912981	2
9	65912982	65914434	3
9	65914435	65917536	1
9	65917537	65935938	0
9	65935939	65974392	1
9	65974393	65974416	0
9	65974417	65986760	2
9	65986761	66006028	0
9	66006029	66120047	2
9	66120048	66198255	0
9	66198256	66356264	2
9	66356265	66356580	3
9	66356581	66362398	1
9	66362399	66362442	0
9	66362443	66440947	1
9	66440948	66561491	0
9	66561492	66614650	2
9	66614651	66623007	0
9	66623008	66643295	1
9	66643296	66644844	0
9	66644845	66646879	2
9	66646880	66662799	0
9	66662800	66682531	1
9	66682532	66691477	0
9	66691478	66767510	1
9	66767511	66793891	0
9	66793892	66797321	2
9	66797322	66803198	0
9	66803199	66823289	1
9	66823290	66870395	0
9	66870396	66897211	1
9	66897212	67064892	0
9	67064893	67407508	1
9	67407509	67606518	0
9	67606519	67607242	1
9	67607243	67608013	3
9	67608014	67608734	2
9	67608735	67678337	0
9	67678338	67680135	1
9	67680136	67688201	0
9	67688202	67843439	2
9	67843440	68501591	0
9	68501592	69236051	2
9	69236052	69245711	0
9	69245712	69280927	2
9	69280928	69298037	0
9	69298038	69298852	1
9	69298853	69301425	0
9	69301426	69339600	2
9	69339601	69605515	0
9	69605516	69608745	1
9	69608746	69837271	0
9	69837272	69856122	2
9	69856123	69860355	0
9	69860356	69870671	2
9	69870672	69879301	0
9	69879302	69885893	1
9	69885894	69937115	0
9	69937116	69990365	1
9	69990366	70055155	0
9	70055156	70247872	2
9	70247873	70255494	0
9	70255495	70269359	1
9	70269360	70273234	0
9	70273235	70351530	1
9	70351531	70390664	0
9	70390665	70440042	2
9	70440043	70446819	0
9	70446820	70504056	1
9	70504057	70504979	3
9	70504980	70505665	2
9	70505666	70526802	0
9	70526803	70628034	2
9	70628035	70645934	0
9	70645935	70700355	1
9	70700356	70702267	3
9	70702268	70800031	1
9	70800032	70958464	0
9	70958465	71016487	1
9	71016488	71063594	0
9	71063595	71144048	2
9	71144049	71326242	0
9	71326243	71440165	1
9	71440166	71474314	0
9	71474315	71619407	1
9	71619408	71692057	0
9	71692058	71908718	1
9	71908719	71909404	3
9	71909405	71959624	1
9	71959625	72022390	0
9	72022391	72022785	1
9	72022786	72122704	0
9	72122705	72211575	2
9	72211576	72286334	0
9	72286335	72306379	2
9	72306380	72308907	0
9	72308908	72339963	1
9	72339964	72380045	0
9	72380046	72470742	2
9	72470743	72510362	0
9	72510363	72597647	2
9	72597648	72655079	0
9	72655080	72765096	2
9	72765097	72773450	0
9	72773451	72799986	2
9	72799987	72806590	0
9	72806591	72856286	2
9	72856287	72863462	3
9	72863463	72863501	2
9	72863502	72864124	3
9	72864125	72864145	2
9	72864146	72887504	1
9	72887505	72892670	0
9	72892671	72945397	2
9	72945398	72949641	0
9	72949642	72971138	2
9	72971139	73023232	0
9	73023233	73023546	1
9	73023547	73328675	0
9	73328676	73781372	1
9	73781373	73958136	0
9	73958137	74131113	2
9	74131114	74709726	0
9	74709727	74739280	2
9	74739281	74800689	0
9	74800690	74880273	2
9	74880274	74885419	0
9	74885420	74908118	2
9	74908119	74918820	0
9	74918821	75071493	2
9	75071494	75079819	0
9	75079820	75153256	2
9	75153257	75159200	0
9	75159201	75193676	2
9	75193677	75195563	0
9	75195564	75199437	2
9	75199438	75216867	0
9	75216868	75257810	1
9	75257811	75289329	0
9	75289330	75314237	2
9	75314238	75345601	0
9	75345602	75407462	1
9	75407463	75413426	0
9	75413427	75459130	1
9	75459131	75473537	0
9	75473538	75485578	2
9	75485579	75491069	0
9	75491070	75531801	1
9	75531802	75623169	0
9	75623170	75748115	2
9	75748116	75862660	0
9	75862661	75984155	2
9	75984156	76011907	0
9	76011908	76061462	1
9	76061463	76073708	0
9	76073709	76171383	1
9	76171384	76338510	0
9	76338511	76393609	1
9	76393610	76799503	0
9	76799504	76893586	1
9	76893587	76949889	0
9	76949890	77195675	1
9	77195676	77278628	0
9	77278629	77392675	1
9	77392676	77484537	0
9	77484538	77507923	2
9	77507924	77602340	0
9	77602341	77642290	2
9	77642291	77765169	0
9	77765170	77832324	2
9	77832325	77899763	0
9	77899764	77913429	2
9	77913430	77929304	0
9	77929305	77956870	1
9	77956871	77956997	0
9	77956998	78019912	2
9	78019913	78039771	0
9	78039772	78057153	2
9	78057154	78078461	0
9	78078462	78090489	2
9	78090490	78093299	0
9	78093300	78094401	2
9	78094402	78104947	0
9	78104948	78116971	2
9	78116972	78137728	0
9	78137729	78153330	2
9	78153331	78159777	0
9	78159778	78162602	1
9	78162603	78169104	0
9	78169105	78170162	1
9	78170163	78175394	0
9	78175395	78177425	2
9	78177426	78178823	0
9	78178824	78203593	1
9	78203594	78214857	0
9	78214858	78215982	1
9	78215983	78223914	0
9	78223915	78226530	1
9	78226531	78242761	0
9	78242762	78243582	1
9	78243583	78243963	3
9	78243964	78271392	2
9	78271393	78278331	0
9	78278332	78291042	1
9	78291043	78295670	0
9	78295671	78296013	1
9	78296014	78296591	3
9	78296592	78323153	2
9	78323154	78326254	0
9	78326255	78336956	1
9	78336957	78384293	0
9	78384294	78435846	1
9	78435847	78463351	0
9	78463352	78564058	2
9	78564059	79446796	0
9	79446797	79566636	1
9	79566637	79603046	0
9	79603047	79607658	1
9	79607659	79616748	0
9	79616749	79641312	1
9	79641313	79662856	0
9	79662857	79825609	1
9	79825610	79914708	0
9	79914709	79992758	2
9	79992759	80012836	0
9	80012837	80159534	2
9	80159535	80161135	0
9	80161136	80359043	1
9	80359044	81524948	0
9	81524949	81526220	1
9	81526221	81757275	0
9	81757276	82099612	2
9	82099613	82723411	0
9	82723412	82741293	2
9	82741294	82759764	0
9	82759765	82869094	1
9	82869095	83003553	0
9	83003554	83040290	1
9	83040291	83283898	0
9	83283899	83303243	1
9	83303244	83303768	3
9	83303769	83334732	1
9	83334733	83441932	0
9	83441933	83532406	2
9	83532407	83672298	0
9	83672299	83699910	1
9	83699911	83728294	0
9	83728295	83765995	2
9	83765996	83775819	0
9	83775820	83779655	2
9	83779656	83818755	0
9	83818756	84017844	2
9	84017845	84317580	0
9	84317581	84318431	2
9	84318432	85206378	0
9	85206379	85206465	2
9	85206466	85214044	0
9	85214045	85220729	1
9	85220730	85580961	0
9	85580962	85642828	1
9	85642829	85675423	0
9	85675424	85676277	1
9	85676278	85713846	0
9	85713847	85735985	1
9	85735986	85736890	3
9	85736891	85740660	2
9	85740661	86200839	0
9	86200840	86358555	1
9	86358556	86360759	0
9	86360760	86440287	2
9	86440288	86440400	3
9	86440401	86446081	2
9	86446082	86449411	3
9	86449412	86465447	1
9	86465448	86465658	0
9	86465659	86468501	2
9	86468502	86474968	0
9	86474969	86589573	1
9	86589574	86589945	3
9	86589946	86593865	2
9	86593866	86636432	0
9	86636433	86650678	2
9	86650679	86659979	0
9	86659980	86775487	1
9	86775488	86910370	0
9	86910371	86914749	2
9	86914750	86916847	0
9	86916848	86972607	2
9	86972608	87039138	0
9	87039139	87078878	2
9	87078879	87084406	0
9	87084407	87150369	1
9	87150370	87597633	0
9	87597634	87626093	1
9	87626094	88222445	0
9	88222446	88266925	2
9	88266926	88271583	0
9	88271584	88377410	1
9	88377411	88442856	0
9	88442857	88465922	2
9	88465923	88475727	0
9	88475728	88483943	2
9	88483944	88583441	0
9	88583442	88614465	1
9	88614466	88614634	3
9	88614635	88618124	2
9	88618125	88626706	3
9	88626707	88725752	2
9	88725753	88734145	0
9	88734146	88743020	2
9	88743021	88751506	0
9	88751507	88751926	2
9	88751927	88851736	0
9	88851737	88857252	2
9	88857253	88979460	0
9	88979461	88987671	1
9	88987672	89046841	0
9	89046842	89072649	1
9	89072650	89094045	0
9	89094046	89135062	2
9	89135063	89484874	0
9	89484875	89517822	1
9	89517823	89594039	0
9	89594040	89599879	1
9	89599880	89623085	0
9	89623086	89633311	1
9	89633312	89804611	0
9	89804612	89921812	2
9	89921813	89948988	0
9	89948989	89970925	2
9	89970926	89986507	0
9	89986508	90009656	1
9	90009657	90057814	0
9	90057815	90096883	2
9	90096884	90102907	3
9	90102908	90165640	1
9	90165641	91252894	0
9	91252895	91257249	1
9	91257250	91260604	3
9	91260605	91260646	1
9	91260647	91284184	2
9	91284185	92144893	0
9	92144894	92166811	2
9	92166812	92170438	0
9	92170439	92192571	2
9	92192572	92204213	0
9	92204214	92252712	2
9	92252713	92352214	0
9	92352215	92388346	2
9	92388347	92437059	0
9	92437060	92503264	2
9	92503265	94418281	0
9	94418282	94438498	1
9	94438499	94570326	0
9	94570327	95130862	2
9	95130863	95301346	0
9	95301347	95307687	1
9	95307688	95357311	0
9	95357312	95412413	1
9	95412414	95460234	0
9	95460235	95462538	2
9	95462539	95538018	0
9	95538019	95598513	2
9	95598514	95607044	0
9	95607045	95650775	1
9	95650776	95653059	0
9	95653060	95745728	1
9	95745729	95758014	0
9	95758015	95852061	2
9	95852062	95855177	0
9	95855178	95953444	2
9	95953445	96019779	0
9	96019780	96085044	2
9	96085045	96096692	0
9	96096693	96224063	2
9	96224064	96233097	0
9	96233098	96255021	1
9	96255022	96255117	3
9	96255118	96264764	1
9	96264765	96336201	0
9	96336202	96337851	1
9	96337852	96371358	0
9	96371359	96379092	1
9	96379093	96439717	0
9	96439718	96532034	1
9	96532035	96583180	0
9	96583181	96653248	1
9	96653249	96723761	0
9	96723762	96793086	1
9	96793087	96796031	0
9	96796032	96796752	2
9	96796753	96843899	0
9	96843900	96919260	1
9	96919261	96976014	0
9	96976015	97011574	1
9	97011575	97079573	0
9	97079574	97080438	2
9	97080439	97249979	0
9	97249980	97270375	1
9	97270376	97344812	0
9	97344813	97933598	1
9	97933599	98086944	0
9	98086945	98087569	1
9	98087570	98187852	0
9	98187853	98320944	2
9	98320945	98323378	0
9	98323379	98346968	2
9	98346969	98390954	0
9	98390955	98410188	2
9	98410189	98463377	0
9	98463378	98464028	1
9	98464029	98464148	0
9	98464149	98488792	2
9	98488793	98489150	0
9	98489151	98502096	1
9	98502097	98743004	0
9	98743005	98744062	2
9	98744063	98757008	0
9	98757009	98757769	2
9	98757770	98765184	0
9	98765185	98766997	2
9	98766998	98803536	0
9	98803537	98805039	2
9	98805040	98856024	0
9	98856025	98858543	2
9	98858544	98886790	0
9	98886791	98902435	2
9	98902436	98907382	0
9	98907383	98936107	1
9	98936108	98938819	0
9	98938820	99041038	1
9	99041039	99143885	0
9	99143886	99200818	2
9	99200819	99210384	0
9	99210385	99258947	1
9	99258948	99285839	0
9	99285840	99337298	1
9	99337299	99356660	0
9	99356661	99375367	2
9	99375368	99378808	0
9	99378809	99469316	1
9	99469317	99476216	0
9	99476217	99484880	2
9	99484881	99512919	0
9	99512920	99522784	2
9	99522785	99529913	0
9	99529914	99569673	2
9	99569674	99589878	0
9	99589879	99617684	1
9	99617685	99774642	0
9	99774643	99776661	1
9	99776662	100358136	0
9	100358137	100387205	1
9	100387206	100392710	0
9	100392711	100446470	1
9	100446471	100452610	0
9	100452611	100471502	1
9	100471503	100498215	0
9	100498216	100858962	2
9	100858963	100882449	0
9	100882450	100935315	1
9	100935316	100978449	0
9	100978450	101007112	2
9	101007113	101007320	0
9	101007321	101154160	1
9	101154161	101824456	0
9	101824457	101840809	1
9	101840810	101845547	3
9	101845548	102257021	1
9	102257022	102408076	0
9	102408077	102448566	2
9	102448567	102488906	0
9	102488907	102528624	1
9	102528625	102528862	3
9	102528863	102536569	2
9	102536570	102619000	0
9	102619001	102635746	2
9	102635747	102737245	0
9	102737246	102810633	2
9	102810634	102910815	0
9	102910816	102990177	2
9	102990178	103014402	0
9	103014403	103087598	2
9	103087599	103090361	0
9	103090362	103132772	1
9	103132773	103152850	0
9	103152851	103207410	1
9	103207411	103207543	0
9	103207544	103252760	2
9	103252761	103255430	0
9	103255431	103268108	1
9	103268109	103327248	0
9	103327249	103382656	1
9	103382657	103385264	0
9	103385265	103664165	1
9	103664166	103904872	0
9	103904873	103948927	2
9	103948928	103965462	3
9	103965463	103986485	2
9	103986486	104004888	3
9	104004889	104029974	2
9	104029975	104053925	0
9	104053926	104165258	1
9	104165259	104190579	0
9	104190580	104240056	1
9	104240057	104449614	0
9	104449615	104936872	2
9	104936873	104955567	0
9	104955568	104979794	2
9	104979795	105031666	0
9	105031667	105034133	1
9	105034134	105045672	0
9	105045673	105047410	1
9	105047411	105064795	0
9	105064796	105297720	1
9	105297721	105297852	3
9	105297853	105305867	2
9	105305868	105308086	3
9	105308087	105429647	1
9	105429648	105545323	0
9	105545324	105589983	2
9	105589984	105591745	0
9	105591746	105730413	1
9	105730414	105758398	0
9	105758399	105862972	1
9	105862973	105891783	0
9	105891784	105999112	1
9	105999113	106055186	0
9	106055187	106060467	1
9	106060468	106073258	0
9	106073259	106094745	2
9	106094746	106096501	0
9	106096502	106102075	1
9	106102076	106105437	0
9	106105438	106117716	2
9	106117717	106124927	0
9	106124928	106129205	2
9	106129206	106135784	0
9	106135785	106150455	1
9	106150456	106183390	0
9	106183391	106252850	2
9	106252851	106270961	0
9	106270962	106278053	2
9	106278054	106331783	0
9	106331784	106333897	2
9	106333898	106335325	0
9	106335326	106340565	1
9	106340566	106342380	0
9	106342381	106350007	1
9	106350008	106350969	0
9	106350970	106355244	2
9	106355245	106356186	0
9	106356187	106366302	2
9	106366303	106366336	3
9	106366337	106368269	1
9	106368270	106372651	0
9	106372652	106378292	1
9	106378293	106379278	3
9	106379279	106387753	2
9	106387754	106402296	0
9	106402297	106404579	2
9	106404580	106416902	0
9	106416903	106418332	2
9	106418333	106445718	0
9	106445719	106463954	1
9	106463955	106470650	0
9	106470651	106473325	1
9	106473326	106528911	0
9	106528912	106529941	2
9	106529942	106546866	0
9	106546867	106558438	1
9	106558439	106561076	0
9	106561077	106588277	1
9	106588278	106590411	0
9	106590412	106691542	1
9	106691543	106724203	0
9	106724204	106740641	2
9	106740642	106785647	3
9	106785648	106794308	1
9	106794309	106795163	0
9	106795164	107134238	1
9	107134239	107157256	0
9	107157257	107192206	1
9	107192207	107198355	0
9	107198356	107205113	2
9	107205114	107230021	0
9	107230022	107240679	1
9	107240680	107242931	0
9	107242932	107254751	2
9	107254752	107301941	0
9	107301942	107431675	2
9	107431676	107436274	0
9	107436275	107440985	2
9	107440986	107441340	0
9	107441341	107444194	1
9	107444195	107444538	0
9	107444539	107448033	2
9	107448034	107449637	0
9	107449638	107453648	2
9	107453649	107453884	0
9	107453885	107464592	2
9	107464593	107465584	0
9	107465585	107468437	2
9	107468438	107471446	0
9	107471447	107475105	2
9	107475106	107479256	0
9	107479257	107489688	2
9	107489689	107490047	0
9	107490048	107495367	2
9	107495368	107495396	0
9	107495397	107499404	1
9	107499405	107500003	0
9	107500004	107511558	1
9	107511559	107516459	0
9	107516460	107537671	1
9	107537672	107552968	0
9	107552969	107569703	1
9	107569704	107576806	0
9	107576807	107581921	1
9	107581922	107583831	0
9	107583832	107612804	1
9	107612805	107642824	0
9	107642825	107673331	1
9	107673332	107675894	0
9	107675895	107775148	1
9	107775149	107790458	0
9	107790459	107805454	2
9	107805455	107809218	0
9	107809219	107822712	2
9	107822713	107830798	0
9	107830799	107834790	2
9	107834791	107838249	0
9	107838250	107852020	2
9	107852021	107853292	0
9	107853293	107874597	2
9	107874598	107877834	0
9	107877835	107886556	2
9	107886557	107888208	3
9	107888209	107951109	2
9	107951110	107951598	0
9	107951599	107953863	2
9	107953864	107954245	3
9	107954246	107954554	2
9	107954555	107955130	3
9	107955131	107955488	1
9	107955489	107958030	3
9	107958031	107982765	1
9	107982766	107985675	3
9	107985676	107987356	2
9	107987357	107987746	0
9	107987747	107996809	1
9	107996810	107998352	0
9	107998353	108092713	1
9	108092714	108108284	0
9	108108285	108166253	1
9	108166254	108192777	0
9	108192778	108198827	2
9	108198828	108199182	0
9	108199183	108203900	2
9	108203901	108205288	0
9	108205289	108208280	1
9	108208281	108208534	0
9	108208535	108240268	2
9	108240269	108241605	0
9	108241606	108242669	2
9	108242670	108250160	0
9	108250161	108294858	2
9	108294859	108295163	0
9	108295164	108300092	2
9	108300093	108305971	0
9	108305972	108330813	1
9	108330814	108338811	0
9	108338812	108348414	2
9	108348415	108349987	0
9	108349988	108354706	1
9	108354707	108362847	0
9	108362848	108368274	2
9	108368275	108382191	0
9	108382192	108392859	2
9	108392860	108393018	0
9	108393019	108404668	2
9	108404669	108410334	0
9	108410335	108418270	2
9	108418271	108419416	0
9	108419417	108462496	2
9	108462497	108462772	0
9	108462773	108467893	2
9	108467894	108468195	0
9	108468196	108469671	1
9	108469672	108472221	0
9	108472222	108474642	2
9	108474643	108475100	3
9	108475101	108481068	1
9	108481069	108481155	0
9	108481156	108499929	1
9	108499930	108505271	0
9	108505272	108551169	1
9	108551170	108551709	3
9	108551710	108553282	2
9	108553283	108564427	0
9	108564428	108586970	2
9	108586971	108594472	0
9	108594473	108651841	2
9	108651842	108686125	0
9	108686126	108708662	2
9	108708663	108710728	0
9	108710729	108720781	2
9	108720782	108728649	0
9	108728650	108755292	2
9	108755293	108756366	0
9	108756367	108764470	2
9	108764471	108816948	0
9	108816949	108817892	2
9	108817893	108838659	0
9	108838660	108851683	2
9	108851684	108855629	0
9	108855630	108886918	2
9	108886919	108888206	0
9	108888207	108889207	2
9	108889208	108893945	0
9	108893946	108934735	2
9	108934736	108941077	0
9	108941078	108960236	2
9	108960237	108960445	0
9	108960446	108976636	1
9	108976637	108980500	0
9	108980501	108984893	1
9	108984894	108985006	0
9	108985007	108995875	2
9	108995876	108997948	0
9	108997949	109022423	2
9	109022424	109041966	0
9	109041967	109064553	1
9	109064554	109081739	0
9	109081740	109098487	1
9	109098488	109119944	0
9	109119945	109137266	1
9	109137267	109173348	0
9	109173349	109190188	1
9	109190189	109225398	0
9	109225399	109242171	1
9	109242172	109280923	0
9	109280924	109306808	1
9	109306809	109334831	0
9	109334832	109351652	1
9	109351653	109381082	0
9	109381083	109398387	1
9	109398388	109455116	0
9	109455117	109470774	1
9	109470775	109503629	0
9	109503630	109528569	1
9	109528570	109579246	0
9	109579247	109605212	1
9	109605213	109620078	0
9	109620079	109648601	1
9	109648602	109714792	0
9	109714793	109729145	2
9	109729146	109735261	0
9	109735262	109745628	2
9	109745629	109749887	0
9	109749888	109751968	1
9	109751969	109778081	0
9	109778082	109796390	2
9	109796391	109833960	0
9	109833961	109986449	2
9	109986450	109986822	0
9	109986823	110020205	1
9	110020206	110020332	3
9	110020333	110022418	2
9	110022419	110034539	0
9	110034540	110142680	2
9	110142681	110146285	0
9	110146286	110165077	2
9	110165078	110207694	0
9	110207695	110224594	2
9	110224595	110235790	0
9	110235791	110274550	2
9	110274551	110274778	3
9	110274779	110287448	2
9	110287449	110287591	0
9	110287592	110310712	1
9	110310713	110322252	0
9	110322253	110325512	2
9	110325513	110328429	0
9	110328430	110379196	1
9	110379197	110379460	0
9	110379461	110427681	2
9	110427682	110435099	0
9	110435100	110521135	2
9	110521136	110523639	0
9	110523640	110526895	1
9	110526896	110527291	0
9	110527292	110556663	1
9	110556664	110559005	0
9	110559006	110614092	2
9	110614093	110624590	0
9	110624591	110649647	1
9	110649648	110666148	0
9	110666149	110672306	2
9	110672307	110700668	0
9	110700669	110706238	2
9	110706239	110716496	0
9	110716497	110727025	2
9	110727026	110729192	0
9	110729193	110734004	2
9	110734005	110737090	0
9	110737091	110743815	2
9	110743816	110747008	0
9	110747009	110759024	2
9	110759025	110760469	0
9	110760470	110767130	2
9	110767131	110768213	0
9	110768214	110782372	1
9	110782373	110782615	3
9	110782616	110803032	2
9	110803033	110842112	0
9	110842113	110848660	1
9	110848661	110854047	0
9	110854048	110886568	2
9	110886569	110887447	0
9	110887448	110892215	1
9	110892216	110907313	0
9	110907314	110909332	2
9	110909333	110921794	0
9	110921795	110945268	2
9	110945269	110957337	0
9	110957338	110959772	1
9	110959773	111020613	0
9	111020614	111128170	2
9	111128171	111130730	0
9	111130731	111174110	1
9	111174111	111174347	0
9	111174348	111181591	2
9	111181592	111214241	0
9	111214242	111298276	2
9	111298277	111341583	0
9	111341584	111392113	2
9	111392114	111463939	0
9	111463940	111592850	1
9	111592851	111967593	0
9	111967594	112138440	1
9	112138441	113560860	0
9	113560861	113617375	1
9	113617376	113650589	0
9	113650590	113828813	2
9	113828814	113840050	0
9	113840051	113872753	2
9	113872754	113886315	3
9	113886316	113955307	1
9	113955308	113966470	0
9	113966471	114007849	2
9	114007850	114185799	0
9	114185800	114226144	1
9	114226145	114239251	0
9	114239252	114239694	2
9	114239695	114284250	0
9	114284251	114299791	1
9	114299792	114310192	0
9	114310193	114383493	2
9	114383494	114399432	0
9	114399433	114405660	1
9	114405661	114420391	0
9	114420392	114473485	1
9	114473486	114494994	0
9	114494995	114549190	1
9	114549191	114597906	0
9	114597907	114633418	2
9	114633419	114640319	0
9	114640320	114658459	2
9	114658460	114665953	0
9	114665954	114690961	1
9	114690962	114698461	0
9	114698462	114753268	1
9	114753269	114808457	0
9	114808458	114843103	1
9	114843104	114891513	0
9	114891514	114891856	1
9	114891857	114976395	0
9	114976396	115141339	2
9	115141340	115151723	0
9	115151724	115219537	1
9	115219538	115346816	0
9	115346817	115347697	1
9	115347698	115817680	0
9	115817681	115985292	2
9	115985293	115993413	0
9	115993414	116084381	1
9	116084382	116481862	0
9	116481863	117539029	1
9	117539030	117856916	0
9	117856917	117923276	1
9	117923277	117949615	0
9	117949616	117974211	2
9	117974212	117978910	3
9	117978911	118059196	1
9	118059197	118387328	0
9	118387329	118395248	2
9	118395249	118415391	0
9	118415392	118491638	2
9	118491639	118515806	0
9	118515807	118810119	2
9	118810120	118835569	0
9	118835570	118953114	2
9	118953115	118961894	0
9	118961895	118980641	2
9	118980642	118980643	0
9	118980644	119002612	1
9	119002613	119011594	0
9	119011595	119057139	2
9	119057140	119057362	3
9	119057363	119066209	1
9	119066210	119068277	0
9	119068278	119070785	2
9	119070786	119078571	0
9	119078572	119099523	1
9	119099524	119102118	0
9	119102119	119118221	1
9	119118222	119147548	0
9	119147549	119231543	1
9	119231544	119245050	0
9	119245051	119248792	1
9	119248793	119249157	3
9	119249158	119259415	2
9	119259416	119266497	0
9	119266498	119302436	2
9	119302437	119311560	0
9	119311561	119342617	2
9	119342618	119354039	0
9	119354040	119374633	2
9	119374634	119392526	0
9	119392527	119488132	1
9	119488133	119517582	0
9	119517583	119603476	1
9	119603477	119662879	0
9	119662880	119734572	1
9	119734573	119804002	0
9	119804003	119834789	2
9	119834790	119835701	3
9	119835702	119846674	1
9	119846675	119846722	0
9	119846723	119876909	2
9	119876910	119880282	0
9	119880283	119886366	1
9	119886367	119922871	0
9	119922872	119932714	1
9	119932715	119957809	0
9	119957810	119977398	1
9	119977399	120001249	0
9	120001250	120004022	2
9	120004023	120019490	0
9	120019491	120033620	2
9	120033621	120036882	0
9	120036883	120041485	2
9	120041486	120058858	0
9	120058859	120090600	2
9	120090601	120213052	0
9	120213053	120383957	2
9	120383958	120401722	0
9	120401723	120404443	2
9	120404444	120448934	0
9	120448935	120477433	2
9	120477434	120480630	0
9	120480631	120483768	2
9	120483769	120486461	0
9	120486462	120487187	2
9	120487188	120838332	0
9	120838333	120869384	2
9	120869385	120869623	3
9	120869624	121186313	1
9	121186314	121206618	0
9	121206619	121384032	2
9	121384033	121398941	0
9	121398942	121404805	1
9	121404806	121486959	0
9	121486960	121551212	1
9	121551213	121551832	0
9	121551833	121582070	2
9	121582071	121589163	0
9	121589164	121614606	1
9	121614607	121619505	0
9	121619506	121622037	2
9	121622038	121628285	0
9	121628286	121665957	2
9	121665958	121669149	0
9	121669150	121680858	2
9	121680859	121686723	0
9	121686724	121692935	2
9	121692936	121693132	0
9	121693133	121701623	1
9	121701624	121706743	0
9	121706744	121748577	1
9	121748578	121757676	0
9	121757677	121767116	1
9	121767117	121807471	0
9	121807472	121820180	2
9	121820181	121823472	0
9	121823473	121825421	1
9	121825422	121847251	0
9	121847252	121856130	2
9	121856131	121860102	0
9	121860103	121889324	2
9	121889325	121890722	0
9	121890723	121905142	1
9	121905143	122026399	0
9	122026400	122078818	2
9	122078819	122084995	0
9	122084996	122203490	1
9	122203491	122260724	0
9	122260725	122290640	2
9	122290641	122714655	0
9	122714656	122745450	2
9	122745451	122761030	0
9	122761031	122771244	1
9	122771245	122797587	0
9	122797588	122805240	2
9	122805241	122832188	0
9	122832189	122840144	2
9	122840145	122854205	0
9	122854206	122860116	1
9	122860117	122860197	0
9	122860198	122927841	2
9	122927842	122930442	0
9	122930443	122932606	2
9	122932607	122943855	0
9	122943856	122975276	2
9	122975277	122976677	3
9	122976678	123022321	1
9	123022322	123022331	0
9	123022332	123045245	2
9	123045246	123060062	0
9	123060063	123066546	2
9	123066547	123079940	0
9	123079941	123125154	1
9	123125155	123168174	0
9	123168175	123169905	1
9	123169906	123276056	0
9	123276057	123371780	2
9	123371781	123387817	0
9	123387818	123430664	2
9	123430665	123438998	0
9	123438999	123501714	2
9	123501715	123502936	0
9	123502937	123541681	1
9	123541682	123545238	0
9	123545239	123587555	1
9	123587556	123588001	3
9	123588002	123603532	2
9	123603533	123626741	3
9	123626742	123691087	2
9	123691088	123698626	0
9	123698627	123715593	1
9	123715594	123720870	3
9	123720871	123761018	1
9	123761019	123761434	0
9	123761435	123771244	1
9	123771245	123836858	0
9	123836859	123839606	2
9	123839607	123876957	0
9	123876958	123883523	1
9	123883524	123891780	0
9	123891781	123893239	1
9	123893240	123936701	0
9	123936702	123946419	2
9	123946420	124016687	0
9	124016688	124028294	2
9	124028295	124036280	0
9	124036281	124062436	2
