Substitution Type	Trinucleotide	Somatic Mutation Type	Signature 1	Signature 2	Signature 3	Signature 4	Signature 5	Signature 6	Signature 7	Signature 8	Signature 9	Signature 10	Signature 11	Signature 12	Signature 13	Signature 14	Signature 15	Signature 16	Signature 17	Signature 18	Signature 19	Signature 20	Signature 21	Signature 22	Signature 23	Signature 24	Signature 25	Signature 26	Signature 27	Signature 28	Signature 29	Signature 30							
C>A	ACA	A[C>A]A	0.011098326166	0.000682708227	0.022172306775	0.036500000000	0.014941547714	0.001700000000	0.000400000000	0.036718003777	0.012000000000	0.000700000000	0.000200000000	0.007700000000	0.000334757187	0.000100000000	0.001300000000	0.016100000000	0.001832019172	0.050536418625	0.010700000000	0.001179961596	0.000100000000	0.001504070375	0.000453360683	0.028645992536	0.009896768001	0.002039772910	0.005205626909	0.001397438842	0.069981987280	0.000000000000							
C>A	ACC	A[C>A]C	0.009149340734	0.000619107232	0.017871675353	0.030900000000	0.008960917997	0.002800000000	0.000500000000	0.033245722246	0.006700000000	0.001000000000	0.001000000000	0.004700000000	0.000648736139	0.004200000000	0.004000000000	0.009700000000	0.000342235622	0.010939824789	0.007400000000	0.002211505148	0.000700000000	0.002451011015	0.000366800484	0.020214638433	0.006998928770	0.001487162284	0.004738227415	0.000917187665	0.055152357207	0.000000000000							
C>A	ACG	A[C>A]G	0.001490070468	0.000099278956	0.002138339617	0.018300000000	0.002207846012	0.000500000000	0.000000000000	0.002525311256	0.000500000000	0.000300000000	0.000000000000	0.001700000000	0.000038144594	0.000500000000	0.000000000000	0.002200000000	0.000001576225	0.002288072697	0.000500000000	0.000000161691	0.000000000000	0.000000000000	0.000000000000	0.020478996485	0.001448442998	0.000283945614	0.000782697937	0.000000000000	0.017846984044	0.001967300000							
C>A	ACT	A[C>A]T	0.006233885236	0.000323891363	0.016265145590	0.024300000000	0.009206905292	0.001900000000	0.000400000000	0.033598549516	0.006800000000	0.009200000000	0.000200000000	0.004600000000	0.000846658460	0.029600000000	0.005700000000	0.008800000000	0.003179664772	0.019424091364	0.007400000000	0.003008009987	0.000600000000	0.000922452518	0.000000000000	0.024600145425	0.004966565004	0.000597865638	0.002718242455	0.000513409971	0.026804715973	0.000000000000							
C>G	ACA	A[C>G]A	0.001801068369	0.000263481044	0.024002615202	0.009700000000	0.011671021651	0.001300000000	0.000000000000	0.008356844806	0.004800000000	0.000500000000	0.000700000000	0.003100000000	0.003775165298	0.000100000000	0.001100000000	0.004800000000	0.001661704195	0.001516887580	0.005800000000	0.000697041070	0.000500000000	0.000527644040	0.000000000000	0.011993038821	0.008032567646	0.001272881297	0.001324163246	0.000255194996	0.009301971097	0.000000000000							
C>G	ACC	A[C>G]C	0.002580908520	0.000269866049	0.012160303668	0.005400000000	0.007292088583	0.001200000000	0.000000000000	0.004306380304	0.002300000000	0.000300000000	0.000300000000	0.001500000000	0.000920824828	0.000000000000	0.000100000000	0.002400000000	0.001626898399	0.002498784527	0.001900000000	0.002059310006	0.000800000000	0.000000000000	0.000000000000	0.008425119792	0.001635970413	0.001528194862	0.001771084129	0.000268898964	0.003479048871	0.000000000000							
C>G	ACG	A[C>G]G	0.000592548022	0.000219233911	0.005275419458	0.003100000000	0.002303839151	0.000000000000	0.000000000000	0.000584415303	0.000000000000	0.000000000000	0.000000000000	0.000000000000	0.000019890489	0.000000000000	0.000600000000	0.000000000000	0.000025801897	0.002614508983	0.000000000000	0.000012734958	0.000000000000	0.000000000000	0.000000000000	0.000000000000	0.000000000000	0.000307246308	0.000000000000	0.000000000000	0.000154433523	0.004820000000							
C>G	ACT	A[C>G]T	0.002963986287	0.000610973492	0.023277656342	0.005400000000	0.011696245747	0.001800000000	0.000100000000	0.008634906912	0.003800000000	0.000200000000	0.000900000000	0.002500000000	0.003860632488	0.000100000000	0.001000000000	0.007300000000	0.001328507581	0.003983011170	0.007200000000	0.000848587116	0.001800000000	0.000299454735	0.000000000000	0.003881383185	0.003428449701	0.002498251826	0.001322719819	0.000307698016	0.003976789927	0.000000000000							
C>T	ACA	A[C>T]A	0.029514532745	0.007441556817	0.017872170732	0.012000000000	0.021839187574	0.031200000000	0.000000000000	0.018066687156	0.009300000000	0.000000000000	0.022500000000	0.012100000000	0.001480180764	0.029300000000	0.011700000000	0.013500000000	0.009350488403	0.003825623912	0.022100000000	0.032858047272	0.005100000000	0.003113389695	0.019767154372	0.006315518136	0.020987618053	0.005907232039	0.013723285787	0.005433792471	0.005197221326	0.065119000000							
C>T	ACC	A[C>T]C	0.014322747041	0.002726312428	0.008896034323	0.007500000000	0.012756105638	0.016300000000	0.019700000000	0.005650015029	0.005600000000	0.003200000000	0.109900000000	0.005400000000	0.000040508707	0.032100000000	0.016900000000	0.007600000000	0.004224289013	0.002465214261	0.020300000000	0.022196046913	0.006200000000	0.001524860290	0.081880579925	0.003844326917	0.013141283697	0.010626457816	0.005424306001	0.001815415488	0.008976469990	0.054397000000							
C>T	ACG	A[C>T]G	0.171646931305	0.003322083281	0.003572708350	0.002800000000	0.016760177116	0.090800000000	0.000100000000	0.019265105465	0.012500000000	0.012600000000	0.007200000000	0.001900000000	0.000316594671	0.049600000000	0.030900000000	0.003500000000	0.009229213313	0.008463956886	0.036800000000	0.034572014703	0.025600000000	0.003625641201	0.009248715085	0.003110664425	0.019659894285	0.019930323239	0.006706429454	0.005432039331	0.031638996360	0.020460400000							
C>T	ACT	A[C>T]T	0.012623763151	0.003326528417	0.014797612209	0.005900000000	0.016477954692	0.014900000000	0.004300000000	0.020805967497	0.007600000000	0.004700000000	0.063900000000	0.006700000000	0.000000000000	0.027700000000	0.006600000000	0.010100000000	0.005735961173	0.005605739927	0.026600000000	0.018819559611	0.003000000000	0.000000000000	0.033209652209	0.003420418673	0.005728519312	0.011334530552	0.004475614034	0.001629213189	0.004769666594	0.021935900000							
T>A	ATA	A[T>A]A	0.004021520333	0.000000132377	0.008428563566	0.004800000000	0.008902904323	0.000600000000	0.001000000000	0.013365082811	0.012100000000	0.000000000000	0.000200000000	0.005800000000	0.001243618346	0.000000000000	0.002100000000	0.008100000000	0.000613002450	0.003037210804	0.001100000000	0.000574401358	0.008300000000	0.049619229712	0.000000000000	0.001166747126	0.020430527125	0.004459339879	0.143076389009	0.000964030891	0.000000000000	0.007574300000							
T>A	ATC	A[T>A]C	0.002371144163	0.000113069562	0.007373096670	0.003900000000	0.007399202496	0.003300000000	0.000800000000	0.012431202077	0.004200000000	0.000200000000	0.000100000000	0.006500000000	0.001060001878	0.000800000000	0.009000000000	0.007300000000	0.001878587472	0.000811167214	0.005300000000	0.001971462059	0.029200000000	0.011666740464	0.000000000000	0.000015173057	0.008892560661	0.012822242916	0.001464085387	0.003365667809	0.003049595749	0.003738000000							
T>A	ATG	A[T>A]G	0.002810909959	0.000532929416	0.007357300020	0.010000000000	0.011508051457	0.000000000000	0.000900000000	0.014036657067	0.006800000000	0.000000000000	0.000700000000	0.004600000000	0.000102554360	0.000000000000	0.000900000000	0.008000000000	0.001087349685	0.004503207138	0.004500000000	0.000190586616	0.002700000000	0.067915454213	0.000237418521	0.006332455573	0.006241948480	0.001172344272	0.001226280897	0.001785753650	0.003909981984	0.006590600000							
T>A	ATT	A[T>A]T	0.008360909345	0.000149110959	0.008753938991	0.003000000000	0.011193623195	0.005300000000	0.003500000000	0.024109916596	0.018500000000	0.001200000000	0.000300000000	0.006000000000	0.000971812099	0.000900000000	0.007900000000	0.008400000000	0.002045493651	0.002736523185	0.003300000000	0.007421103528	0.004300000000	0.014599917580	0.000000000000	0.000004967216	0.014850877622	0.003993137549	0.002535197951	0.005653089100	0.005105527437	0.009344700000							
T>C	ATA	A[T>C]A	0.013915773030	0.001303509558	0.013035709432	0.008400000000	0.035366735114	0.007500000000	0.000500000000	0.016206510101	0.025200000000	0.003100000000	0.000600000000	0.046600000000	0.000549454166	0.002600000000	0.011500000000	0.071700000000	0.002697314025	0.002933053644	0.014500000000	0.016395062964	0.026500000000	0.016839930949	0.001068448820	0.004726009142	0.020663282773	0.055028652133	0.005047301081	0.004092746888	0.010119181163	0.000000000000							
T>C	ATC	A[T>C]C	0.006274960600	0.000425576677	0.009186289690	0.002000000000	0.013771102129	0.005600000000	0.000100000000	0.007787802820	0.010500000000	0.005200000000	0.001500000000	0.031700000000	0.000145506661	0.004600000000	0.007300000000	0.017100000000	0.008078150072	0.001513284763	0.004800000000	0.019251793639	0.016500000000	0.001108262382	0.000221573159	0.000627949341	0.009502478424	0.027594604208	0.001845691228	0.007880729211	0.006349682655	0.008754700000							
T>C	ATG	A[T>C]G	0.010137636154	0.000575473007	0.011716920077	0.008100000000	0.028449051657	0.021700000000	0.000700000000	0.009852583553	0.017600000000	0.002600000000	0.000800000000	0.048700000000	0.000279178024	0.003500000000	0.007300000000	0.034800000000	0.004432870698	0.003329668955	0.013500000000	0.054784918009	0.022400000000	0.004913616405	0.000498801514	0.002723758627	0.019911492456	0.051791044050	0.005688813879	0.005520833604	0.014659610308	0.009049800000							
T>C	ATT	A[T>C]T	0.009256316389	0.001488164093	0.016978870798	0.003600000000	0.027302974158	0.002300000000	0.001100000000	0.021829463826	0.024700000000	0.004000000000	0.000300000000	0.025000000000	0.000267461432	0.002500000000	0.006300000000	0.049700000000	0.003140370209	0.005491317771	0.016000000000	0.007341269916	0.018900000000	0.002630523933	0.000313240541	0.007122368470	0.014488390255	0.039072244419	0.002592754577	0.003232484000	0.007892413403	0.000000000000							
T>G	ATA	A[T>G]A	0.001587636423	0.000033718411	0.002351368076	0.000000000000	0.003462151975	0.000000000000	0.000000000000	0.004219719284	0.033500000000	0.000000000000	0.000000000000	0.001200000000	0.000386199790	0.000000000000	0.000000000000	0.005200000000	0.000053139249	0.000386138197	0.001400000000	0.000001765291	0.000000000000	0.001651998615	0.000000000000	0.000000000000	0.005281679682	0.000080653426	0.001136337392	0.006364675555	0.000000000000	0.005311800000							
T>G	ATC	A[T>G]C	0.001784091288	0.000024844826	0.001464231129	0.000200000000	0.002246592659	0.001700000000	0.000000000000	0.000793671329	0.005100000000	0.004000000000	0.000000000000	0.001000000000	0.000112383214	0.002000000000	0.000600000000	0.004200000000	0.006468661271	0.001254982080	0.000000000000	0.000381387913	0.003100000000	0.000000000000	0.000000000000	0.001463950688	0.000000000000	0.000163171210	0.000958976380	0.016610905647	0.000000000000	0.002459200000							
T>G	ATG	A[T>G]G	0.001385830552	0.000273454078	0.009053777642	0.001500000000	0.005490216837	0.000700000000	0.000900000000	0.006865800374	0.005200000000	0.001500000000	0.000100000000	0.001800000000	0.000036000696	0.000700000000	0.001200000000	0.006100000000	0.003481549012	0.002369216073	0.001000000000	0.000658758087	0.001600000000	0.001086872758	0.000000000000	0.000847612530	0.007136421644	0.001255079507	0.000067660610	0.006592842245	0.002925171448	0.006295500000							
T>G	ATT	A[T>G]T	0.003158539312	0.000217694872	0.007030976419	0.000200000000	0.003821226712	0.002900000000	0.000000000000	0.002939922259	0.019300000000	0.013700000000	0.000000000000	0.003000000000	0.000192493754	0.005600000000	0.002900000000	0.007600000000	0.030926375169	0.000338602881	0.001700000000	0.000532125222	0.001800000000	0.000000000000	0.000000000000	0.001075455294	0.000000000000	0.001850383492	0.000256027748	0.086392897435	0.000000000000	0.009541600000							
C>A	CCA	C[C>A]A	0.006595870109	0.000677444988	0.018781725573	0.046100000000	0.009674904330	0.010100000000	0.001200000000	0.031723756590	0.009800000000	0.003100000000	0.000700000000	0.013500000000	0.001710089561	0.005600000000	0.010600000000	0.015900000000	0.001032430218	0.088768108819	0.011200000000	0.017377110647	0.002000000000	0.004549692944	0.000164739382	0.063559283793	0.014832947875	0.003705850083	0.005065073268	0.001168515637	0.051410211701	0.000000000000							
C>A	CCC	C[C>A]C	0.007342367815	0.000213681013	0.015760457842	0.061400000000	0.004952300642	0.024100000000	0.000600000000	0.025505407135	0.005700000000	0.000900000000	0.001700000000	0.011200000000	0.001159256581	0.010200000000	0.008400000000	0.010000000000	0.000421880127	0.020641390557	0.015900000000	0.036502462984	0.001400000000	0.003764473854	0.000736874802	0.033757004716	0.007822175302	0.003980723373	0.002234153344	0.000334291811	0.025825650831	0.000000000000							
C>A	CCG	C[C>A]G	0.000892840370	0.000006770460	0.001963389846	0.008800000000	0.002800627307	0.009100000000	0.000000000000	0.001159624303	0.000000000000	0.000700000000	0.001000000000	0.002800000000	0.000244166533	0.000900000000	0.001500000000	0.002200000000	0.000297462769	0.017178402480	0.001800000000	0.012482587542	0.002700000000	0.000900163331	0.000163953661	0.022428985806	0.001276976732	0.000811741970	0.000266312161	0.000053651998	0.014496183324	0.002262400000							
C>A	CCT	C[C>A]T	0.007186581642	0.000416332906	0.014722861126	0.043200000000	0.011013465824	0.057100000000	0.001300000000	0.028791172971	0.009100000000	0.016000000000	0.001400000000	0.007100000000	0.001256768244	0.125700000000	0.022800000000	0.008400000000	0.000031479429	0.037676958929	0.009600000000	0.103401226249	0.005600000000	0.004439846231	0.000722731835	0.020086515438	0.012563654719	0.019038431345	0.003100570009	0.000186671902	0.040355074099	0.000000000000							
C>G	CCA	C[C>G]A	0.001284983446	0.000027772077	0.016832571989	0.010500000000	0.007537523174	0.000000000000	0.000100000000	0.006619077216	0.001800000000	0.000000000000	0.000000000000	0.001900000000	0.005333651375	0.000000000000	0.000900000000	0.004000000000	0.001924978751	0.000458463822	0.000200000000	0.000013316260	0.000100000000	0.000582017663	0.000199049174	0.013476821609	0.007200790410	0.001279106069	0.004730649426	0.000103366092	0.002618863169	0.000000000000							
C>G	CCC	C[C>G]C	0.000702134818	0.000279643862	0.013531441527	0.009700000000	0.007633226665	0.000000000000	0.000400000000	0.006077702895	0.002000000000	0.000000000000	0.000200000000	0.001900000000	0.000912303471	0.000000000000	0.000300000000	0.005000000000	0.000709367774	0.003654228330	0.002800000000	0.000548144708	0.000000000000	0.000825299647	0.000283776026	0.016105687737	0.004598473117	0.001214977303	0.001261644842	0.000144310792	0.001111512270	0.000000000000							
C>G	CCG	C[C>G]G	0.000506289594	0.000019161576	0.004176457524	0.006300000000	0.002613760399	0.000000000000	0.000600000000	0.000656033433	0.000000000000	0.000000000000	0.000800000000	0.000000000000	0.000285467331	0.000000000000	0.000400000000	0.002800000000	0.000003517869	0.005405774245	0.000200000000	0.000000000000	0.000000000000	0.000382114636	0.000000000000	0.000797471998	0.000823709283	0.000207832588	0.000360856587	0.000000000000	0.001520046950	0.003246100000							
C>G	CCT	C[C>G]T	0.001381542722	0.000312781573	0.024046390424	0.009400000000	0.009417097876	0.000200000000	0.000300000000	0.007805026957	0.003900000000	0.000000000000	0.000200000000	0.001900000000	0.006383097568	0.000000000000	0.001700000000	0.008000000000	0.000953776334	0.005519604820	0.000800000000	0.000120730556	0.000300000000	0.001760645911	0.000195775338	0.010388665882	0.000196360325	0.002297026211	0.000268026230	0.000290999509	0.000139750691	0.000000000000							
C>T	CCA	C[C>T]A	0.020896446965	0.015019506931	0.014395059491	0.021000000000	0.022769209355	0.008500000000	0.075400000000	0.004865810021	0.009800000000	0.001200000000	0.031000000000	0.018700000000	0.003647278451	0.006000000000	0.005100000000	0.021000000000	0.021265205902	0.009767511475	0.043800000000	0.011145185306	0.003400000000	0.007731349522	0.060572627805	0.006035447394	0.014333994691	0.006594444885	0.017438484778	0.004391532554	0.009126471767	0.069447200000							
C>T	CCC	C[C>T]C	0.018501704770	0.003516918098	0.008544781192	0.014400000000	0.017509476305	0.009900000000	0.100700000000	0.003980150431	0.006900000000	0.002400000000	0.151800000000	0.009400000000	0.001004229295	0.016700000000	0.008800000000	0.009800000000	0.003847235312	0.005654828462	0.075300000000	0.018152746866	0.009100000000	0.007110850526	0.186375634076	0.000000000000	0.005936643659	0.006510631971	0.007144870207	0.002647660966	0.007067603037	0.063840300000							
C>T	CCG	C[C>T]G	0.095577217268	0.004979275715	0.003518465840	0.007600000000	0.012862237589	0.090100000000	0.020800000000	0.008338639182	0.007600000000	0.010900000000	0.013500000000	0.004600000000	0.000129202148	0.029300000000	0.015500000000	0.001600000000	0.013176112314	0.016183222964	0.023800000000	0.044384942487	0.031800000000	0.005502030965	0.015149082593	0.002924419074	0.011559391627	0.011904935324	0.007503561655	0.002284563551	0.019875180409	0.017312600000							
C>T	CCT	C[C>T]T	0.017113307642	0.008956552775	0.016075545712	0.020100000000	0.020429513385	0.008700000000	0.078800000000	0.018843627434	0.009700000000	0.004300000000	0.081600000000	0.020500000000	0.000611769970	0.018600000000	0.009600000000	0.021100000000	0.009648025316	0.005153318613	0.115900000000	0.013847136214	0.004000000000	0.004169777241	0.156015396977	0.003971201575	0.013632596885	0.006238556327	0.007148027702	0.002423984267	0.001634058687	0.034231800000							
T>A	CTA	C[T>A]A	0.001182587416	0.000154598981	0.007571320260	0.007500000000	0.005043163511	0.000100000000	0.000000000000	0.012024217522	0.005500000000	0.000000000000	0.000400000000	0.001700000000	0.000285158991	0.000000000000	0.001600000000	0.005400000000	0.000030079241	0.000412346353	0.004300000000	0.000045042364	0.000000000000	0.086898545516	0.000594528453	0.002766634838	0.026296323089	0.003561422681	0.330601017471	0.002566579967	0.001765447503	0.005311800000							
T>A	CTC	C[T>A]C	0.001903166857	0.000464019028	0.012725463528	0.011100000000	0.006208843676	0.002600000000	0.001400000000	0.017881092423	0.004900000000	0.000100000000	0.001100000000	0.008600000000	0.000222287328	0.003400000000	0.004300000000	0.012800000000	0.010223747696	0.002491411310	0.005300000000	0.004389055645	0.003700000000	0.053706846809	0.000000000000	0.002694462454	0.015799883085	0.003901610981	0.002813598808	0.019610897429	0.000383359117	0.006787300000							
T>A	CTG	C[T>A]G	0.001487960630	0.000230409809	0.011508561865	0.034200000000	0.010507568970	0.000800000000	0.000700000000	0.016356774533	0.005100000000	0.000300000000	0.000600000000	0.003100000000	0.000286951828	0.000200000000	0.002700000000	0.013000000000	0.004467036232	0.005523045713	0.002100000000	0.001127835842	0.002500000000	0.213220866558	0.000173120400	0.006911164721	0.062860606381	0.002390304180	0.004396857083	0.008833600032	0.003556845215	0.008262800000							
T>A	CTT	C[T>A]T	0.002179344412	0.000574885587	0.016456177696	0.011500000000	0.009784640746	0.001100000000	0.001800000000	0.026247801917	0.006900000000	0.000900000000	0.000400000000	0.005400000000	0.000000800446	0.002000000000	0.000700000000	0.009600000000	0.031244883388	0.003313713273	0.002200000000	0.002385541321	0.001000000000	0.061827507476	0.000457813099	0.002915200165	0.036622351112	0.001635922667	0.005430891633	0.010942609820	0.002232755492	0.000000000000							
T>C	CTA	C[T>C]A	0.004176674882	0.000546619204	0.007895012611	0.005200000000	0.014238629786	0.006200000000	0.001000000000	0.005173842417	0.015400000000	0.000500000000	0.000100000000	0.031200000000	0.000042751466	0.000600000000	0.003200000000	0.014600000000	0.007426999646	0.000192169320	0.006600000000	0.014867696528	0.021900000000	0.004027346334	0.000000000000	0.001848876535	0.009028014894	0.037889377691	0.004899079238	0.020738003352	0.000000000000	0.000000000000							
T>C	CTC	C[T>C]C	0.005252593331	0.000392332573	0.014431170362	0.002600000000	0.012489500440	0.004000000000	0.000800000000	0.010936893768	0.011800000000	0.001900000000	0.000400000000	0.038500000000	0.000043307542	0.005300000000	0.005000000000	0.019400000000	0.039657001207	0.003050192581	0.007000000000	0.018356161025	0.010000000000	0.001352443929	0.000000000000	0.004453689857	0.010771632420	0.021740734953	0.005724448467	0.043283797246	0.002774953681	0.000000000000							
T>C	CTG	C[T>C]G	0.007013225310	0.000362024508	0.008422972144	0.010000000000	0.018741631229	0.027000000000	0.001000000000	0.005657773602	0.015400000000	0.001500000000	0.000100000000	0.041500000000	0.000054272534	0.001600000000	0.012800000000	0.019000000000	0.028609696263	0.002596464193	0.004000000000	0.074150562563	0.021100000000	0.002749666137	0.000320704886	0.000000000000	0.013350661310	0.047240103343	0.005661478992	0.037088261728	0.006902414709	0.000000000000							
T>C	CTT	C[T>C]T	0.006713813119	0.000560900126	0.011932430465	0.005400000000	0.019054082944	0.003300000000	0.004500000000	0.011120389322	0.027500000000	0.002000000000	0.000900000000	0.032400000000	0.000000763944	0.002700000000	0.003500000000	0.026300000000	0.101869657701	0.001310028744	0.005300000000	0.011001118253	0.020400000000	0.002363353537	0.000000000000	0.001597389007	0.008961029966	0.020740621431	0.003900589062	0.005052716018	0.003041424895	0.000000000000							
T>G	CTA	C[T>G]A	0.000302691186	0.000113784603	0.001974181146	0.000000000000	0.002041648941	0.000100000000	0.000000000000	0.002424050552	0.021600000000	0.002200000000	0.000000000000	0.001300000000	0.000015094208	0.000000000000	0.000000000000	0.000200000000	0.000091469787	0.000061002548	0.000000000000	0.000023264084	0.000000000000	0.001120356515	0.000000000000	0.000000000000	0.000000000000	0.000095396260	0.000000000000	0.009589841941	0.001116854814	0.004623300000							
T>G	CTC	C[T>G]C	0.002098502440	0.000022095087	0.005824295545	0.001300000000	0.003478502118	0.004000000000	0.000800000000	0.002096210616	0.006400000000	0.001800000000	0.000100000000	0.004900000000	0.000147624840	0.002000000000	0.001900000000	0.008200000000	0.019814293551	0.002015696913	0.001100000000	0.008476494525	0.000500000000	0.001064583571	0.000190144342	0.002185437348	0.002886454337	0.003919455100	0.000381244984	0.033913223722	0.000000000000	0.006000400000							
T>G	CTG	C[T>G]G	0.001599548500	0.000228245948	0.010464654525	0.004600000000	0.007147456226	0.005000000000	0.000900000000	0.006604046294	0.012600000000	0.003700000000	0.001100000000	0.004500000000	0.000045987300	0.000500000000	0.000700000000	0.006700000000	0.013449837633	0.005311967254	0.001300000000	0.015383776115	0.000400000000	0.004188568126	0.000000000000	0.000113909674	0.011769492499	0.005497357314	0.000403257236	0.018516481606	0.002169693346	0.007377500000							
T>G	CTT	C[T>G]T	0.002758537619	0.000067111340	0.008724387302	0.001200000000	0.011486811509	0.008600000000	0.001300000000	0.004866713859	0.050900000000	0.018200000000	0.000900000000	0.006300000000	0.000463714722	0.006300000000	0.004500000000	0.018600000000	0.261456614079	0.002341629178	0.001900000000	0.002185394659	0.003200000000	0.001629409573	0.000210834980	0.002533718333	0.008550807482	0.006788718691	0.001439096069	0.118967102954	0.001143663251	0.009148100000							
C>A	GCA	G[C>A]A	0.008232603989	0.000352013353	0.009696539676	0.037600000000	0.011892168979	0.002400000000	0.000300000000	0.023682328869	0.011800000000	0.001400000000	0.000400000000	0.006200000000	0.000132109643	0.001800000000	0.002400000000	0.009600000000	0.006535404875	0.128724158080	0.003200000000	0.001116123789	0.000100000000	0.001298370161	0.000349907495	0.054676448679	0.013465295053	0.001375311846	0.010755871858	0.002136629077	0.078046610108	0.008853000000							
C>A	GCC	G[C>A]C	0.005758021410	0.000133816879	0.010843341116	0.039900000000	0.009247857495	0.005800000000	0.000100000000	0.015821896445	0.009200000000	0.002200000000	0.001000000000	0.005600000000	0.000754244011	0.011400000000	0.009900000000	0.009400000000	0.001293803953	0.016092878663	0.003100000000	0.003271428605	0.003800000000	0.001809622152	0.000568337772	0.109945988997	0.006468298058	0.001961639088	0.012442335117	0.000429208379	0.073460914669	0.009344900000							
C>A	GCG	G[C>A]G	0.000616335232	0.000178441660	0.000929140538	0.022700000000	0.002809188466	0.002100000000	0.000000000000	0.000850913754	0.000000000000	0.000200000000	0.000000000000	0.001500000000	0.000096820775	0.001100000000	0.001300000000	0.003600000000	0.001283663378	0.009271416762	0.000000000000	0.003751612508	0.000300000000	0.000333838055	0.000149417834	0.046524869010	0.000658103089	0.000013229664	0.001629628347	0.000000000000	0.017383296915	0.000885300000							
C>A	GCT	G[C>A]T	0.004459080311	0.000122832046	0.012215382639	0.025800000000	0.010301267456	0.008700000000	0.000100000000	0.021061235802	0.008500000000	0.008800000000	0.000600000000	0.002700000000	0.000551103672	0.073600000000	0.030900000000	0.006300000000	0.003103766672	0.072017070126	0.007200000000	0.012937194450	0.002300000000	0.000519148161	0.000000000000	0.050428709482	0.010473080347	0.001934996293	0.007412355152	0.001318507256	0.059602472118	0.008164500000							
C>G	GCA	G[C>G]A	0.000602122711	0.000044838514	0.011916844569	0.007000000000	0.005559423089	0.000000000000	0.000000000000	0.003724567946	0.001100000000	0.000000000000	0.000000000000	0.001200000000	0.001349419584	0.000200000000	0.002200000000	0.003100000000	0.001296324191	0.000923879703	0.002000000000	0.001339769321	0.000400000000	0.000000000000	0.000000000000	0.004945060708	0.004169655524	0.001320607475	0.001418166387	0.000081591411	0.000265759858	0.007377500000							
C>G	GCC	G[C>G]C	0.002393352209	0.000014520103	0.009823653397	0.009100000000	0.005388801221	0.003000000000	0.000400000000	0.003046596953	0.002900000000	0.000200000000	0.000200000000	0.001100000000	0.000788807743	0.000100000000	0.000500000000	0.003200000000	0.000260760911	0.000648647922	0.000000000000	0.001811151475	0.004200000000	0.000000000000	0.000137501074	0.009369875774	0.002392804944	0.001845501071	0.001346716782	0.000105219031	0.000945012884	0.006590600000							
C>G	GCG	G[C>G]G	0.000000248534	0.000040665889	0.001671054250	0.006200000000	0.001100589633	0.000000000000	0.000000000000	0.000321212793	0.000000000000	0.000000000000	0.000000000000	0.000000000000	0.000081791214	0.000000000000	0.000600000000	0.000000000000	0.000004377552	0.000542839968	0.000000000000	0.000000637538	0.000000000000	0.000214695851	0.000000000000	0.005625726540	0.000418193916	0.000205060777	0.000000000000	0.000000000000	0.000000000000	0.001573900000							
C>G	GCT	G[C>G]T	0.000890080731	0.000268429459	0.017914334306	0.006000000000	0.006041247837	0.001700000000	0.000000000000	0.005775663598	0.004400000000	0.000400000000	0.000000000000	0.000900000000	0.002680123244	0.000300000000	0.001800000000	0.002900000000	0.001820392786	0.001376724888	0.000000000000	0.001238264182	0.000400000000	0.000538438803	0.000000000000	0.003055770064	0.001994012217	0.001225532856	0.004560685974	0.000159679354	0.004796744744	0.000000000000							
C>T	GCA	G[C>T]A	0.024943814154	0.006390807876	0.016127273332	0.008700000000	0.020038258645	0.065300000000	0.000000000000	0.002261262686	0.006200000000	0.000000000000	0.026100000000	0.012400000000	0.002934137577	0.055700000000	0.047600000000	0.012500000000	0.002068754725	0.002703068727	0.037400000000	0.056793947985	0.016300000000	0.001915370854	0.053282058965	0.023679051295	0.010038112013	0.009606515027	0.014215313743	0.003384240869	0.011638793032	0.048593400000							
C>T	GCC	G[C>T]C	0.027161494035	0.001995816784	0.008208632437	0.008000000000	0.018022312238	0.077300000000	0.021000000000	0.001616649187	0.006900000000	0.013400000000	0.097500000000	0.009200000000	0.002515171146	0.061800000000	0.134500000000	0.009200000000	0.000325483399	0.004199307536	0.061400000000	0.054429857270	0.039200000000	0.003229133547	0.162918343743	0.015919201840	0.006953875155	0.019507426720	0.020143646182	0.001687414029	0.003781751661	0.049478700000							
C>T	GCG	G[C>T]G	0.103570762296	0.000303020977	0.001212922866	0.002300000000	0.013193817648	0.133900000000	0.000200000000	0.011606711600	0.008800000000	0.027000000000	0.009000000000	0.002300000000	0.003205264550	0.097800000000	0.182900000000	0.000900000000	0.007511101358	0.011897360825	0.027800000000	0.004592688609	0.001900000000	0.003300598879	0.013046494744	0.012648077606	0.010468363027	0.022502717383	0.009368468496	0.002189308960	0.019684388045	0.015738700000							
C>T	GCT	G[C>T]T	0.017689854381	0.003265818188	0.010611649208	0.008200000000	0.019502915335	0.052400000000	0.016100000000	0.006284928996	0.010100000000	0.015200000000	0.052200000000	0.011500000000	0.001687730545	0.055500000000	0.080000000000	0.011600000000	0.000925697167	0.001913380905	0.091700000000	0.049580863753	0.016600000000	0.001114059570	0.107590399754	0.018129778378	0.009823820735	0.017307472184	0.007589625950	0.001043993631	0.005761336823	0.018886500000							
T>A	GTA	G[T>A]A	0.000689289439	0.000114994210	0.004434782559	0.006900000000	0.006740387717	0.000000000000	0.000000000000	0.008139178608	0.003000000000	0.000000000000	0.000300000000	0.001500000000	0.000137960405	0.000000000000	0.000000000000	0.003000000000	0.000008545689	0.001875434081	0.002600000000	0.000163129836	0.000000000000	0.053709145693	0.000000000000	0.002225127336	0.036217800837	0.002242886513	0.109851871980	0.000551460783	0.002930098053	0.003738000000							
T>A	GTC	G[T>A]C	0.000552409528	0.000293862060	0.005615432411	0.005200000000	0.004021596480	0.002800000000	0.000000000000	0.007910080318	0.002900000000	0.000100000000	0.000300000000	0.003900000000	0.000252867405	0.002500000000	0.003800000000	0.004000000000	0.002573466959	0.001510309757	0.000000000000	0.003799179503	0.014200000000	0.009489396694	0.000183203812	0.004853149157	0.005847109647	0.005207287095	0.000023455678	0.003163987597	0.000000000000	0.003344500000							
T>A	GTG	G[T>A]G	0.001200228847	0.000088721344	0.008070136472	0.013300000000	0.006814352288	0.000600000000	0.000600000000	0.009057263056	0.002800000000	0.000000000000	0.000400000000	0.001900000000	0.000153517461	0.000000000000	0.002600000000	0.005100000000	0.003538822593	0.001505368776	0.001600000000	0.000828333700	0.003100000000	0.050293902428	0.000000000000	0.000195758628	0.038241179315	0.001358121778	0.001565937159	0.002152847013	0.000533632401	0.005016700000							
T>A	GTT	G[T>A]T	0.002107136837	0.000215755466	0.008679121744	0.004500000000	0.005101032909	0.002100000000	0.001000000000	0.017812238647	0.003600000000	0.000400000000	0.000100000000	0.003100000000	0.000122745552	0.000900000000	0.004300000000	0.003300000000	0.003879009961	0.003611025202	0.005200000000	0.001900746587	0.004100000000	0.010601457233	0.000000000000	0.000000000000	0.020167954419	0.002513112942	0.000000000000	0.002007733244	0.000000000000	0.006393900000							
T>C	GTA	G[T>C]A	0.011247835116	0.000004673852	0.006850055574	0.006100000000	0.016294982792	0.012200000000	0.000200000000	0.005720778549	0.009100000000	0.006400000000	0.001000000000	0.057300000000	0.001054081222	0.007800000000	0.019500000000	0.016100000000	0.000011401335	0.000529126468	0.003900000000	0.002469317074	0.142600000000	0.004217454113	0.000251168628	0.001269749840	0.017489823879	0.098052824719	0.004777380354	0.003655048127	0.007090803763	0.000000000000							
T>C	GTC	G[T>C]C	0.006999724257	0.000186065927	0.006260749014	0.001600000000	0.009574560593	0.005900000000	0.000100000000	0.005181051502	0.009700000000	0.010100000000	0.001600000000	0.027400000000	0.000529899747	0.012700000000	0.049900000000	0.009900000000	0.009657713318	0.002279130829	0.003000000000	0.001565632906	0.066500000000	0.000000000000	0.000538218489	0.006710339996	0.004045612446	0.040226363963	0.001964954330	0.007071175327	0.007111327534	0.006590600000							
T>C	GTG	G[T>C]G	0.004977592617	0.000000495044	0.006098762993	0.004200000000	0.014103929348	0.011500000000	0.000300000000	0.005040707471	0.009400000000	0.005400000000	0.001900000000	0.041000000000	0.000630095718	0.008200000000	0.015400000000	0.014800000000	0.004654129131	0.005871056581	0.006000000000	0.027341755021	0.088400000000	0.001474884534	0.000000000000	0.000277684976	0.013402246274	0.044620700983	0.001229167749	0.008232238440	0.005643063554	0.007869400000							
T>C	GTT	G[T>C]T	0.010667406133	0.000578598104	0.007509343859	0.002400000000	0.015666874692	0.004200000000	0.008100000000	0.008488220258	0.012600000000	0.012400000000	0.002300000000	0.040500000000	0.000676187888	0.008600000000	0.009400000000	0.014200000000	0.008149234601	0.004771565739	0.009900000000	0.001498264796	0.100300000000	0.001561042738	0.000995769681	0.004238477669	0.014159693736	0.055528068280	0.003747225013	0.000407884510	0.011237674345	0.008459600000							
T>G	GTA	G[T>G]A	0.000099045003	0.000095552392	0.004144488018	0.000000000000	0.001627664547	0.000000000000	0.000000000000	0.000974578665	0.007200000000	0.000000000000	0.000000000000	0.000000000000	0.000018489857	0.000000000000	0.000000000000	0.000000000000	0.000039193821	0.001341532464	0.000000000000	0.000003579149	0.000000000000	0.000000000000	0.000000000000	0.000000000000	0.005546226924	0.000037393232	0.000000000000	0.000000000000	0.000000000000	0.003246100000							
T>G	GTC	G[T>G]C	0.000202365646	0.000047002381	0.004501985313	0.000000000000	0.000327734937	0.001600000000	0.000000000000	0.000524821555	0.000600000000	0.002000000000	0.000000000000	0.000400000000	0.000093373513	0.001900000000	0.002200000000	0.003200000000	0.009078461515	0.000000920431	0.000000000000	0.002830575073	0.000600000000	0.000000000000	0.000000000000	0.001073632302	0.000000000000	0.002460704995	0.000050790565	0.000000000000	0.000000000000	0.001869000000							
T>G	GTG	G[T>G]G	0.001188353185	0.000109925703	0.016391452608	0.001800000000	0.005948879802	0.001000000000	0.001700000000	0.006087753467	0.005000000000	0.000900000000	0.001000000000	0.001100000000	0.000010579194	0.001200000000	0.003700000000	0.000800000000	0.004782775461	0.009694999981	0.004300000000	0.002733219405	0.000400000000	0.001877589181	0.000187132414	0.002924696996	0.008685244444	0.000817201563	0.004742918550	0.004217808299	0.003640593813	0.003344500000							
T>G	GTT	G[T>G]T	0.000800723342	0.000086477180	0.007067236643	0.000200000000	0.003307466591	0.003500000000	0.000900000000	0.005427433785	0.018500000000	0.003000000000	0.000000000000	0.003200000000	0.000053741207	0.003800000000	0.019000000000	0.004400000000	0.063497756582	0.002890553519	0.002500000000	0.003558558565	0.000800000000	0.000000000000	0.000000000000	0.000825098263	0.002768571683	0.007833561271	0.002298476030	0.031648997321	0.006181023776	0.005606900000							
C>A	TCA	T[C>A]A	0.012250063666	0.015127427519	0.011653224909	0.033000000000	0.014774016248	0.001700000000	0.001000000000	0.027032383039	0.022200000000	0.037400000000	0.000900000000	0.006600000000	0.048166047937	0.000500000000	0.005700000000	0.012200000000	0.001824558257	0.067080643529	0.005100000000	0.000688299692	0.000100000000	0.004051634552	0.002071289985	0.031451263182	0.006938146585	0.002680062424	0.007079284522	0.000775902768	0.026894406511	0.000000000000							
C>A	TCC	T[C>A]C	0.011162229329	0.006532492454	0.016606775011	0.053800000000	0.012043464964	0.002900000000	0.002000000000	0.018089773290	0.004300000000	0.010300000000	0.002500000000	0.009900000000	0.017329557089	0.016600000000	0.006200000000	0.014500000000	0.001286518338	0.041869009693	0.006300000000	0.004058229060	0.000500000000	0.002739770937	0.000696410201	0.062538293699	0.010246607400	0.002031643866	0.006268800628	0.000829292467	0.031608136996	0.000000000000							
C>A	TCG	T[C>A]G	0.002275495686	0.001656455398	0.001357239439	0.010400000000	0.003902362388	0.001100000000	0.000200000000	0.001694875197	0.000000000000	0.003100000000	0.000100000000	0.001900000000	0.002293157306	0.000000000000	0.002500000000	0.004000000000	0.002172941968	0.015162379290	0.001800000000	0.001001102231	0.000000000000	0.000513151070	0.000099393633	0.012802590728	0.000000000000	0.000265071700	0.001446403415	0.000000000000	0.012500468152	0.001672200000							
C>A	TCT	T[C>A]T	0.015259102491	0.012394610714	0.016328075975	0.037000000000	0.018243395705	0.005800000000	0.001300000000	0.038141330868	0.032200000000	0.308300000000	0.000400000000	0.004900000000	0.018634581512	0.051600000000	0.014500000000	0.015700000000	0.005012316394	0.117877846666	0.008700000000	0.012229104507	0.000400000000	0.003605650899	0.000207430191	0.030297679613	0.024625787226	0.003017187457	0.009806277750	0.001998073667	0.041207176390	0.000000000000							
C>G	TCA	T[C>G]A	0.001874853199	0.037241853149	0.016041405438	0.003200000000	0.002681056961	0.000000000000	0.000200000000	0.004117878837	0.003300000000	0.000000000000	0.000100000000	0.002400000000	0.280234946548	0.000000000000	0.000900000000	0.005000000000	0.000392684657	0.001802969051	0.000500000000	0.000024298469	0.000200000000	0.000225490615	0.000230608944	0.010220857436	0.009798724567	0.004201896751	0.002870433721	0.000521370368	0.000820444889	0.000000000000							
C>G	TCC	T[C>G]C	0.002067418791	0.000019413411	0.020149920428	0.010500000000	0.007924048307	0.000200000000	0.001000000000	0.003799649592	0.002500000000	0.000000000000	0.001100000000	0.002700000000	0.063885286587	0.000000000000	0.002600000000	0.006400000000	0.000655602418	0.007863006794	0.001100000000	0.000151998550	0.000300000000	0.000628695020	0.000165787009	0.007578365252	0.003266507150	0.002807761534	0.003107967569	0.000667325890	0.000444119287	0.000000000000							
C>G	TCG	T[C>G]G	0.000304897004	0.001625465457	0.002527910936	0.003100000000	0.001319075649	0.000000000000	0.000300000000	0.000025653018	0.000000000000	0.000000000000	0.000300000000	0.000000000000	0.009528486008	0.000000000000	0.000000000000	0.000000000000	0.000013641541	0.001513223334	0.000000000000	0.000000000000	0.000000000000	0.000395807994	0.000000000000	0.001592714217	0.002057436753	0.000000006197	0.000012810409	0.000000000000	0.000143297155	0.001967300000							
C>G	TCT	T[C>G]T	0.003151574460	0.066879899684	0.032673640762	0.005000000000	0.006644595708	0.000100000000	0.000700000000	0.006247553738	0.004900000000	0.000100000000	0.000800000000	0.001500000000	0.330225481745	0.000100000000	0.001500000000	0.016900000000	0.002852380395	0.003567102065	0.010500000000	0.000683059976	0.000300000000	0.000257375147	0.000438955809	0.006100727190	0.016400916850	0.008019382986	0.002130587503	0.001245779535	0.001369869047	0.000000000000							
C>T	TCA	T[C>T]A	0.014492099634	0.419941399594	0.008880209061	0.003500000000	0.010997560324	0.007400000000	0.120200000000	0.007180668540	0.005000000000	0.003700000000	0.030200000000	0.013800000000	0.113842093163	0.009200000000	0.011200000000	0.017200000000	0.016100784572	0.014923391701	0.021800000000	0.010710322070	0.006400000000	0.002016721688	0.014558613696	0.026571894346	0.011077520800	0.011303288768	0.018757776459	0.007622257672	0.012076583098	0.084989200000							
C>T	TCC	T[C>T]C	0.017680775357	0.081972496144	0.013529572798	0.007000000000	0.020644964803	0.006700000000	0.288700000000	0.004061032938	0.008400000000	0.021100000000	0.158900000000	0.009500000000	0.015024839001	0.028300000000	0.015600000000	0.013100000000	0.016779984064	0.009962744310	0.033000000000	0.008175509770	0.008600000000	0.001990834246	0.043510446939	0.012055691082	0.006448787540	0.010807526975	0.007989184406	0.005116619241	0.000000000000	0.090301000000							
C>T	TCG	T[C>T]G	0.076002221712	0.047720186368	0.001705408858	0.001100000000	0.007534489574	0.039100000000	0.099200000000	0.005535121520	0.004700000000	0.214100000000	0.008000000000	0.001000000000	0.006102097956	0.009400000000	0.010400000000	0.003600000000	0.016272095596	0.011549715126	0.009000000000	0.023163899202	0.012600000000	0.001498473091	0.002752640544	0.005363359680	0.014083416181	0.010364329328	0.004609130971	0.001918028110	0.015830196802	0.015148500000							
C>T	TCT	T[C>T]T	0.013761704021	0.228674918306	0.010304416928	0.007700000000	0.011787461775	0.004700000000	0.084400000000	0.012209070497	0.009600000000	0.039200000000	0.095400000000	0.009000000000	0.028140661233	0.022900000000	0.007600000000	0.019300000000	0.019827417550	0.005398013994	0.026700000000	0.009540087238	0.006400000000	0.001182226502	0.024328785234	0.005532499180	0.012418585885	0.007249145360	0.011880932482	0.006193158626	0.013462137300	0.045544000000							
T>A	TTA	T[T>A]A	0.005600155423	0.000080752486	0.007132681354	0.004500000000	0.009205637343	0.000200000000	0.001000000000	0.015139996236	0.021500000000	0.000000000000	0.000300000000	0.005700000000	0.000403261316	0.000000000000	0.000800000000	0.008500000000	0.000698812311	0.004663278043	0.003900000000	0.000924547968	0.002700000000	0.040810502825	0.000000000000	0.000000000000	0.021830329049	0.000628145256	0.052813887494	0.000203237563	0.001191207434	0.007672600000							
T>A	TTC	T[T>A]C	0.001999079260	0.000004802898	0.009102797827	0.004600000000	0.006835344247	0.000800000000	0.001500000000	0.012093554606	0.002700000000	0.000800000000	0.000000000000	0.013200000000	0.000771813274	0.001600000000	0.001900000000	0.008700000000	0.002579358604	0.002578155543	0.004800000000	0.000708206814	0.004500000000	0.025570395801	0.000000000000	0.007994129155	0.003405686728	0.005073753861	0.000047091785	0.010180964868	0.001682664015	0.006492200000							
T>A	TTG	T[T>A]G	0.001090065693	0.000066605043	0.006565863041	0.008200000000	0.007144208769	0.000000000000	0.001000000000	0.008362546590	0.014000000000	0.000000000000	0.000000000000	0.003700000000	0.000245194218	0.000000000000	0.000600000000	0.006300000000	0.000021133639	0.002016738361	0.005200000000	0.000097003127	0.000000000000	0.069845218085	0.000231525618	0.011202143591	0.010191520401	0.000020138391	0.000000000000	0.003250427227	0.002438756000	0.003639600000							
T>A	TTT	T[T>A]T	0.003981022761	0.000276315891	0.014712135403	0.004500000000	0.010240850413	0.000700000000	0.005000000000	0.027653296254	0.013900000000	0.002800000000	0.000800000000	0.009400000000	0.000160345975	0.001200000000	0.000300000000	0.008000000000	0.003883130589	0.002818679447	0.008500000000	0.002313489060	0.000800000000	0.023579061797	0.000000000000	0.000270578768	0.014527539313	0.001235538470	0.001929770813	0.016492812256	0.000000000000	0.000000000000							
T>C	TTA	T[T>C]A	0.008073616351	0.000101932352	0.009115495077	0.002800000000	0.017059640976	0.005900000000	0.002300000000	0.004901072379	0.015600000000	0.003000000000	0.000200000000	0.050000000000	0.000784056118	0.001800000000	0.006800000000	0.024600000000	0.001708586711	0.000302303565	0.005200000000	0.005734229562	0.038900000000	0.004803669740	0.000000000000	0.001682291048	0.014515050090	0.028789680542	0.001721015277	0.009929552068	0.011498665964	0.000000000000							
T>C	TTC	T[T>C]C	0.004857381178	0.000470343659	0.010953790932	0.001600000000	0.014195709147	0.003500000000	0.001800000000	0.006081011299	0.013700000000	0.009700000000	0.000900000000	0.034200000000	0.000132974888	0.005600000000	0.009900000000	0.018300000000	0.011074152072	0.006260791115	0.002000000000	0.011234254668	0.031300000000	0.000912157512	0.000230608944	0.002344527656	0.007406083457	0.036639492442	0.003489212553	0.029010563206	0.003584215038	0.009148100000							
T>C	TTG	T[T>C]G	0.008325454207	0.000192354203	0.006113033219	0.003600000000	0.012596501722	0.010600000000	0.001900000000	0.001712484699	0.009800000000	0.006500000000	0.000700000000	0.032000000000	0.000037402404	0.003400000000	0.003900000000	0.016500000000	0.005932002763	0.001541265329	0.005700000000	0.023767611345	0.024900000000	0.001781735680	0.000239513775	0.000481274164	0.004892531217	0.019143694280	0.001152846581	0.015683218557	0.001694296670	0.006000400000							
T>C	TTT	T[T>C]T	0.006257105605	0.000585330275	0.010774336259	0.002200000000	0.017375139145	0.002900000000	0.002400000000	0.010003441830	0.030900000000	0.009900000000	0.000500000000	0.037100000000	0.000179702846	0.002600000000	0.004700000000	0.017400000000	0.007208218396	0.001357797089	0.003800000000	0.005395186301	0.027400000000	0.000000000000	0.000000000000	0.000358148002	0.017014780759	0.023071688831	0.001527957003	0.017291563618	0.003799705772	0.000000000000							
T>G	TTA	T[T>G]A	0.001397553749	0.000071736950	0.005427184241	0.000000000000	0.005202874420	0.000900000000	0.000000000000	0.001743221362	0.050200000000	0.005000000000	0.000000000000	0.001900000000	0.000546581847	0.000000000000	0.000000000000	0.006800000000	0.000133410642	0.000036318404	0.003200000000	0.000000269147	0.000000000000	0.001651698761	0.000000000000	0.000000000000	0.002081479927	0.000008534935	0.001189022454	0.009389658706	0.000000000000	0.008656300000							
T>G	TTC	T[T>G]C	0.001291736985	0.000014281456	0.006160250423	0.000300000000	0.005131607914	0.001900000000	0.001000000000	0.002549838329	0.008100000000	0.009200000000	0.000000000000	0.002700000000	0.000235347085	0.001500000000	0.000400000000	0.006900000000	0.009613345245	0.003233837990	0.001800000000	0.000377234437	0.001800000000	0.000000000000	0.000000000000	0.000000000000	0.000578978775	0.002718509845	0.000280295354	0.030117076984	0.000000000000	0.004328200000							
T>G	TTG	T[T>G]G	0.002031076880	0.000206615168	0.011076526261	0.003000000000	0.006055254100	0.001100000000	0.001000000000	0.006030395185	0.008800000000	0.002200000000	0.000300000000	0.001100000000	0.000000479022	0.000200000000	0.000900000000	0.004900000000	0.004522462318	0.000754601773	0.001100000000	0.000515421599	0.000300000000	0.002572751958	0.000247501933	0.001360504850	0.009429195885	0.001369161173	0.002353055589	0.012698750811	0.000353695951	0.008262800000							
T>G	TTT	T[T>G]T	0.004030128160	0.000023598204	0.013000984209	0.001100000000	0.013369935834	0.007200000000	0.001400000000	0.007223998893	0.054500000000	0.063300000000	0.000300000000	0.003200000000	0.000670588327	0.002500000000	0.003300000000	0.016300000000	0.058040407760	0.002126441532	0.001300000000	0.000615656691	0.000300000000	0.000000000000	0.000000000000	0.000069515778	0.007869671577	0.002568076726	0.000139561285	0.233659783276	0.006104834136	0.000000000000							