<CHROM>	<START>	<END>	<TSB>
11	0	167782	0
11	167783	193078	1
11	193079	194571	3
11	194572	196736	1
11	196737	200256	3
11	200257	207426	1
11	207427	207509	0
11	207510	215111	2
11	215112	215456	0
11	215457	236544	1
11	236545	236832	3
11	236833	236857	1
11	236858	252979	2
11	252980	278363	0
11	278364	285357	2
11	285358	289136	0
11	289137	296105	2
11	296106	298198	0
11	298199	299524	1
11	299525	307629	0
11	307630	315270	2
11	315271	319667	0
11	319668	327535	1
11	327536	369802	0
11	369803	382114	2
11	382115	392612	0
11	392613	404906	2
11	404907	405714	0
11	405715	417395	1
11	417396	418261	0
11	418262	442009	1
11	442010	450278	0
11	450279	491385	2
11	491386	494510	0
11	494511	507298	1
11	507299	532240	0
11	532241	535548	1
11	535549	537525	0
11	537526	554862	2
11	554863	554914	3
11	554915	560402	1
11	560403	560777	3
11	560778	564019	2
11	564020	576484	0
11	576485	612220	2
11	612221	612551	0
11	612552	615997	1
11	615998	616563	0
11	616564	626076	1
11	626077	626429	0
11	626430	627141	1
11	627142	637291	0
11	637292	640704	2
11	640705	644231	0
11	644232	694436	1
11	694437	695160	3
11	695161	695426	1
11	695427	695530	3
11	695531	727725	2
11	727726	747327	0
11	747328	765022	2
11	765023	767218	0
11	767219	777485	1
11	777486	777580	0
11	777581	784178	2
11	784179	787102	0
11	787103	790121	1
11	790122	790473	0
11	790474	798314	1
11	798315	799182	0
11	799183	805243	1
11	805244	809645	0
11	809646	812873	2
11	812874	818900	0
11	818901	825571	2
11	825572	826142	0
11	826143	831989	2
11	831990	832841	0
11	832842	838832	2
11	838833	839719	0
11	839720	842543	1
11	842544	842806	0
11	842807	867114	2
11	867115	867355	0
11	867356	915056	1
11	915057	925870	0
11	925871	1012237	2
11	1012238	1012819	0
11	1012820	1036704	1
11	1036705	1074873	0
11	1074874	1104417	2
11	1104418	1151578	0
11	1151579	1162359	2
11	1162360	1244294	0
11	1244295	1283404	2
11	1283405	1295599	0
11	1295600	1295807	1
11	1295808	1296031	3
11	1296032	1330882	1
11	1330883	1411127	0
11	1411128	1483917	2
11	1483918	1491190	0
11	1491191	1507974	1
11	1507975	1575272	0
11	1575273	1593148	1
11	1593149	1605570	0
11	1605571	1606511	1
11	1606512	1618407	0
11	1618408	1619522	1
11	1619523	1628793	0
11	1628794	1629691	1
11	1629692	1642186	0
11	1642187	1643366	1
11	1643367	1651031	0
11	1651032	1652158	2
11	1652159	1718423	0
11	1718424	1718983	2
11	1718984	1753638	0
11	1753639	1785220	1
11	1785221	1848707	0
11	1848708	1858749	2
11	1858750	1860217	0
11	1860218	1862908	2
11	1862909	1874198	0
11	1874199	1910373	2
11	1910374	1912082	3
11	1912083	1913491	2
11	1913492	1940790	0
11	1940791	1959934	2
11	1959935	1968506	0
11	1968507	2005750	2
11	2005751	2150340	0
11	2150341	2182569	1
11	2182570	2185157	0
11	2185158	2193105	1
11	2193106	2289723	0
11	2289724	2292180	1
11	2292181	2316873	0
11	2316874	2323241	1
11	2323242	2323288	3
11	2323289	2339370	2
11	2339371	2397405	0
11	2397406	2418647	2
11	2418648	2421716	0
11	2421717	2425104	2
11	2425105	2425743	0
11	2425744	2444273	1
11	2444274	2465912	0
11	2465913	2870337	2
11	2870338	2904441	0
11	2904442	2907109	1
11	2907110	2909008	0
11	2909009	2920949	1
11	2920950	2924968	3
11	2924969	2946474	2
11	2946475	2949501	0
11	2949502	2950683	1
11	2950684	2965665	0
11	2965666	3011091	1
11	3011092	3012561	3
11	3012562	3013605	1
11	3013606	3022150	0
11	3022151	3078841	1
11	3078842	3108344	0
11	3108345	3186998	1
11	3186999	3239172	0
11	3239173	3240041	1
11	3240042	3248926	0
11	3248927	3253614	1
11	3253615	3360489	0
11	3360490	3400446	1
11	3400447	3659731	0
11	3659732	3663544	1
11	3663545	3666359	0
11	3666360	3685644	2
11	3685645	3686815	0
11	3686816	3819020	1
11	3819021	3819047	0
11	3819048	3847599	2
11	3847600	3848206	0
11	3848207	3862211	1
11	3862212	3875755	0
11	3875756	4114437	2
11	4114438	4116037	0
11	4116038	4160104	2
11	4160105	4388491	0
11	4388492	4389614	1
11	4389615	4406125	0
11	4406126	4414924	1
11	4414925	4470523	0
11	4470524	4471589	2
11	4471590	4510107	0
11	4510108	4511136	2
11	4511137	4566419	0
11	4566420	4567372	2
11	4567373	4592651	0
11	4592652	4599048	1
11	4599049	4608019	0
11	4608020	4609133	2
11	4609134	4615035	0
11	4615036	4616241	2
11	4616242	4619900	0
11	4619901	4629487	1
11	4629488	4660943	0
11	4660944	4662066	2
11	4662067	4664648	0
11	4664649	4676716	2
11	4676717	4701399	0
11	4701400	4719082	1
11	4719083	4788498	0
11	4788499	4790207	2
11	4790208	4791145	3
11	4791146	4824661	2
11	4824662	4825608	3
11	4825609	4869425	2
11	4869426	4870512	3
11	4870513	4880884	2
11	4880885	4881792	3
11	4881793	4935898	2
11	4935899	4936920	3
11	4936921	4944529	2
11	4944530	4945635	3
11	4945636	4967353	2
11	4967354	4968354	3
11	4968355	4976000	2
11	4976001	4976941	3
11	4976942	5013657	2
11	5013658	5020211	0
11	5020212	5021158	2
11	5021159	5067754	0
11	5067755	5068689	2
11	5068690	5079878	0
11	5079879	5080855	1
11	5080856	5152920	0
11	5152921	5153870	1
11	5153871	5172237	0
11	5172238	5207610	1
11	5207611	5220963	0
11	5220964	5221928	1
11	5221929	5246692	0
11	5246693	5250623	1
11	5250624	5253906	0
11	5253907	5256598	1
11	5256599	5269311	0
11	5269312	5271120	1
11	5271121	5274418	0
11	5274419	5372736	1
11	5372737	5373674	3
11	5373675	5410605	1
11	5410606	5411662	3
11	5411663	5423825	1
11	5423826	5424775	3
11	5424776	5443339	1
11	5443340	5444434	3
11	5444435	5474636	1
11	5474637	5475705	3
11	5475706	5509913	1
11	5509914	5510977	3
11	5510978	5602105	1
11	5602106	5603112	3
11	5603113	5617337	1
11	5617338	5634180	3
11	5634181	5640992	1
11	5640993	5665626	3
11	5665627	5667017	1
11	5667018	5684423	0
11	5684424	5710917	1
11	5710918	5732091	3
11	5732092	5757679	1
11	5757680	5758766	3
11	5758767	5775921	1
11	5775922	5776957	3
11	5776958	5841542	1
11	5841543	5842576	3
11	5842577	5905499	1
11	5905500	5906525	3
11	5906526	5959847	1
11	5959848	5968568	0
11	5968569	5969589	2
11	5969590	6007120	0
11	6007121	6008213	1
11	6008214	6023214	0
11	6023215	6024422	1
11	6024423	6047899	0
11	6047900	6048969	1
11	6048970	6128912	0
11	6128913	6130063	2
11	6130064	6149838	0
11	6149839	6150704	2
11	6150705	6173004	0
11	6173005	6173816	1
11	6173817	6190558	0
11	6190559	6191636	1
11	6191637	6220374	0
11	6220375	6221487	2
11	6221488	6226794	0
11	6226795	6232360	2
11	6232361	6232563	0
11	6232564	6255939	1
11	6255940	6255993	0
11	6255994	6265657	2
11	6265658	6280964	0
11	6280965	6293355	2
11	6293356	6340174	0
11	6340175	6341875	1
11	6341876	6411653	0
11	6411654	6416226	2
11	6416227	6416353	0
11	6416354	6440642	1
11	6440643	6452277	0
11	6452278	6462292	1
11	6462293	6469842	0
11	6469843	6495687	1
11	6495688	6496908	0
11	6496909	6502664	1
11	6502665	6502675	0
11	6502676	6505907	2
11	6505908	6518524	0
11	6518525	6593250	2
11	6593251	6616303	0
11	6616304	6624848	1
11	6624849	6624959	0
11	6624960	6632071	2
11	6632072	6632099	3
11	6632100	6632100	2
11	6632101	6633896	1
11	6633897	6633998	0
11	6633999	6640690	1
11	6640691	6642554	0
11	6642555	6677083	1
11	6677084	6702011	0
11	6702012	6704630	1
11	6704631	6789216	0
11	6789217	6790284	1
11	6790285	6806246	0
11	6806247	6807243	2
11	6807244	6815754	0
11	6815755	6817126	1
11	6817127	6866881	0
11	6866882	6867934	2
11	6867935	6890922	0
11	6890923	6891974	2
11	6891975	6897854	0
11	6897855	6898848	2
11	6898849	6912719	0
11	6912720	6913828	1
11	6913829	6942203	0
11	6942204	6943262	2
11	6943263	6947652	0
11	6947653	7005861	2
11	7005862	7020547	0
11	7020548	7041597	1
11	7041598	7041675	0
11	7041676	7092537	2
11	7092538	7110163	0
11	7110164	7112377	2
11	7112378	7260097	0
11	7260098	7490271	2
11	7490272	7506617	0
11	7506618	7532606	2
11	7532607	7534527	0
11	7534528	7674989	2
11	7674990	7686329	0
11	7686330	7698451	1
11	7698452	7817450	0
11	7817451	7818518	1
11	7818519	7846582	0
11	7846583	7847517	1
11	7847518	7949178	0
11	7949179	7950207	1
11	7950208	7960079	0
11	7960080	7961139	1
11	7961140	7980969	0
11	7980970	7986971	1
11	7986972	7991796	0
11	7991797	8023407	2
11	8023408	8040789	0
11	8040790	8127595	2
11	8127596	8127657	3
11	8127658	8190600	1
11	8190601	8245849	0
11	8245850	8290261	1
11	8290262	8413416	0
11	8413417	8615834	1
11	8615835	8633582	0
11	8633583	8693411	1
11	8693412	8703956	0
11	8703957	8711417	2
11	8711418	8714896	0
11	8714897	8932496	1
11	8932497	8932684	0
11	8932685	8941621	2
11	8941622	8941629	3
11	8941630	8954534	1
11	8954535	8959117	0
11	8959118	8964578	1
11	8964579	8968839	0
11	8968840	8986556	1
11	8986557	9002121	0
11	9002122	9025594	1
11	9025595	9041069	0
11	9041070	9113148	1
11	9113149	9160370	0
11	9160371	9286935	1
11	9286936	9302216	0
11	9302217	9336325	1
11	9336326	9406167	0
11	9406168	9469671	2
11	9469672	9481745	0
11	9481746	9481864	1
11	9481865	9482008	3
11	9482009	9550069	2
11	9550070	9595226	0
11	9595227	9615002	2
11	9615003	9685622	0
11	9685623	9774536	2
11	9774537	9800212	0
11	9800213	10315752	1
11	10315753	10326225	0
11	10326226	10328942	2
11	10328943	10339216	0
11	10339217	10529124	2
11	10529125	10529432	0
11	10529433	10530721	1
11	10530722	10533223	0
11	10533224	10562762	1
11	10562763	10578511	0
11	10578512	10590236	1
11	10590237	10594636	0
11	10594637	10715533	1
11	10715534	10772532	0
11	10772533	10801288	2
11	10801289	10818595	0
11	10818596	10830655	1
11	10830656	10874249	0
11	10874250	10880341	1
11	10880342	11292421	0
11	11292422	11643550	1
11	11643551	11747058	0
11	11747059	11747255	1
11	11747256	11862968	0
11	11862969	11980868	2
11	11980869	11984651	0
11	11984652	12031314	1
11	12031315	12115541	0
11	12115542	12285330	2
11	12285331	12302490	0
11	12302491	12380689	2
11	12380690	12398730	0
11	12398731	12552346	2
11	12552347	12695967	0
11	12695968	12966296	2
11	12966297	13298197	0
11	13298198	13408811	2
11	13408812	13409546	0
11	13409547	13484842	1
11	13484843	13513600	0
11	13513601	13517726	1
11	13517727	13690215	0
11	13690216	13753891	2
11	13753892	14299470	0
11	14299471	14386050	1
11	14386051	14479050	0
11	14479051	14665161	1
11	14665162	14665267	0
11	14665268	14892348	2
11	14892349	14899582	0
11	14899583	14913796	1
11	14913797	14926541	0
11	14926542	14988212	2
11	14988213	14992745	3
11	14992746	15103886	2
11	15103887	15133968	0
11	15133969	15268752	2
11	15268753	15987993	0
11	15987994	16497933	1
11	16497934	16759946	0
11	16759947	16777768	2
11	16777769	16799840	0
11	16799841	17035988	1
11	17035989	17095934	0
11	17095935	17099332	1
11	17099333	17108117	0
11	17108118	17229528	1
11	17229529	17229698	0
11	17229699	17353756	2
11	17353757	17373271	0
11	17373272	17398886	2
11	17398887	17407404	0
11	17407405	17410876	1
11	17410877	17414430	0
11	17414431	17498447	1
11	17498448	17515440	0
11	17515441	17565961	1
11	17565962	17568918	0
11	17568919	17668695	2
11	17668696	17741113	0
11	17741114	17743676	2
11	17743677	17756357	0
11	17756358	17804217	2
11	17804218	17809593	0
11	17809594	18034707	1
11	18034708	18039109	0
11	18039110	18063971	1
11	18063972	18101837	0
11	18101838	18127636	1
11	18127637	18142500	0
11	18142501	18160025	2
11	18160026	18161731	0
11	18161732	18194382	1
11	18194383	18195825	3
11	18195826	18211040	1
11	18211041	18230683	0
11	18230684	18236107	2
11	18236108	18252894	0
11	18252895	18258438	1
11	18258439	18260768	0
11	18260769	18270188	1
11	18270189	18287719	0
11	18287720	18291522	2
11	18291523	18300221	0
11	18300222	18343743	1
11	18343744	18343840	0
11	18343841	18388589	2
11	18388590	18415933	0
11	18415934	18429970	2
11	18429971	18433852	0
11	18433853	18473603	2
11	18473604	18477369	0
11	18477370	18489881	2
11	18489882	18500868	3
11	18500869	18501145	2
11	18501146	18548777	1
11	18548778	18551154	0
11	18551155	18610291	1
11	18610292	18627946	0
11	18627947	18656038	1
11	18656039	18720336	0
11	18720337	18725850	2
11	18725851	18726330	3
11	18726331	18747725	1
11	18747726	18749473	0
11	18749474	18814266	1
11	18814267	18955358	0
11	18955359	18956554	1
11	18956555	19076000	0
11	19076001	19082226	1
11	19082227	19138674	0
11	19138675	19197960	2
11	19197961	19203576	0
11	19203577	19232118	1
11	19232119	19245608	0
11	19245609	19263165	1
11	19263166	19372269	0
11	19372270	20143142	2
11	20143143	20177699	0
11	20177700	20182157	1
11	20182158	20385229	0
11	20385230	20405327	2
11	20405328	20409074	0
11	20409075	20530797	2
11	20530798	20620944	0
11	20620945	20680829	2
11	20680830	20691115	0
11	20691116	21597225	2
11	21597226	22214720	0
11	22214721	22304901	2
11	22304902	22359641	0
11	22359642	22401047	2
11	22401048	22644077	0
11	22644078	22646858	1
11	22646859	22647367	3
11	22647368	22647385	1
11	22647386	22834599	2
11	22834600	22840473	0
11	22840474	22851409	1
11	22851410	22868475	0
11	22868476	22881970	1
11	22881971	24518722	0
11	24518723	25104148	2
11	25104149	26210827	0
11	26210828	26580578	2
11	26580579	26588773	3
11	26588774	26684833	2
11	26684834	26688564	0
11	26688565	26744906	1
11	26744907	27015626	0
11	27015627	27018628	2
11	27018629	27062270	0
11	27062271	27149354	2
11	27149355	27360059	0
11	27360060	27385413	1
11	27385414	27387506	0
11	27387507	27494320	1
11	27494321	27516121	0
11	27516122	27528318	1
11	27528319	27676438	0
11	27676439	27743603	1
11	27743604	28042165	0
11	28042166	28129793	1
11	28129794	28129853	3
11	28129854	28355052	2
11	28355053	30031286	0
11	30031287	30038568	1
11	30038569	30252561	0
11	30252562	30256806	2
11	30256807	30344596	0
11	30344597	30359772	2
11	30359773	30406038	0
11	30406039	30608417	1
11	30608418	30900129	0
11	30900130	31391319	1
11	31391320	31391385	0
11	31391386	31453394	2
11	31453395	31453946	0
11	31453947	31531190	1
11	31531191	31531295	0
11	31531296	31805544	2
11	31805545	31806338	0
11	31806339	31833937	1
11	31833938	31839507	3
11	31839508	32127299	2
11	32127300	32409319	0
11	32409320	32457174	1
11	32457175	32605369	0
11	32605370	32623790	2
11	32623791	32627806	3
11	32627807	32816185	1
11	32816186	32851487	0
11	32851488	32879667	2
11	32879668	32914722	0
11	32914723	33014860	2
11	33014861	33037408	0
11	33037409	33055126	2
11	33055127	33060961	0
11	33060962	33106128	2
11	33106129	33127486	3
11	33127487	33127487	2
11	33127488	33183915	1
11	33183916	33278216	0
11	33278217	33378567	2
11	33378568	33563616	0
11	33563617	33695646	2
11	33695647	33719805	0
11	33719806	33757989	1
11	33757990	33762483	0
11	33762484	33796087	1
11	33796088	33880120	0
11	33880121	33902187	1
11	33902188	33903336	3
11	33903337	33913834	1
11	33913835	34073228	0
11	34073229	34122701	2
11	34122702	34127147	0
11	34127148	34168455	2
11	34168456	34172533	0
11	34172534	34379553	1
11	34379554	34460470	0
11	34460471	34493607	2
11	34493608	34500338	0
11	34500339	34535350	1
11	34535351	34642656	0
11	34642657	34682602	2
11	34682603	34896734	0
11	34896735	34937374	1
11	34937375	34937881	3
11	34937882	34938044	1
11	34938045	35017667	2
11	35017668	35150089	0
11	35150090	35150213	1
11	35150214	35160415	0
11	35160416	35253947	2
11	35253948	35272751	0
11	35272752	35441608	1
11	35441609	35453368	0
11	35453369	35551846	1
11	35551847	35639733	0
11	35639734	35642417	2
11	35642418	35684351	0
11	35684352	35829773	2
11	35829774	35965529	0
11	35965530	36253684	2
11	36253685	36295049	0
11	36295050	36310997	1
11	36310998	36317836	0
11	36317837	36486752	2
11	36486753	36508575	0
11	36508576	36531820	1
11	36531821	36589573	0
11	36589574	36601304	2
11	36601305	36613491	0
11	36613492	36616049	1
11	36616050	36619784	3
11	36619785	36694821	2
11	36694822	40135751	0
11	40135752	41481321	1
11	41481322	43333511	0
11	43333512	43366077	2
11	43366078	43380480	0
11	43380481	43516481	2
11	43516482	43702257	0
11	43702258	43878158	2
11	43878159	43902387	0
11	43902388	43941814	2
11	43941815	43946890	0
11	43946891	43965886	2
11	43965887	44069529	0
11	44069530	44081525	2
11	44081526	44087727	0
11	44087728	44105762	2
11	44105763	44117097	0
11	44117098	44266977	2
11	44266978	44281992	0
11	44281993	44331714	1
11	44331715	44585975	0
11	44585976	44641911	2
11	44641912	44748013	0
11	44748014	44953897	2
11	44953898	44953970	3
11	44953971	44972606	1
11	44972607	45115562	0
11	45115563	45246901	2
11	45246902	45261850	0
11	45261851	45307868	1
11	45307869	45670425	0
11	45670426	45687170	1
11	45687171	45792981	0
11	45792982	45793907	2
11	45793908	45825621	0
11	45825622	45834564	2
11	45834565	45868667	0
11	45868668	45904796	2
11	45904797	45907200	0
11	45907201	45928014	2
11	45928015	45928083	0
11	45928084	45928831	1
11	45928832	45931218	0
11	45931219	45940361	1
11	45940362	45943170	0
11	45943171	45950645	2
11	45950646	45950869	0
11	45950870	46142983	1
11	46142984	46299210	0
11	46299211	46342970	2
11	46342971	46354453	0
11	46354454	46402102	2
11	46402103	46402304	0
11	46402305	46405373	2
11	46405374	46406638	0
11	46406639	46408105	1
11	46408106	46417962	0
11	46417963	46615673	1
11	46615674	46624409	0
11	46624410	46638824	1
11	46638825	46639457	3
11	46639458	46696366	2
11	46696367	46698628	0
11	46698629	46722147	1
11	46722148	46722366	0
11	46722367	46727460	2
11	46727461	46740728	0
11	46740729	46761054	2
11	46761055	46764596	0
11	46764597	46867841	1
11	46867842	46878417	0
11	46878418	46940191	1
11	46940192	46958246	0
11	46958247	47185846	2
11	47185847	47185934	3
11	47185935	47198631	1
11	47198632	47199074	0
11	47199075	47207992	1
11	47207993	47236491	0
11	47236492	47260765	2
11	47260766	47260851	0
11	47260852	47270455	1
11	47270456	47270465	0
11	47270466	47290394	2
11	47290395	47290710	0
11	47290711	47351580	2
11	47351581	47352955	0
11	47352956	47374251	1
11	47374252	47376409	0
11	47376410	47400125	1
11	47400126	47428681	0
11	47428682	47438045	2
11	47438046	47440318	0
11	47440319	47447991	1
11	47447992	47459306	0
11	47459307	47470728	1
11	47470729	47487494	0
11	47487495	47586980	1
11	47586981	47587070	3
11	47587071	47587119	1
11	47587120	47593747	2
11	47593748	47593910	3
11	47593911	47599275	1
11	47599276	47599821	3
11	47599822	47600560	1
11	47600561	47600565	3
11	47600566	47606112	2
11	47606113	47608196	0
11	47608197	47610744	2
11	47610745	47611214	0
11	47611215	47616209	1
11	47616210	47638866	0
11	47638867	47664173	1
11	47664174	47681141	0
11	47681142	47736939	1
11	47736940	47738070	0
11	47738071	47788991	1
11	47788992	47799637	0
11	47799638	47870105	1
11	47870106	48002111	0
11	48002112	48189668	2
11	48189669	48238342	0
11	48238343	48239312	2
11	48239313	48266606	0
11	48266607	48267620	2
11	48267621	48285411	0
11	48285412	48286328	2
11	48286329	48327773	0
11	48327774	48328702	2
11	48328703	48346470	0
11	48346471	48347505	2
11	48347506	48387035	0
11	48387036	48388015	1
11	48388016	48510267	0
11	48510268	48511330	2
11	48511331	49050502	0
11	49050503	49059577	2
11	49059578	49075264	0
11	49075265	49080662	1
11	49080663	49168185	0
11	49168186	49230220	1
11	49230221	49973941	0
11	49973942	49974969	2
11	49974970	50003007	0
11	50003008	50004069	1
11	50004070	51411376	0
11	51411377	51412446	1
11	51412447	51515280	0
11	51515281	51516209	2
11	51516210	55029656	0
11	55029657	55038593	2
11	55038594	55110625	0
11	55110626	55111705	2
11	55111706	55135358	0
11	55135359	55136392	2
11	55136393	55321781	0
11	55321782	55322893	2
11	55322894	55339602	0
11	55339603	55340534	2
11	55340535	55370828	0
11	55370829	55371872	1
11	55371873	55405832	0
11	55405833	55406770	2
11	55406771	55418378	0
11	55418379	55419313	2
11	55419314	55432612	0
11	55432613	55433669	2
11	55433670	55540912	0
11	55540913	55541856	2
11	55541857	55563030	0
11	55563031	55563974	2
11	55563975	55578852	0
11	55578853	55579950	2
11	55579951	55587084	0
11	55587085	55588071	2
11	55588072	55594693	0
11	55594694	55595628	2
11	55595629	55606226	0
11	55606227	55607212	2
11	55607213	55650771	0
11	55650772	55659284	2
11	55659285	55681124	0
11	55681125	55682056	1
11	55682057	55702930	0
11	55702931	55703874	1
11	55703875	55734973	0
11	55734974	55735988	1
11	55735989	55761155	0
11	55761156	55762099	1
11	55762100	55797893	0
11	55797894	55798867	2
11	55798868	55860751	0
11	55860752	55861760	2
11	55861761	55872517	0
11	55872518	55873455	2
11	55873456	55889847	0
11	55889848	55890785	2
11	55890786	55904245	0
11	55904246	55905192	1
11	55905193	55926868	0
11	55926869	55927791	1
11	55927792	55944092	0
11	55944093	55945030	2
11	55945031	55999488	0
11	55999489	56000735	1
11	56000736	56019674	0
11	56019675	56020696	2
11	56020697	56043027	0
11	56043028	56044144	2
11	56044145	56057527	0
11	56057528	56058564	1
11	56058565	56085781	0
11	56085782	56086719	2
11	56086720	56113419	0
11	56113420	56114505	2
11	56114506	56127689	0
11	56127690	56128762	2
11	56128763	56143098	0
11	56143099	56144027	2
11	56144028	56184732	0
11	56184733	56185706	1
11	56185707	56229943	0
11	56229944	56230875	1
11	56230876	56236962	0
11	56236963	56238012	1
11	56238013	56257823	0
11	56257824	56258869	1
11	56258870	56309744	0
11	56309745	56310755	1
11	56310756	56344210	0
11	56344211	56345261	1
11	56345262	56380029	0
11	56380030	56380976	1
11	56380977	56408940	0
11	56408941	56409945	1
11	56409946	56431136	0
11	56431137	56432161	2
11	56432162	56467862	0
11	56467863	56468779	2
11	56468780	56510301	0
11	56510302	56511285	1
11	56511286	56756345	0
11	56756346	56757340	2
11	56757341	56949219	0
11	56949220	56959189	2
11	56959190	57001065	0
11	57001066	57004673	1
11	57004674	57067114	0
11	57067115	57092399	1
11	57092400	57093457	0
11	57093458	57103349	1
11	57103350	57105989	0
11	57105990	57138071	2
11	57138072	57144240	0
11	57144241	57148621	1
11	57148622	57154265	0
11	57154266	57195051	1
11	57195052	57228020	0
11	57228021	57245005	2
11	57245006	57252005	0
11	57252006	57283257	1
11	57283258	57295934	0
11	57295935	57298274	1
11	57298275	57308977	0
11	57308978	57318106	2
11	57318107	57319127	0
11	57319128	57335755	1
11	57335756	57364858	0
11	57364859	57382324	2
11	57382325	57412559	0
11	57412560	57416463	1
11	57416464	57417415	3
11	57417416	57429338	2
11	57429339	57435217	0
11	57435218	57468657	2
11	57468658	57471184	0
11	57471185	57479679	1
11	57479680	57480073	0
11	57480074	57508443	2
11	57508444	57508823	0
11	57508824	57510508	2
11	57510509	57510984	0
11	57510985	57519251	1
11	57519252	57520713	0
11	57520714	57587016	2
11	57587017	57791351	0
11	57791352	57885970	2
11	57885971	57886914	3
11	57886915	57949086	2
11	57949087	57957904	0
11	57957905	57958988	2
11	57958989	57970672	0
11	57970673	57971651	1
11	57971652	57982215	0
11	57982216	57983193	2
11	57983194	57995352	0
11	57995353	57996388	1
11	57996389	58034262	0
11	58034263	58035730	1
11	58035731	58125595	0
11	58125596	58126540	1
11	58126541	58169935	0
11	58169936	58170880	1
11	58170881	58189736	0
11	58189737	58190784	1
11	58190785	58206591	0
11	58206592	58207644	1
11	58207645	58274646	0
11	58274647	58275576	1
11	58275577	58294342	0
11	58294343	58345691	1
11	58345692	58346582	0
11	58346583	58378587	2
11	58378588	58378757	3
11	58378758	58388513	2
11	58388514	58390144	0
11	58390145	58393196	2
11	58393197	58407897	0
11	58407898	58499445	1
11	58499446	58601540	0
11	58601541	58612255	1
11	58612256	58672895	0
11	58672896	58676069	2
11	58676070	58695100	0
11	58695101	58724514	2
11	58724515	58874656	0
11	58874657	58894881	2
11	58894882	58910219	0
11	58910220	58922510	2
11	58922511	58938901	0
11	58938902	58975981	2
11	58975982	58976058	3
11	58976059	58980422	1
11	58980423	59131883	0
11	59131884	59132919	2
11	59132920	59189414	0
11	59189415	59190447	1
11	59190448	59210615	0
11	59210616	59211665	2
11	59211666	59224409	0
11	59224410	59225462	2
11	59225463	59244844	0
11	59244845	59245867	2
11	59245868	59271047	0
11	59271048	59271982	2
11	59271983	59282384	0
11	59282385	59283328	2
11	59283329	59341869	0
11	59341870	59383615	1
11	59383616	59404187	0
11	59404188	59436451	1
11	59436452	59480294	0
11	59480295	59480927	1
11	59480928	59481335	3
11	59481336	59573352	2
11	59573353	59573606	0
11	59573607	59578343	1
11	59578344	59596739	0
11	59596740	59612972	1
11	59612973	59620271	0
11	59620272	59634046	1
11	59634047	59705926	0
11	59705927	59712805	2
11	59712806	59807746	0
11	59807747	59815515	2
11	59815516	59824058	0
11	59824059	59838599	2
11	59838600	59855732	0
11	59855733	59863442	2
11	59863443	59939079	0
11	59939080	59952137	1
11	59952138	59968724	0
11	59968725	60010559	1
11	60010560	60048012	0
11	60048013	60076443	2
11	60076444	60102302	0
11	60102303	60108439	2
11	60108440	60145953	0
11	60145954	60185159	2
11	60185160	60197060	0
11	60197061	60215263	2
11	60215264	60223223	0
11	60223224	60238231	2
11	60238232	60260249	0
11	60260250	60274901	2
11	60274902	60282884	0
11	60282885	60310192	2
11	60310193	60467045	0
11	60467046	60483282	2
11	60483283	60496787	0
11	60496788	60511683	2
11	60511684	60524424	0
11	60524425	60544202	2
11	60544203	60552819	0
11	60552820	60568776	2
11	60568777	60609542	0
11	60609543	60618411	2
11	60618412	60618552	3
11	60618553	60623442	1
11	60623443	60635033	0
11	60635034	60643164	2
11	60643165	60658200	0
11	60658201	60674058	1
11	60674059	60681344	0
11	60681345	60690913	2
11	60690914	60691940	0
11	60691941	60704554	2
11	60704555	60704629	3
11	60704630	60720000	1
11	60720001	60739113	0
11	60739114	60787847	2
11	60787848	60869865	0
11	60869866	60895322	2
11	60895323	60897726	0
11	60897727	60929087	1
11	60929088	60970850	0
11	60970851	60980568	2
11	60980569	60989686	0
11	60989687	61018927	2
11	61018928	61025760	0
11	61025761	61062894	1
11	61062895	61066921	0
11	61066922	61100680	1
11	61100681	61100836	3
11	61100837	61101245	1
11	61101246	61116215	2
11	61116216	61116712	3
11	61116713	61117117	2
11	61117118	61120765	3
11	61120766	61129471	1
11	61129472	61129769	3
11	61129770	61136979	2
11	61136980	61159157	0
11	61159158	61166333	2
11	61166334	61170119	0
11	61170120	61197501	1
11	61197502	61197526	0
11	61197527	61258401	2
11	61258402	61276270	0
11	61276271	61278480	2
11	61278481	61282783	0
11	61282784	61348618	1
11	61348619	61447903	0
11	61447904	61514471	2
11	61514472	61520119	0
11	61520120	61555988	2
11	61555989	61556433	0
11	61556434	61560107	1
11	61560108	61560272	3
11	61560273	61567097	2
11	61567098	61584632	3
11	61584633	61593982	2
11	61593983	61594862	1
11	61594863	61596788	3
11	61596789	61634824	2
11	61634825	61640989	0
11	61640990	61659521	1
11	61659522	61664771	0
11	61664772	61687739	1
11	61687740	61717291	0
11	61717292	61727188	2
11	61727189	61731931	3
11	61731932	61732055	2
11	61732056	61732985	3
11	61732986	61735130	1
11	61735131	61735451	0
11	61735452	61736753	2
11	61736754	61891443	0
11	61891444	61920451	2
11	61920452	61957686	0
11	61957687	61961009	2
11	61961010	61976138	0
11	61976139	61981406	2
11	61981407	62009680	0
11	62009681	62012278	2
11	62012279	62037625	0
11	62037626	62040626	2
11	62040627	62063752	0
11	62063753	62066534	1
11	62066535	62104918	0
11	62104919	62160880	2
11	62160881	62172573	0
11	62172574	62190665	2
11	62190666	62201014	0
11	62201015	62323705	1
11	62323706	62327071	0
11	62327072	62342399	1
11	62342400	62342515	0
11	62342516	62359647	1
11	62359648	62360684	0
11	62360685	62369310	1
11	62369311	62369688	0
11	62369689	62379192	1
11	62379193	62380235	3
11	62380236	62382590	2
11	62382591	62382766	0
11	62382767	62389645	1
11	62389646	62392296	0
11	62392297	62414102	1
11	62414103	62414318	0
11	62414319	62432779	1
11	62432780	62435578	3
11	62435579	62437743	1
11	62437744	62439239	3
11	62439240	62439725	1
11	62439726	62441157	2
11	62441158	62443968	0
11	62443969	62446560	1
11	62446561	62453872	0
11	62453873	62457369	1
11	62457370	62457745	0
11	62457746	62475128	1
11	62475129	62476671	3
11	62476672	62477315	1
11	62477316	62480100	0
11	62480101	62494819	1
11	62494820	62495539	0
11	62495540	62506106	2
11	62506107	62518433	0
11	62518434	62521658	1
11	62521659	62529014	0
11	62529015	62534180	2
11	62534181	62538773	0
11	62538774	62539131	2
11	62539132	62554812	3
11	62554813	62554885	1
11	62554886	62557716	3
11	62557717	62559491	1
11	62559492	62559593	0
11	62559594	62573772	1
11	62573773	62574367	0
11	62574368	62599558	1
11	62599559	62599812	0
11	62599813	62609279	1
11	62609280	62623516	0
11	62623517	62656350	2
11	62656351	62676149	0
11	62676150	62689277	1
11	62689278	62744067	0
11	62744068	62752453	1
11	62752454	62760294	0
11	62760295	62783309	1
11	62783310	62847410	0
11	62847411	62911691	1
11	62911692	62921970	0
11	62921971	62931246	2
11	62931247	62997122	3
11	62997123	63137188	2
11	63137189	63137259	0
11	63137260	63177764	2
11	63177765	63228884	0
11	63228885	63258664	1
11	63258665	63273554	0
11	63273555	63284244	2
11	63284245	63304286	0
11	63304287	63313932	2
11	63313933	63320240	0
11	63320241	63330853	1
11	63330854	63340665	0
11	63340666	63381939	1
11	63381940	63391557	0
11	63391558	63439391	1
11	63439392	63448916	0
11	63448917	63527361	2
11	63527362	63580858	0
11	63580859	63595188	2
11	63595189	63606398	0
11	63606399	63678489	2
11	63678490	63678691	0
11	63678692	63684314	1
11	63684315	63706466	0
11	63706467	63724798	2
11	63724799	63742077	0
11	63742078	63766028	2
11	63766029	63769281	3
11	63769282	63870658	1
11	63870659	63886643	3
11	63886644	63933531	1
11	63933532	63952742	0
11	63952743	63972013	2
11	63972014	63974148	0
11	63974149	63991269	2
11	63991270	63991352	3
11	63991353	63993411	1
11	63993412	63993620	3
11	63993621	63993724	1
11	63993725	63997486	2
11	63997487	63997748	0
11	63997749	64001751	2
11	64001752	64002008	0
11	64002009	64006257	2
11	64006258	64008474	0
11	64008475	64011602	2
11	64011603	64011954	0
11	64011955	64014411	1
11	64014412	64018993	0
11	64018994	64036620	2
11	64036621	64037300	0
11	64037301	64037532	1
11	64037533	64052109	3
11	64052110	64052139	1
11	64052140	64056970	2
11	64056971	64058795	0
11	64058796	64067501	2
11	64067502	64067861	0
11	64067862	64072240	2
11	64072241	64073042	0
11	64073043	64083930	2
11	64083931	64084208	3
11	64084209	64084213	2
11	64084214	64085554	1
11	64085555	64085558	0
11	64085559	64089281	2
11	64089282	64107693	0
11	64107694	64125004	2
11	64125005	64126618	0
11	64126619	64139685	2
11	64139686	64216544	0
11	64216545	64219124	2
11	64219125	64323096	0
11	64323097	64340345	2
11	64340346	64358111	0
11	64358112	64369818	2
11	64369819	64373644	0
11	64373645	64490658	1
11	64490659	64494381	0
11	64494382	64512926	1
11	64512927	64513859	0
11	64513860	64527767	1
11	64527768	64532076	0
11	64532077	64546256	1
11	64546257	64556607	0
11	64556608	64570711	1
11	64570712	64570980	0
11	64570981	64578764	1
11	64578765	64590857	0
11	64590858	64612039	1
11	64612040	64619112	0
11	64619113	64655766	1
11	64655767	64662005	0
11	64662006	64684720	1
11	64684721	64685069	0
11	64685070	64701941	2
11	64701942	64701943	3
11	64701944	64703358	1
11	64703359	64704987	0
11	64704988	64739555	1
11	64739556	64755413	0
11	64755414	64764515	1
11	64764516	64781583	0
11	64781584	64789654	2
11	64789655	64794878	0
11	64794879	64808042	2
11	64808043	64808371	0
11	64808372	64812288	2
11	64812289	64812297	3
11	64812298	64812298	2
11	64812299	64826019	1
11	64826020	64833770	0
11	64833771	64851621	1
11	64851622	64851693	0
11	64851694	64855842	2
11	64855843	64855868	3
11	64855869	64856794	1
11	64856795	64856845	3
11	64856846	64883854	2
11	64883855	64883873	0
11	64883874	64885168	1
11	64885169	64888098	0
11	64888099	64889781	1
11	64889782	64889943	3
11	64889944	64894749	2
11	64894750	64894841	3
11	64894842	64902002	1
11	64902003	64937623	0
11	64937624	64940713	2
11	64940714	64947698	0
11	64947699	64948035	1
11	64948036	64949303	3
11	64949304	64979475	2
11	64979476	65029231	0
11	65029232	65073058	2
11	65073059	65082287	0
11	65082288	65089898	2
11	65089899	65101223	0
11	65101224	65120718	2
11	65120719	65122236	0
11	65122237	65125082	2
11	65125083	65142661	0
11	65142662	65151170	1
11	65151171	65154068	0
11	65154069	65180994	2
11	65180995	65222726	0
11	65222727	65234026	2
11	65234027	65292546	0
11	65292547	65306173	2
11	65306174	65306274	0
11	65306275	65326399	1
11	65326400	65337899	0
11	65337900	65341667	2
11	65341668	65343507	0
11	65343508	65358663	2
11	65358664	65359945	3
11	65359946	65360119	2
11	65360120	65360324	0
11	65360325	65363465	1
11	65363466	65365224	0
11	65365225	65381718	1
11	65381719	65383242	0
11	65383243	65404908	2
11	65404909	65405566	0
11	65405567	65418399	2
11	65418400	65421065	0
11	65421066	65430563	1
11	65430564	65479465	0
11	65479466	65485142	2
11	65485143	65487073	3
11	65487074	65488416	1
11	65488417	65543362	0
11	65543363	65548271	1
11	65548272	65554491	0
11	65554492	65564688	2
11	65564689	65601110	0
11	65601111	65621170	2
11	65621171	65622144	0
11	65622145	65624595	1
11	65624596	65626884	3
11	65626885	65627531	1
11	65627532	65628890	3
11	65628891	65629495	1
11	65629496	65633909	2
11	65633910	65633916	0
11	65633917	65641061	1
11	65641062	65647278	0
11	65647279	65651210	2
11	65651211	65651390	0
11	65651391	65656008	1
11	65656009	65657873	0
11	65657874	65659103	2
11	65659104	65659518	0
11	65659519	65668042	1
11	65668043	65684277	0
11	65684278	65686586	1
11	65686587	65686726	0
11	65686727	65689030	2
11	65689031	65729158	0
11	65729159	65747297	2
11	65747298	65764014	0
11	65764015	65769548	1
11	65769549	65769625	3
11	65769626	65769645	1
11	65769646	65771618	2
11	65771619	65779310	0
11	65779311	65780974	2
11	65780975	65784221	0
11	65784222	65793986	1
11	65793987	65809421	0
11	65809422	65816649	1
11	65816650	65819800	0
11	65819801	65834746	2
11	65834747	65836777	3
11	65836778	65837088	1
11	65837089	65837923	0
11	65837924	66012216	2
11	66012217	66024763	0
11	66024764	66035329	2
11	66035330	66036002	0
11	66036003	66044961	2
11	66044962	66045659	0
11	66045660	66051681	2
11	66051682	66052049	0
11	66052050	66056639	1
11	66056640	66059339	0
11	66059340	66064133	2
11	66064134	66081956	0
11	66081957	66084513	1
11	66084514	66099531	0
11	66099532	66104309	1
11	66104310	66104802	0
11	66104803	66112594	1
11	66112595	66112841	0
11	66112842	66115161	1
11	66115162	66115419	0
11	66115420	66129990	2
11	66129991	66131229	3
11	66131230	66139683	1
11	66139684	66188473	0
11	66188474	66194176	2
11	66194177	66202544	0
11	66202545	66206317	1
11	66206318	66234214	0
11	66234215	66244806	2
11	66244807	66247482	0
11	66247483	66288551	2
11	66288552	66301082	3
11	66301083	66301096	2
11	66301097	66313707	1
11	66313708	66330932	0
11	66330933	66336310	1
11	66336311	66357638	0
11	66357639	66360290	1
11	66360291	66360552	3
11	66360553	66373488	2
11	66373489	66384051	0
11	66384052	66432467	2
11	66432468	66434151	3
11	66434152	66445390	1
11	66445391	66452717	0
11	66452718	66496695	1
11	66496696	66511920	0
11	66511921	66614015	2
11	66614016	66615702	0
11	66615703	66624587	1
11	66624588	66627944	3
11	66627945	66725845	1
11	66725846	66742746	0
11	66742747	66744473	2
11	66744474	66774247	0
11	66774248	66818332	2
11	66818333	66824287	0
11	66824288	66839482	2
11	66839483	66886738	0
11	66886739	66963389	2
11	66963390	66964636	3
11	66964637	67025556	2
11	67025557	67033879	0
11	67033880	67054025	2
11	67054026	67056016	0
11	67056017	67069954	2
11	67069955	67070917	0
11	67070918	67080071	2
11	67080072	67119017	0
11	67119018	67121015	1
11	67121016	67131637	0
11	67131638	67141646	1
11	67141647	67159421	0
11	67159422	67165652	2
11	67165653	67165878	3
11	67165879	67171384	1
11	67171385	67177558	3
11	67177559	67183147	1
11	67183148	67188650	3
11	67188651	67188652	1
11	67188653	67193076	2
11	67193077	67195963	0
11	67195964	67202870	2
11	67202871	67202979	0
11	67202980	67211261	1
11	67211262	67218770	0
11	67218771	67219884	1
11	67219885	67220198	3
11	67220199	67226697	2
11	67226698	67231861	0
11	67231862	67236741	1
11	67236742	67250510	0
11	67250511	67258572	2
11	67258573	67259237	0
11	67259238	67273732	1
11	67273733	67273966	0
11	67273967	67276100	1
11	67276101	67286381	0
11	67286382	67290865	1
11	67290866	67351064	0
11	67351065	67354129	2
11	67354130	67370349	0
11	67370350	67374175	1
11	67374176	67374321	0
11	67374322	67380004	2
11	67380005	67395407	0
11	67395408	67397399	1
11	67397400	67398772	0
11	67398773	67407029	1
11	67407030	67410024	0
11	67410025	67418128	1
11	67418129	67429631	0
11	67429632	67448669	1
11	67448670	67758573	0
11	67758574	67772450	1
11	67772451	67776046	0
11	67776047	67796739	2
11	67796740	67798092	0
11	67798093	67804109	2
11	67804110	67806481	0
11	67806482	67818360	2
11	67818361	67820324	0
11	67820325	67888909	1
11	67888910	67922328	0
11	67922329	67981293	1
11	67981294	68028801	0
11	68028802	68039455	1
11	68039456	68080075	0
11	68080076	68216741	2
11	68216742	68228184	0
11	68228185	68382800	2
11	68382801	68451941	0
11	68451942	68458641	2
11	68458642	68474906	0
11	68474907	68519030	1
11	68519031	68522086	0
11	68522087	68611876	1
11	68611877	68658742	0
11	68658743	68671286	1
11	68671287	68671308	0
11	68671309	68708065	2
11	68708066	68747488	0
11	68747489	68748453	1
11	68748454	68771861	0
11	68771862	68780875	1
11	68780876	68816363	0
11	68816364	68855990	2
11	68855991	69061603	0
11	69061604	69064752	2
11	69064753	69455853	0
11	69455854	69469125	2
11	69469126	69469240	3
11	69469241	69490182	1
11	69490183	69512998	0
11	69512999	69519408	1
11	69519409	69587252	0
11	69587253	69587716	1
11	69587717	69587795	0
11	69587796	69590169	1
11	69590170	69624990	0
11	69624991	69633790	1
11	69633791	69924406	0
11	69924407	70035632	2
11	70035633	70049267	0
11	70049268	70053494	2
11	70053495	70116804	0
11	70116805	70230504	2
11	70230505	70244508	0
11	70244509	70282688	2
11	70282689	70313959	0
11	70313960	70963621	1
11	70963622	71139237	0
11	71139238	71163912	1
11	71163913	71164153	0
11	71164154	71212860	2
11	71212861	71238311	0
11	71238312	71239208	2
11	71239209	71249069	0
11	71249070	71250251	2
11	71250252	71259464	0
11	71259465	71260651	2
11	71260652	71276607	0
11	71276608	71279978	2
11	71279979	71292899	0
11	71292900	71318485	1
11	71318486	71498554	0
11	71498555	71512280	2
11	71512281	71544244	0
11	71544245	71548606	2
11	71548607	71576553	0
11	71576554	71639698	1
11	71639699	71639745	0
11	71639746	71708641	2
11	71708642	71709585	0
11	71709586	71713908	2
11	71713909	71714797	3
11	71714798	71791380	1
11	71791381	71791433	3
11	71791434	71791691	1
11	71791692	71791731	3
11	71791732	71796939	2
11	71796940	71814290	3
11	71814291	71817422	2
11	71817423	71821823	3
11	71821824	71821826	2
11	71821827	71823824	1
11	71823825	71846754	0
11	71846755	71850934	2
11	71850935	71900600	0
11	71900601	71907343	2
11	71907344	71927643	0
11	71927644	71932992	2
11	71932993	71934743	0
11	71934744	71950119	2
11	71950120	71950147	3
11	71950148	71955218	1
11	71955219	72003467	0
11	72003468	72145690	1
11	72145691	72287183	0
11	72287184	72385495	1
11	72385496	72396112	0
11	72396113	72504724	1
11	72504725	72525351	0
11	72525352	72547788	2
11	72547789	72554717	3
11	72554718	72853304	1
11	72853305	72929341	0
11	72929342	72947395	2
11	72947396	72975548	0
11	72975549	73009660	2
11	73009661	73019332	0
11	73019333	73080134	2
11	73080135	73087307	0
11	73087308	73108515	2
11	73108516	73111530	0
11	73111531	73309232	1
11	73309233	73357221	0
11	73357222	73373862	2
11	73373863	73386681	0
11	73386682	73472180	1
11	73472181	73498359	0
11	73498360	73576176	2
11	73576177	73583710	0
11	73583711	73587742	1
11	73587743	73588031	3
11	73588032	73638788	2
11	73638789	73661362	0
11	73661363	73681409	2
11	73681410	73685710	0
11	73685711	73694350	1
11	73694351	73711324	0
11	73711325	73720478	1
11	73720479	73724428	0
11	73724429	73882142	1
11	73882143	73882253	3
11	73882254	73965746	2
11	73965747	73977698	0
11	73977699	74022700	1
11	74022701	74041361	0
11	74041362	74109516	1
11	74109517	74165884	0
11	74165885	74178772	1
11	74178773	74202755	0
11	74202756	74204776	1
11	74204777	74204894	0
11	74204895	74380160	2
11	74380161	74407472	0
11	74407473	74442428	1
11	74442429	74459911	0
11	74459912	74551273	2
11	74551274	74553456	3
11	74553457	74660230	1
11	74660231	74660290	0
11	74660291	74690074	2
11	74690075	74699177	0
11	74699178	74729936	2
11	74729937	74799756	0
11	74799757	74800797	1
11	74800798	74811634	0
11	74811635	74917592	2
11	74917593	74951948	0
11	74951949	74954740	2
11	74954741	74975224	0
11	74975225	75062871	1
11	75062872	75110528	0
11	75110529	75133322	2
11	75133323	75133436	0
11	75133437	75141672	1
11	75141673	75145683	0
11	75145684	75236946	1
11	75236947	75273099	0
11	75273100	75283826	2
11	75283827	75297961	0
11	75297962	75380163	1
11	75380164	75428862	0
11	75428863	75444001	2
11	75444002	75470555	0
11	75470556	75512577	2
11	75512578	75526210	0
11	75526211	75854237	2
11	75854238	75897367	0
11	75897368	75921778	1
11	75921779	76060998	0
11	76060999	76091984	1
11	76091985	76092358	0
11	76092359	76119178	2
11	76119179	76156064	0
11	76156065	76264067	2
11	76264068	76368566	0
11	76368567	76381789	1
11	76381790	76493293	0
11	76493294	76509196	2
11	76509197	76571909	0
11	76571910	76737839	2
11	76737840	76745383	0
11	76745384	76753094	2
11	76753095	76777977	0
11	76777978	76837199	2
11	76837200	76839308	0
11	76839309	76926281	2
11	76926282	76927601	0
11	76927602	76998461	1
11	76998462	77032750	0
11	77032751	77184414	1
11	77184415	77185105	3
11	77185106	77185678	1
11	77185679	77188072	2
11	77188073	77300678	0
11	77300679	77321398	2
11	77321399	77325573	0
11	77325574	77348848	1
11	77348849	77371039	0
11	77371040	77532061	1
11	77532062	77532153	0
11	77532154	77589764	2
11	77589765	77629476	3
11	77629477	77705722	1
11	77705723	77726759	0
11	77726760	77774905	1
11	77774906	77779395	3
11	77779396	77791263	1
11	77791264	77811980	0
11	77811981	77850704	1
11	77850705	77882293	0
11	77882294	77899856	1
11	77899857	77899866	3
11	77899867	77925755	2
11	77925756	77926341	0
11	77926342	78129392	1
11	78129393	78147005	0
11	78147006	78285917	1
11	78285918	78363874	0
11	78363875	79151693	1
11	79151694	82443051	0
11	82443052	82444904	1
11	82444905	82534542	0
11	82534543	82611015	1
11	82611016	82611637	3
11	82611638	82612738	1
11	82612739	82612780	3
11	82612781	82612782	1
11	82612783	82643256	3
11	82643257	82681624	1
11	82681625	82684173	0
11	82684174	82782963	1
11	82782964	82868028	0
11	82868029	82898491	2
11	82898492	82904779	0
11	82904780	82967139	2
11	82967140	82970137	0
11	82970138	82997448	1
11	82997449	83166053	0
11	83166054	85338312	1
11	85338313	85339627	0
11	85339628	85347578	2
11	85347579	85359019	0
11	85359020	85367585	2
11	85367586	85370765	0
11	85370766	85393949	1
11	85393950	85394891	0
11	85394892	85397318	1
11	85397319	85405265	0
11	85405266	85522182	1
11	85522183	85563598	0
11	85563599	85565984	1
11	85565985	85566142	0
11	85566143	85631062	2
11	85631063	85668725	0
11	85668726	85780922	1
11	85780923	85955584	0
11	85955585	85989853	2
11	85989854	86013251	0
11	86013252	86056967	2
11	86056968	86085776	0
11	86085777	86134149	2
11	86134150	86152148	0
11	86152149	86383676	1
11	86383677	86502099	0
11	86502100	86656719	2
11	86656720	86663950	3
11	86663951	86666431	1
11	86666432	86748884	0
11	86748885	87034798	2
11	87034799	87846408	0
11	87846409	87908633	1
11	87908634	88026758	0
11	88026759	88070953	1
11	88070954	88237742	0
11	88237743	88799111	1
11	88799112	88910618	0
11	88910619	89028925	2
11	89028926	89057522	0
11	89057523	89322777	1
11	89322778	89443465	0
11	89443466	89451038	2
11	89451039	89530821	0
11	89530822	89541741	1
11	89541742	89602448	0
11	89602449	89609183	1
11	89609184	89644277	0
11	89644278	89654933	1
11	89654934	89764272	0
11	89764273	89806556	2
11	89806557	89864681	0
11	89864682	89926060	2
11	89926061	89934326	0
11	89934327	89956530	1
11	89956531	92085260	0
11	92085261	92629616	2
11	92629617	92702884	0
11	92702885	92718230	2
11	92718231	92877339	0
11	92877340	92931127	1
11	92931128	93063135	0
11	93063136	93171634	2
11	93171635	93211636	0
11	93211637	93276672	1
11	93276673	93394803	0
11	93394804	93463520	2
11	93463521	93468731	0
11	93468732	93474755	1
11	93474756	93475109	3
11	93475110	93478993	1
11	93478994	93488557	3
11	93488558	93517391	1
11	93517392	93517555	3
11	93517556	93547859	2
11	93547860	93551396	0
11	93551397	93583695	1
11	93583696	93754525	0
11	93754526	93846915	2
11	93846916	93862092	0
11	93862093	93915136	2
11	93915137	94038757	0
11	94038758	94040885	2
11	94040886	94110475	0
11	94110476	94134583	1
11	94134584	94152893	0
11	94152894	94226793	1
11	94226794	94227072	3
11	94227073	94232747	2
11	94232748	94277015	0
11	94277016	94283061	2
11	94283062	94300472	0
11	94300473	94354585	2
11	94354586	94439595	0
11	94439596	94609916	2
11	94609917	94695791	0
11	94695792	94706774	1
11	94706775	94706843	0
11	94706844	94732680	2
11	94732681	94758420	0
11	94758421	94760758	2
11	94760759	94822972	0
11	94822973	94865807	2
11	94865808	94898702	0
11	94898703	94965703	1
11	94965704	95502104	0
11	95502105	95523127	1
11	95523128	95523571	3
11	95523572	95565855	2
11	95565856	95566044	0
11	95566045	95657457	1
11	95657458	95709760	0
11	95709761	96076342	1
11	96076343	96085931	0
11	96085932	96123074	1
11	96123075	96123156	0
11	96123157	96126725	2
11	96126726	98891869	0
11	98891870	100229614	2
11	100229615	100558405	0
11	100558406	100861654	2
11	100861655	100862809	0
11	100862810	100864661	2
11	100864662	100900353	0
11	100900354	101001253	1
11	101001254	101322293	0
11	101322294	101454657	1
11	101454658	101761403	0
11	101761404	101785744	1
11	101785745	101787251	3
11	101787252	101871787	2
11	101871788	101918172	0
11	101918173	101955289	2
11	101955290	101981190	0
11	101981191	102104152	2
11	102104153	102188224	0
11	102188225	102210132	2
11	102210133	102217943	0
11	102217944	102249399	2
11	102249400	102267061	0
11	102267062	102323773	1
11	102323774	102337984	0
11	102337985	102369530	2
11	102369531	102391237	0
11	102391238	102401482	1
11	102401483	102447564	0
11	102447565	102496061	1
11	102496062	102552039	0
11	102552040	102554642	2
11	102554643	102562216	0
11	102562217	102576535	1
11	102576536	102582524	0
11	102582525	102595683	1
11	102595684	102641232	0
11	102641233	102651357	1
11	102651358	102660649	0
11	102660650	102668889	1
11	102668890	102706530	0
11	102706531	102714532	1
11	102714533	102813722	0
11	102813723	102826461	1
11	102826462	102932803	0
11	102932804	102962942	1
11	102962943	102980158	0
11	102980159	103350589	2
11	103350590	103777912	0
11	103777913	103907306	1
11	103907307	103909920	3
11	103909921	104035105	1
11	104035106	104756443	0
11	104756444	104769395	1
11	104769396	104813591	0
11	104813592	104840161	1
11	104840162	104864965	0
11	104864966	104893893	1
11	104893894	104896168	0
11	104896169	104972156	1
11	104972157	105008446	0
11	105008447	105010451	1
11	105010452	105480719	0
11	105480720	105852817	2
11	105852818	105878627	0
11	105878628	105893128	1
11	105893129	105921823	0
11	105921824	105946226	1
11	105946227	105948074	3
11	105948075	105948214	1
11	105948215	105948490	3
11	105948491	105969435	2
11	105969436	106544736	0
11	106544737	106889248	1
11	106889249	107197069	0
11	107197070	107328570	1
11	107328571	107373450	0
11	107373451	107436470	1
11	107436471	107461815	0
11	107461816	107537503	2
11	107537504	107578102	0
11	107578103	107582996	1
11	107582997	107590417	3
11	107590418	107595133	2
11	107595134	107643127	0
11	107643128	107647342	2
11	107647343	107650217	0
11	107650218	107652314	2
11	107652315	107661715	0
11	107661716	107799017	1
11	107799018	107799227	0
11	107799228	107834206	2
11	107834207	107879457	0
11	107879458	107978501	2
11	107978502	107992241	0
11	107992242	108018501	2
11	108018502	108027940	0
11	108027941	108093209	1
11	108093210	108093367	3
11	108093368	108130253	2
11	108130254	108136478	3
11	108136479	108179244	2
11	108179245	108239824	3
11	108239825	108239827	2
11	108239828	108338256	1
11	108338257	108342830	0
11	108342831	108369157	1
11	108369158	108376156	0
11	108376157	108464463	1
11	108464464	108535750	0
11	108535751	108811655	2
11	108811656	109292844	0
11	109292845	109299838	2
11	109299839	109964085	0
11	109964086	110042564	2
11	110042565	110045603	0
11	110045604	110167445	1
11	110167446	110300605	0
11	110300606	110335603	2
11	110335604	110447764	0
11	110447765	110583910	1
11	110583911	111126705	0
11	111126706	111157124	2
11	111157125	111164112	0
11	111164113	111169563	1
11	111169564	111175768	3
11	111175769	111179458	2
11	111179459	111222975	0
11	111222976	111320704	1
11	111320705	111322062	0
11	111322063	111327328	2
11	111327329	111338249	0
11	111338250	111383077	1
11	111383078	111385508	0
11	111385509	111407754	2
11	111407755	111411003	0
11	111411004	111432262	2
11	111432263	111473113	0
11	111473114	111597630	2
11	111597631	111601575	3
11	111601576	111637149	1
11	111637150	111652917	0
11	111652918	111742022	1
11	111742023	111744778	0
11	111744779	111749657	1
11	111749658	111749902	3
11	111749903	111749946	1
11	111749947	111751965	3
11	111751966	111756697	2
11	111756698	111779287	0
11	111779288	111782964	1
11	111782965	111784571	3
11	111784572	111788754	1
11	111788755	111794444	3
11	111794445	111797594	2
11	111797595	111797866	0
11	111797867	111893303	2
11	111893304	111895536	0
11	111895537	111934732	2
11	111934733	111935112	3
11	111935113	111944808	1
11	111944809	111944893	3
11	111944894	111944996	1
11	111944997	111955522	2
11	111955523	111955872	3
11	111955873	111957495	1
11	111957496	111957517	3
11	111957518	111957520	1
11	111957521	111990351	2
11	111990352	112013972	0
11	112013973	112034838	1
11	112034839	112038093	0
11	112038094	112095420	2
11	112095421	112097086	0
11	112097087	112104694	2
11	112104695	112118874	0
11	112118875	112130986	1
11	112130987	112131581	3
11	112131582	112132115	2
11	112132116	112832088	0
11	112832089	113149131	2
11	113149132	113185249	0
11	113185250	113254264	2
11	113254265	113258511	0
11	113258512	113271138	2
11	113271139	113280316	0
11	113280317	113346109	1
11	113346110	113558270	0
11	113558271	113577093	1
11	113577094	113603907	0
11	113603908	113644531	1
11	113644532	113650467	0
11	113650468	113651220	2
11	113651221	113668594	0
11	113668595	113746290	1
11	113746291	113775397	0
11	113775398	113817285	2
11	113817286	113845601	0
11	113845602	113861033	2
11	113861034	113930313	0
11	113930314	114121396	2
11	114121397	114128551	0
11	114128552	114184005	2
11	114184006	114262163	0
11	114262164	114270750	1
11	114270751	114271137	3
11	114271138	114284923	2
11	114284924	114310106	0
11	114310107	114320999	2
11	114321000	114392435	0
11	114392436	114430615	1
11	114430616	114441311	0
11	114441312	114466482	1
11	114466483	114549106	0
11	114549107	114579360	2
11	114579361	115039954	0
11	115039955	115375673	1
11	115375674	116618884	0
11	116618885	116643702	1
11	116643703	116648434	0
11	116648435	116658764	1
11	116658765	116660081	0
11	116660082	116663134	1
11	116663135	116691417	0
11	116691418	116694020	1
11	116694021	116700420	0
11	116700421	116703786	2
11	116703787	116706465	0
11	116706466	116708664	1
11	116708665	116714116	0
11	116714117	116969151	1
11	116969152	117014981	0
11	117014982	117047588	2
11	117047589	117049447	0
11	117049448	117068158	2
11	117068159	117070035	0
11	117070036	117075051	2
11	117075052	117075271	3
11	117075272	117075496	2
11	117075497	117103239	1
11	117103240	117103339	0
11	117103340	117156400	2
11	117156401	117156402	3
11	117156403	117156420	2
11	117156421	117157159	3
11	117157160	117185271	1
11	117185272	117186970	3
11	117186971	117186973	1
11	117186974	117283982	2
11	117283983	117298487	0
11	117298488	117748199	1
11	117748200	117771356	0
11	117771357	117800172	1
11	117800173	117857061	0
11	117857062	117872192	2
11	117872193	117947751	0
11	117947752	117992603	2
11	117992604	118004090	0
11	118004091	118023601	1
11	118023602	118032664	0
11	118032665	118047386	1
11	118047387	118064453	0
11	118064454	118095807	1
11	118095808	118097407	0
11	118097408	118123063	1
11	118123064	118124116	0
11	118124117	118135249	1
11	118135250	118175258	0
11	118175259	118186888	2
11	118186889	118209667	0
11	118209668	118213457	1
11	118213458	118215057	0
11	118215058	118225874	2
11	118225875	118230298	0
11	118230299	118269619	2
11	118269620	118269924	3
11	118269925	118271867	1
11	118271868	118272608	3
11	118272609	118302209	2
11	118302210	118303834	0
11	118303835	118305919	1
11	118305920	118307203	0
11	118307204	118397537	2
11	118397538	118398185	0
11	118398186	118415241	2
11	118415242	118417993	3
11	118417994	118443103	1
11	118443104	118443473	3
11	118443474	118443683	1
11	118443684	118473746	2
11	118473747	118477153	0
11	118477154	118528024	2
11	118528025	118528739	3
11	118528740	118550380	1
11	118550381	118620032	0
11	118620033	118661843	1
11	118661844	118754473	0
11	118754474	118764582	2
11	118764583	118768506	3
11	118768507	118789611	1
11	118789612	118827024	0
11	118827025	118829267	2
11	118829268	118842415	0
11	118842416	118851999	2
11	118852000	118868850	0
11	118868851	118886420	2
11	118886421	118886453	3
11	118886454	118889140	1
11	118889141	118889398	3
11	118889399	118895061	2
11	118895062	118896162	3
11	118896163	118901614	1
11	118901615	118914898	0
11	118914899	118927884	1
11	118927885	118938491	0
11	118938492	118952684	2
11	118952685	118955591	0
11	118955592	118964257	2
11	118964258	118964562	0
11	118964563	118966175	1
11	118966176	118967211	0
11	118967212	118978091	1
11	118978092	118979039	3
11	118979040	118989250	2
11	118989251	118992295	0
11	118992296	119006750	2
11	119006751	119019720	0
11	119019721	119027588	2
11	119027589	119027928	3
11	119027929	119033358	2
11	119033359	119038895	0
11	119038896	119054723	2
11	119054724	119056182	0
11	119056183	119060345	2
11	119060346	119060467	3
11	119060468	119060930	2
11	119060931	119066582	1
11	119066583	119076750	0
11	119076751	119178857	2
11	119178858	119179239	0
11	119179240	119187824	1
11	119187825	119205235	0
11	119205236	119208021	2
11	119208022	119209650	0
11	119209651	119217381	1
11	119217382	119225923	0
11	119225924	119252434	1
11	119252435	119288088	0
11	119288089	119295693	1
11	119295694	119508806	0
11	119508807	119599792	1
11	119599793	119981981	0
11	119981982	120039683	1
11	120039684	120040859	3
11	120040860	120056235	1
11	120056236	120081473	0
11	120081474	120101039	2
11	120101040	120107347	0
11	120107348	120190651	2
11	120190652	120195836	0
11	120195837	120204389	2
11	120204390	120207785	0
11	120207786	120329878	2
11	120329879	120330045	3
11	120330046	120360643	2
11	120360644	120382466	0
11	120382467	120859611	2
11	120859612	120894779	0
11	120894780	120961482	2
11	120961483	120971880	0
11	120971881	121062200	2
11	121062201	121163160	0
11	121163161	121179401	2
11	121179402	121322910	0
11	121322911	121504400	2
11	121504401	121986060	0
11	121986061	121986921	1
11	121986922	122526381	0
11	122526382	122685179	2
11	122685180	122709206	0
11	122709207	122743345	2
11	122743346	122753389	0
11	122753390	122830504	2
11	122830505	122848276	0
11	122848277	122852426	1
11	122852427	122928195	0
11	122928196	122933936	1
11	122933937	122943033	0
11	122943034	123065987	1
11	123065988	123301056	0
11	123301057	123306425	2
11	123306426	123396342	0
11	123396343	123498480	2
11	123498481	123499895	0
11	123499896	123525950	1
11	123525951	123594883	0
11	123594884	123612379	1
11	123612380	123624194	0
11	123624195	123625251	1
11	123625252	123676041	0
11	123676042	123677093	1
11	123677094	123753631	0
11	123753632	123756347	1
11	123756348	123777107	0
11	123777108	123778181	2
11	123778182	123810248	0
11	123810249	123811342	2
11	123811343	123813490	0
11	123813491	123814578	1
11	123814579	123847366	0
11	123847367	123848486	1
11	123848487	123864868	0
11	123864869	123865866	1
11	123865867	123886280	0
11	123886281	123887215	2
11	123887216	123893718	0
11	123893719	123894653	2
11	123894654	123900295	0
11	123900296	123901339	2
11	123901340	123908771	0
11	123908772	123909715	1
11	123909716	123986067	0
11	123986068	124018426	2
11	124018427	124055921	0
11	124055922	124056950	2
11	124056951	124134721	0
11	124134722	124135761	2
11	124135762	124179706	0
11	124179707	124180731	1
11	124180732	124189132	0
11	124189133	124190182	1
11	124190183	124252289	0
11	124252290	124253256	1
11	124253257	124266276	0
11	124266277	124267262	1
11	124267263	124293805	0
11	124293806	124294787	1
11	124294788	124310020	0
11	124310021	124311052	1
11	124311053	124412576	0
11	124412577	124413573	1
11	124413574	124439891	0
11	124439892	124441035	2
11	124441036	124481384	0
11	124481385	124490250	2
11	124490251	124492764	0
11	124492765	124503007	2
11	124503008	124504696	3
11	124504697	124543692	1
11	124543693	124543775	3
11	124543776	124567412	2
11	124567413	124609740	0
11	124609741	124617104	2
11	124617105	124617366	0
11	124617367	124632184	1
11	124632185	124636392	0
11	124636393	124670567	1
11	124670568	124735280	0
11	124735281	124751360	2
11	124751361	124753585	0
11	124753586	124761198	1
11	124761199	124762020	3
11	124762021	124768175	1
11	124768176	124789087	0
11	124789088	124789144	1
11	124789145	124790571	3
11	124790572	124806306	1
11	124806307	124824015	0
11	124824016	124911383	2
11	124911384	124932961	0
11	124932962	124959129	2
11	124959130	124966396	0
11	124966397	124981657	1
11	124981658	125034600	0
11	125034601	125303283	2
11	125303284	125315655	0
11	125315656	125365108	1
11	125365109	125366204	3
11	125366205	125369422	2
11	125369423	125439174	0
11	125439175	125454572	2
11	125454573	125461605	0
11	125461606	125492984	2
11	125492985	125495034	0
11	125495035	125541415	2
11	125541416	125546148	3
11	125546149	125551016	1
11	125551017	125616186	0
11	125616187	125619760	2
11	125619761	125646006	0
11	125646007	125648712	1
11	125648713	125658004	0
11	125658005	125661493	2
11	125661494	125703209	0
11	125703210	125709962	2
11	125709963	125753507	0
11	125753508	125763379	2
11	125763380	125770537	3
11	125770538	125770541	2
11	125770542	125773114	1
11	125773115	125774256	0
11	125774257	125793003	2
11	125793004	125825689	0
11	125825690	125933228	1
11	125933229	126071991	0
11	126071992	126081307	1
11	126081308	126081585	3
11	126081586	126132812	2
11	126132813	126132879	3
11	126132880	126138875	1
11	126138876	126139026	0
11	126139027	126148017	2
11	126148018	126152980	0
11	126152981	126164191	2
11	126164192	126164826	3
11	126164827	126173645	1
11	126173646	126174211	3
11	126174212	126215642	2
11	126215643	126225553	0
11	126225554	126284531	2
11	126284532	126293252	0
11	126293253	126870704	1
11	126870705	128328654	0
11	128328655	128457451	1
11	128457452	128556428	0
11	128556429	128683160	2
11	128683161	128706208	0
11	128706209	128737266	1
11	128737267	128761249	0
11	128761250	128769458	2
11	128769459	128775590	3
11	128775591	128790928	2
11	128790929	128804624	0
11	128804625	128812820	1
11	128812821	128834953	0
11	128834954	129149217	1
11	129149218	129245833	0
11	129245834	129322169	2
11	129322170	129685712	0
11	129685713	129729896	2
11	129729897	129733529	0
11	129733530	129765477	1
11	129765478	129769599	0
11	129769600	129872728	1
11	129872729	129936834	0
11	129936835	130014697	2
11	130014698	130029455	0
11	130029456	130080269	2
11	130080270	130096571	0
11	130096572	130184579	1
11	130184580	130274818	0
11	130274819	130298886	1
11	130298887	130318867	0
11	130318868	130346530	2
11	130346531	130542849	0
11	130542850	130587245	2
11	130587246	130745329	0
11	130745330	130786402	1
11	130786403	131240371	0
11	131240372	132206714	2
11	132206715	132284869	0
11	132284870	133402412	1
11	133402413	133710524	0
11	133710525	133715431	1
11	133715432	133778457	0
11	133778458	133826878	1
11	133826879	133938818	0
11	133938819	134021894	2
11	134021895	134022338	0
11	134022339	134094537	1
11	134094538	134095346	3
11	134095347	134117684	2
11	134117685	134118171	0
11	134118172	134123262	1
11	134123263	134123387	0
11	134123388	134135747	2
11	134135748	134144137	0
11	134144138	134189455	2
11	134189456	134201766	0
11	134201767	134248233	2
11	134248234	134248398	0
11	134248399	134281810	1
11	134281811	134855244	0
11	134855245	134856691	2
