<CHROM>	<START>	<END>	<TSB>
12	0	147050	0
12	147051	147375	2
12	147376	175929	0
12	175930	287624	2
12	287625	299241	0
12	299242	323687	1
12	323688	329787	0
12	329788	372037	1
12	372038	389293	0
12	389294	498512	1
12	498513	498618	3
12	498619	551809	2
12	551810	569528	0
12	569529	672673	2
12	672674	673460	0
12	673461	772943	1
12	772944	861757	0
12	861758	1020616	2
12	1020617	1021241	0
12	1021242	1099217	1
12	1099218	1099673	0
12	1099674	1605097	2
12	1605098	1639055	0
12	1639056	1675157	2
12	1675158	1703329	3
12	1703330	1756407	2
12	1756408	1800191	0
12	1800192	1897842	2
12	1897843	1901121	0
12	1901122	1929431	1
12	1929432	1945916	3
12	1945917	2028000	1
12	2028001	2055218	0
12	2055219	2079950	1
12	2079951	2113675	3
12	2113676	2802106	2
12	2802107	2904117	0
12	2904118	2914574	2
12	2914575	2921786	0
12	2921787	2934512	2
12	2934513	2939768	3
12	2939769	2944708	1
12	2944709	2958395	0
12	2958396	2966211	1
12	2966212	2966847	0
12	2966848	2986204	1
12	2986205	2986363	0
12	2986364	2998624	2
12	2998625	3000051	0
12	3000052	3050304	2
12	3050305	3068494	0
12	3068495	3149837	2
12	3149838	3186519	0
12	3186520	3395728	2
12	3395729	3490513	0
12	3490514	3703137	2
12	3703138	3724492	0
12	3724493	3862364	1
12	3862365	3916248	0
12	3916249	3982606	1
12	3982607	4382936	0
12	4382937	4414514	2
12	4414515	4430369	0
12	4430370	4462336	2
12	4462337	4477391	0
12	4477392	4488892	1
12	4488893	4537320	0
12	4537321	4554778	1
12	4554779	4596892	0
12	4596893	4647672	1
12	4647673	4647948	0
12	4647949	4669212	2
12	4669213	4671368	0
12	4671369	4723323	2
12	4723324	4724672	0
12	4724673	4758211	1
12	4758212	4758271	0
12	4758272	4798452	2
12	4798453	4829505	0
12	4829506	4960275	2
12	4960276	5019069	0
12	5019070	5027411	2
12	5027412	5153083	0
12	5153084	5155947	2
12	5155948	5541277	0
12	5541278	5604463	2
12	5604464	5671815	0
12	5671816	6055396	1
12	6055397	6058038	0
12	6058039	6233839	1
12	6233840	6308879	0
12	6308880	6347423	2
12	6347424	6419600	0
12	6419601	6437670	2
12	6437671	6437921	0
12	6437922	6451278	1
12	6451279	6456007	0
12	6456008	6484593	1
12	6484594	6484713	3
12	6484714	6486894	1
12	6486895	6500727	2
12	6500728	6554031	0
12	6554032	6560882	2
12	6560883	6561236	0
12	6561237	6571401	2
12	6571402	6571482	3
12	6571483	6580151	1
12	6580152	6601148	0
12	6601149	6602543	1
12	6602544	6602762	3
12	6602763	6603004	1
12	6603005	6641119	2
12	6641120	6643091	0
12	6643092	6647535	2
12	6647536	6647539	0
12	6647540	6665237	1
12	6665238	6666027	0
12	6666028	6677855	1
12	6677856	6679247	0
12	6679248	6716640	1
12	6716641	6727999	0
12	6728000	6745611	1
12	6745612	6747239	0
12	6747240	6756624	1
12	6756625	6759444	0
12	6759445	6772312	1
12	6772313	6775641	0
12	6775642	6798674	1
12	6798675	6802956	0
12	6802957	6809964	1
12	6809965	6832905	0
12	6832906	6841039	2
12	6841040	6857168	0
12	6857169	6875539	1
12	6875540	6876639	3
12	6876640	6880107	2
12	6880108	6881683	0
12	6881684	6887617	2
12	6887618	6898636	0
12	6898637	6929972	2
12	6929973	6930709	0
12	6930710	6939134	2
12	6939135	6949373	0
12	6949374	6953955	2
12	6953956	6956555	3
12	6956556	6961228	1
12	6961229	6961290	0
12	6961291	6975791	2
12	6975792	6976281	0
12	6976282	6980097	2
12	6980098	6980110	3
12	6980111	6982731	1
12	6982732	6991449	3
12	6991450	7032859	2
12	7032860	7033624	0
12	7033625	7051482	2
12	7051483	7052663	0
12	7052664	7055163	2
12	7055164	7055629	0
12	7055630	7070477	2
12	7070478	7074513	0
12	7074514	7079942	1
12	7079943	7079986	3
12	7079987	7085163	2
12	7085164	7085346	0
12	7085347	7096349	1
12	7096350	7125812	3
12	7125813	7178334	2
12	7178335	7187511	0
12	7187512	7245201	1
12	7245202	7246301	0
12	7246302	7261867	1
12	7261868	7276278	0
12	7276279	7281536	1
12	7281537	7282292	0
12	7282293	7311539	2
12	7311540	7341279	0
12	7341280	7371165	2
12	7371166	7456878	0
12	7456879	7481318	2
12	7481319	7499279	0
12	7499280	7656487	1
12	7656488	7801994	0
12	7801995	7818487	1
12	7818488	7842376	0
12	7842377	7848370	1
12	7848371	7864048	0
12	7864049	7870153	2
12	7870154	7882009	0
12	7882010	7904199	1
12	7904200	7917810	0
12	7917811	7926715	2
12	7926716	7940388	0
12	7940389	7948653	2
12	7948654	7965106	0
12	7965107	8043742	1
12	8043743	8071824	0
12	8071825	8088869	1
12	8088870	8185297	0
12	8185298	8208097	2
12	8208098	8210896	0
12	8210897	8219065	1
12	8219066	8234805	0
12	8234806	8250365	2
12	8250366	8276226	0
12	8276227	8341131	2
12	8341132	8373854	0
12	8373855	8380212	1
12	8380213	8608520	0
12	8608521	8630924	2
12	8630925	8662069	0
12	8662070	8674960	2
12	8674961	8685899	0
12	8685900	8693557	1
12	8693558	8754760	0
12	8754761	8765465	1
12	8765466	8789940	0
12	8789941	8815478	1
12	8815479	8849771	0
12	8849772	8929785	2
12	8929786	8975066	0
12	8975067	9029379	2
12	9029380	9066490	0
12	9066491	9092957	2
12	9092958	9092998	3
12	9092999	9093345	2
12	9093346	9094061	3
12	9094062	9102549	1
12	9102550	9102638	0
12	9102639	9163354	2
12	9163355	9220258	0
12	9220259	9268823	1
12	9268824	9301434	0
12	9301435	9360964	1
12	9360965	9747145	0
12	9747146	9760480	1
12	9760481	9822307	0
12	9822308	9847729	2
12	9847730	9868454	0
12	9868455	9885893	1
12	9885894	9905080	0
12	9905081	9913495	1
12	9913496	9980075	0
12	9980076	9997604	2
12	9997605	10005581	0
12	10005582	10022733	1
12	10022734	10034086	0
12	10034087	10048430	2
12	10048431	10051270	0
12	10051271	10084978	1
12	10084979	10103913	0
12	10103914	10138192	2
12	10138193	10138239	0
12	10138240	10163229	1
12	10163230	10166021	3
12	10166022	10171216	2
12	10171217	10183274	0
12	10183275	10218563	2
12	10218564	10222151	0
12	10222152	10264224	1
12	10264225	10269374	0
12	10269375	10282854	1
12	10282855	10310900	0
12	10310901	10323139	1
12	10323140	10324735	3
12	10324736	10344398	2
12	10344399	10365194	0
12	10365195	10375725	2
12	10375726	10378655	0
12	10378656	10469848	2
12	10469849	10524950	0
12	10524951	10542615	1
12	10542616	10559981	0
12	10559982	10562354	1
12	10562355	10564909	0
12	10564910	10607282	1
12	10607283	10658199	0
12	10658200	10675732	2
12	10675733	10758610	0
12	10758611	10766220	1
12	10766221	10771536	0
12	10771537	10826915	1
12	10826916	10851681	0
12	10851682	10875909	1
12	10875910	10954129	0
12	10954130	10955224	1
12	10955225	10958648	0
12	10958649	10959890	1
12	10959891	10961691	0
12	10961692	10962765	1
12	10962766	10977914	0
12	10977915	10978955	1
12	10978956	10998446	0
12	10998447	11002072	1
12	11002073	11033608	0
12	11033609	11036852	1
12	11036853	11060523	0
12	11060524	11062159	1
12	11062160	11081833	0
12	11081834	11084938	2
12	11084939	11090003	0
12	11090004	11091860	1
12	11091861	11138510	0
12	11138511	11139509	1
12	11139510	11149092	0
12	11149093	11150472	1
12	11150473	11174216	0
12	11174217	11175217	1
12	11175218	11182984	0
12	11182985	11184004	1
12	11184005	11187085	0
12	11187086	11187273	2
12	11187274	11213962	0
12	11213963	11214891	1
12	11214892	11243884	0
12	11243885	11244910	1
12	11244911	11285555	0
12	11285556	11287241	1
12	11287242	11338597	0
12	11338598	11339541	1
12	11339542	11418855	0
12	11418856	11422737	1
12	11422738	11460015	0
12	11460016	11463367	1
12	11463368	11504755	0
12	11504756	11548498	1
12	11548499	11802786	0
12	11802787	12048334	2
12	12048335	12202776	0
12	12202777	12268957	2
12	12268958	12291887	3
12	12291888	12419944	1
12	12419945	12482196	0
12	12482197	12503473	1
12	12503474	12508340	0
12	12508341	12509999	1
12	12510000	12510011	0
12	12510012	12619838	2
12	12619839	12628827	0
12	12628828	12715315	1
12	12715316	12764824	0
12	12764825	12798040	2
12	12798041	12813823	0
12	12813824	12849139	1
12	12849140	12870056	0
12	12870057	12875303	2
12	12875304	12878863	0
12	12878864	12944398	2
12	12944399	12966248	0
12	12966249	12982913	2
12	12982914	13043714	0
12	13043715	13070869	2
12	13070870	13093707	0
12	13093708	13105079	1
12	13105080	13127796	0
12	13127797	13153205	1
12	13153206	13197216	0
12	13197217	13236492	2
12	13236493	13248607	3
12	13248608	13295453	2
12	13295454	13349648	0
12	13349649	13369706	2
12	13369707	13524021	0
12	13524022	13540099	1
12	13540100	13693163	0
12	13693164	14133051	1
12	14133052	14518614	0
12	14518615	14651695	2
12	14651696	14656593	0
12	14656594	14721281	1
12	14721282	14765574	0
12	14765575	14849517	1
12	14849518	14923487	0
12	14923488	14924063	1
12	14924064	14927268	0
12	14927269	14930932	2
12	14930933	14939408	0
12	14939409	14956472	1
12	14956473	14956504	0
12	14956505	14957582	2
12	14957583	14967114	3
12	14967115	14977347	2
12	14977348	14978501	0
12	14978502	14996427	1
12	14996428	15034113	0
12	15034114	15038858	1
12	15038859	15066967	0
12	15066968	15092014	1
12	15092015	15094949	0
12	15094950	15114660	1
12	15114661	15125954	0
12	15125955	15134797	2
12	15134798	15260715	0
12	15260716	15475329	1
12	15475330	15501530	3
12	15501531	15750331	2
12	15750332	15773090	0
12	15773091	16035261	1
12	16035262	16035323	0
12	16035324	16056410	2
12	16056411	16064104	0
12	16064105	16190218	2
12	16190219	16341417	0
12	16341418	16430617	1
12	16430618	16500074	0
12	16500075	16530124	2
12	16530125	16701305	0
12	16701306	16763526	1
12	16763527	18233801	0
12	18233802	18243125	1
12	18243126	18400546	0
12	18400547	18801346	2
12	18801347	18836101	0
12	18836102	18890989	1
12	18890990	18891043	0
12	18891044	18892119	2
12	18892120	19282646	0
12	19282647	19529332	2
12	19529333	19556977	0
12	19556978	19873733	2
12	19873734	20522177	0
12	20522178	20837313	2
12	20837314	20848287	0
12	20848288	20906318	2
12	20906319	20963634	0
12	20963635	21245677	2
12	21245678	21284134	0
12	21284135	21392178	2
12	21392179	21417532	0
12	21417533	21507891	1
12	21507892	21531427	3
12	21531428	21572516	1
12	21572517	21590547	0
12	21590548	21621843	2
12	21621844	21623298	3
12	21623299	21654601	1
12	21654602	21654725	0
12	21654726	21671340	2
12	21671341	21679239	0
12	21679240	21685455	2
12	21685456	21689121	0
12	21689122	21757779	1
12	21757780	21788274	0
12	21788275	21910789	1
12	21910790	21917887	0
12	21917888	21928513	1
12	21928514	21950333	0
12	21950334	22094334	1
12	22094335	22199106	0
12	22199107	22218595	2
12	22218596	22346323	0
12	22346324	22489132	1
12	22489133	22601515	0
12	22601516	22697478	1
12	22697479	22778007	0
12	22778008	22843597	2
12	22843598	23682438	0
12	23682439	24103964	1
12	24103965	24964293	0
12	24964294	25055241	1
12	25055242	25057613	3
12	25057614	25102391	1
12	25102392	25146356	0
12	25146357	25150451	1
12	25150452	25205203	0
12	25205204	25261266	2
12	25261267	25261352	0
12	25261353	25348094	1
12	25348095	25348148	0
12	25348149	25357721	2
12	25357722	25357946	3
12	25357947	25362100	2
12	25362101	25362577	3
12	25362578	25381513	1
12	25381514	25390838	3
12	25390839	25403868	1
12	25403869	25562239	0
12	25562240	25801511	1
12	25801512	26111960	0
12	26111961	26232823	2
12	26232824	26272957	0
12	26272958	26274922	1
12	26274923	26278058	3
12	26278059	26405851	2
12	26405852	26490340	0
12	26490341	26986129	1
12	26986130	27058112	0
12	27058113	27091257	1
12	27091258	27091314	0
12	27091315	27119581	2
12	27119582	27126126	0
12	27126127	27167365	1
12	27167366	27175477	0
12	27175478	27183687	2
12	27183688	27233989	0
12	27233990	27235445	1
12	27235446	27396899	0
12	27396900	27478890	2
12	27478891	27485785	0
12	27485786	27576239	2
12	27576240	27619741	0
12	27619742	27655116	2
12	27655117	27676362	0
12	27676363	27848495	2
12	27848496	27849426	0
12	27849427	27850564	2
12	27850565	27863704	0
12	27863705	27909226	2
12	27909227	27915669	0
12	27915670	27924207	1
12	27924208	27932951	0
12	27932952	27955971	2
12	27955972	28111015	0
12	28111016	28125636	1
12	28125637	28286180	0
12	28286181	28732881	2
12	28732882	29302034	0
12	29302035	29490283	2
12	29490284	29493911	3
12	29493912	29534120	1
12	29534121	29542225	0
12	29542226	29580502	2
12	29580503	29640219	3
12	29640220	29650617	1
12	29650618	29653771	0
12	29653772	29937690	1
12	29937691	30781920	0
12	30781921	30848918	1
12	30848919	30862485	0
12	30862486	30907883	1
12	30907884	31079360	0
12	31079361	31149532	2
12	31149533	31226777	0
12	31226778	31257723	2
12	31257724	31433516	0
12	31433517	31477248	1
12	31477249	31478877	3
12	31478878	31479990	1
12	31479991	31535155	0
12	31535156	31744029	1
12	31744030	31800092	0
12	31800093	31824069	2
12	31824070	31826046	3
12	31826047	31882106	1
12	31882107	31944121	0
12	31944122	31945173	1
12	31945174	32112340	0
12	32112341	32146037	2
12	32146038	32259767	0
12	32259768	32536565	2
12	32536566	32552461	0
12	32552462	32798982	2
12	32798983	32832132	0
12	32832133	32898484	2
12	32898485	32899476	0
12	32899477	32908834	1
12	32908835	32943677	0
12	32943678	33049772	1
12	33049773	33527171	0
12	33527172	33592752	1
12	33592753	34175214	0
12	34175215	34182627	2
12	34182628	38710378	0
12	38710379	38717782	2
12	38717783	39045985	0
12	39045986	39301230	1
12	39301231	39687029	0
12	39687030	39837190	1
12	39837191	39943833	0
12	39943834	40013551	1
12	40013552	40019967	0
12	40019968	40115714	2
12	40115715	40148821	0
12	40148822	40499889	1
12	40499890	40590544	0
12	40590545	40763081	2
12	40763082	40787195	0
12	40787196	40964560	2
12	40964561	41086242	0
12	41086243	41466218	2
12	41466219	41582248	0
12	41582249	41968382	2
12	41968383	42475645	0
12	42475646	42538679	1
12	42538680	42550904	0
12	42550905	42624048	1
12	42624049	42628073	3
12	42628074	42632149	1
12	42632150	42632247	0
12	42632248	42705878	2
12	42705879	42719905	3
12	42719906	42852138	2
12	42852139	42853515	3
12	42853516	42984155	1
12	42984156	43747667	0
12	43747668	43945722	1
12	43945723	44122408	0
12	44122409	44152618	1
12	44152619	44152745	0
12	44152746	44183344	2
12	44183345	44187524	0
12	44187525	44200176	1
12	44200177	44229884	0
12	44229885	44783539	2
12	44783540	44902056	0
12	44902057	45315629	1
12	45315630	45408453	0
12	45408454	45444880	1
12	45444881	45609801	0
12	45609802	45834185	2
12	45834186	46123446	0
12	46123447	46301821	2
12	46301822	46315190	0
12	46315191	46385901	1
12	46385902	46576844	0
12	46576845	46663732	1
12	46663733	46751970	0
12	46751971	46766648	1
12	46766649	47158544	0
12	47158545	47226189	1
12	47226190	47469488	0
12	47469489	47473384	1
12	47473385	47473646	3
12	47473647	47473732	1
12	47473733	47630441	2
12	47630442	48057068	0
12	48057069	48099842	1
12	48099843	48103515	0
12	48103516	48119348	1
12	48119349	48128453	0
12	48128454	48147697	1
12	48147698	48152242	3
12	48152243	48152359	1
12	48152360	48152426	3
12	48152427	48152775	1
12	48152776	48164815	3
12	48164816	48164821	1
12	48164822	48176503	2
12	48176504	48176532	3
12	48176533	48176534	2
12	48176535	48178704	1
12	48178705	48179785	3
12	48179786	48226913	1
12	48226914	48235318	0
12	48235319	48336829	1
12	48336830	48357365	0
12	48357366	48362659	2
12	48362660	48366746	0
12	48366747	48398267	1
12	48398268	48413552	0
12	48413553	48419163	1
12	48419164	48436679	0
12	48436680	48498920	1
12	48498921	48499617	3
12	48499618	48499692	1
12	48499693	48500089	3
12	48500090	48540185	2
12	48540186	48541569	0
12	48541570	48574994	1
12	48574995	48577364	0
12	48577365	48579707	2
12	48579708	48592168	0
12	48592169	48595812	2
12	48595813	48596079	0
12	48596080	48597168	1
12	48597169	48722761	0
12	48722762	48724060	2
12	48724061	48733789	0
12	48733790	48745195	1
12	48745196	48759917	0
12	48759918	48761736	2
12	48761737	48866446	0
12	48866447	48866841	2
12	48866842	48876284	0
12	48876285	48890293	2
12	48890294	48919413	0
12	48919414	48921884	2
12	48921885	48961465	0
12	48961466	48963847	1
12	48963848	49047183	0
12	49047184	49076019	1
12	49076020	49082245	0
12	49082246	49110679	1
12	49110680	49121216	0
12	49121217	49159567	2
12	49159568	49159973	0
12	49159974	49182818	1
12	49182819	49208232	0
12	49208233	49222722	2
12	49222723	49223545	0
12	49223546	49245944	1
12	49245945	49250926	0
12	49250927	49259679	1
12	49259680	49297284	0
12	49297285	49297891	1
12	49297892	49325621	3
12	49325622	49351332	1
12	49351333	49359121	0
12	49359122	49365544	1
12	49365545	49372396	0
12	49372397	49375457	2
12	49375458	49388930	0
12	49388931	49393090	1
12	49393091	49396055	0
12	49396056	49453555	1
12	49453556	49458466	0
12	49458467	49463806	1
12	49463807	49483202	0
12	49483203	49488600	1
12	49488601	49490917	0
12	49490918	49504679	1
12	49504680	49521563	0
12	49521564	49525178	1
12	49525179	49578577	0
12	49578578	49583105	1
12	49583106	49621707	0
12	49621708	49667112	2
12	49667113	49687483	0
12	49687484	49692463	2
12	49692464	49717017	0
12	49717018	49725512	2
12	49725513	49726198	0
12	49726199	49730969	1
12	49730970	49740698	0
12	49740699	49745956	2
12	49745957	49760365	0
12	49760366	49921203	2
12	49921204	49932938	0
12	49932939	49950325	2
12	49950326	49952089	3
12	49952090	49961934	1
12	49961935	49962153	0
12	49962154	49976666	2
12	49976667	49992570	3
12	49992571	50031722	2
12	50031723	50038446	3
12	50038447	50038447	2
12	50038448	50101506	1
12	50101507	50101946	3
12	50101947	50158715	2
12	50158716	50184927	0
12	50184928	50222206	1
12	50222207	50231571	0
12	50231572	50236910	1
12	50236911	50260677	0
12	50260678	50297998	1
12	50297999	50344527	0
12	50344528	50352662	2
12	50352663	50355651	0
12	50355652	50359462	2
12	50359463	50361020	0
12	50361021	50369664	2
12	50369665	50370704	0
12	50370705	50426917	1
12	50426918	50451329	0
12	50451330	50477392	2
12	50477393	50478753	0
12	50478754	50494493	2
12	50494494	50497600	0
12	50497601	50505100	2
12	50505101	50505760	0
12	50505761	50514238	2
12	50514239	50523606	0
12	50523607	50561203	1
12	50561204	50569569	0
12	50569570	50677327	1
12	50677328	50690487	0
12	50690488	50691716	2
12	50691717	50720011	0
12	50720012	50786164	1
12	50786165	50790403	3
12	50790404	50873785	2
12	50873786	50898888	0
12	50898889	51142448	2
12	51142449	51157491	0
12	51157492	51214903	2
12	51214904	51236701	0
12	51236702	51281665	2
12	51281666	51317253	0
12	51317254	51326298	2
12	51326299	51347703	0
12	51347704	51364287	2
12	51364288	51373316	0
12	51373317	51422347	1
12	51422348	51441743	0
12	51441744	51454202	2
12	51454203	51454988	0
12	51454989	51477424	1
12	51477425	51487444	0
12	51487445	51566924	1
12	51566925	51580717	0
12	51580718	51611475	1
12	51611476	51619858	0
12	51619859	51620083	2
12	51620084	51632074	0
12	51632075	51638340	2
12	51638341	51640499	3
12	51640500	51665144	2
12	51665145	51674820	0
12	51674821	51718450	1
12	51718451	51722225	0
12	51722226	51740461	1
12	51740462	51745029	0
12	51745030	51785099	1
12	51785100	51785191	3
12	51785192	51786649	1
12	51786650	51902116	2
12	51902117	51984708	0
12	51984709	52206646	2
12	52206647	52281742	0
12	52281743	52285439	2
12	52285440	52300690	0
12	52300691	52317141	2
12	52317142	52345449	0
12	52345450	52390860	2
12	52390861	52400722	0
12	52400723	52409669	2
12	52409670	52416614	0
12	52416615	52453289	2
12	52453290	52463753	0
12	52463754	52471276	2
12	52471277	52562778	0
12	52562779	52585782	1
12	52585783	52626896	0
12	52626897	52642703	2
12	52642704	52643082	0
12	52643083	52679695	2
12	52679696	52685316	3
12	52685317	52702945	2
12	52702946	52708083	0
12	52708084	52709126	1
12	52709127	52709788	3
12	52709789	52715180	1
12	52715181	52753788	0
12	52753789	52761263	1
12	52761264	52771594	0
12	52771595	52779434	1
12	52779435	52787713	0
12	52787714	52800137	1
12	52800138	52817852	0
12	52817853	52828307	1
12	52828308	52840433	0
12	52840434	52845908	1
12	52845909	52862298	0
12	52862299	52867567	1
12	52867568	52880956	0
12	52880957	52887039	1
12	52887040	52908357	0
12	52908358	52914469	1
12	52914470	52922913	0
12	52922914	52922978	2
12	52922979	52937691	0
12	52937692	52946929	1
12	52946930	52959564	0
12	52959565	52967607	1
12	52967608	52979371	0
12	52979372	52995320	1
12	52995321	53001352	0
12	53001353	53012341	1
12	53012342	53038340	0
12	53038341	53045946	1
12	53045947	53068518	0
12	53068519	53074189	1
12	53074190	53083408	0
12	53083409	53097245	1
12	53097246	53161937	0
12	53161938	53171127	1
12	53171128	53183467	0
12	53183468	53189899	1
12	53189900	53200331	0
12	53200332	53208333	1
12	53208334	53215229	0
12	53215230	53228077	1
12	53228078	53231586	0
12	53231587	53242874	1
12	53242875	53290975	0
12	53290976	53342653	1
12	53342654	53343624	3
12	53343625	53343664	1
12	53343665	53346683	2
12	53346684	53399940	0
12	53399941	53435991	2
12	53435992	53440751	0
12	53440752	53458154	2
12	53458155	53458386	0
12	53458387	53473202	1
12	53473203	53491218	0
12	53491219	53496127	2
12	53496128	53497300	0
12	53497301	53518320	2
12	53518321	53551445	0
12	53551446	53574482	1
12	53574483	53574691	3
12	53574692	53575133	1
12	53575134	53584594	2
12	53584595	53585100	0
12	53585101	53601089	1
12	53601090	53604352	0
12	53604353	53626762	1
12	53626763	53645368	0
12	53645369	53648187	2
12	53648188	53662081	0
12	53662082	53687425	2
12	53687426	53689073	0
12	53689074	53693232	2
12	53693233	53693468	0
12	53693469	53700959	2
12	53700960	53701238	0
12	53701239	53718540	1
12	53718541	53720360	0
12	53720361	53739097	1
12	53739098	53773958	0
12	53773959	53810228	2
12	53810229	53817637	0
12	53817638	53825316	2
12	53825317	53835387	0
12	53835388	53874278	2
12	53874279	53874943	3
12	53874944	53874944	2
12	53874945	53893845	1
12	53893846	53894708	0
12	53894709	53900213	2
12	53900214	53900472	0
12	53900473	54020197	1
12	54020198	54058948	0
12	54058949	54071180	1
12	54071181	54104901	0
12	54104902	54121527	1
12	54121528	54332533	0
12	54332534	54340326	2
12	54340327	54348616	0
12	54348617	54352738	2
12	54352739	54366908	0
12	54366909	54371425	2
12	54371426	54378847	0
12	54378848	54449812	2
12	54449813	54575057	0
12	54575058	54582776	1
12	54582777	54624722	0
12	54624723	54673884	1
12	54673885	54673975	0
12	54673976	54680869	2
12	54680870	54685893	0
12	54685894	54694903	1
12	54694904	54694984	0
12	54694985	54745631	2
12	54745632	54756227	0
12	54756228	54758269	1
12	54758270	54762915	0
12	54762916	54785080	1
12	54785081	54789043	0
12	54789044	54813242	1
12	54813243	54849736	0
12	54849737	54867381	1
12	54867382	54891493	0
12	54891494	54937724	2
12	54937725	54943132	0
12	54943133	54969169	2
12	54969170	54973021	3
12	54973022	54982441	1
12	54982442	55024593	0
12	55024594	55028677	1
12	55028678	55038373	0
12	55038374	55042275	1
12	55042276	55233151	0
12	55233152	55252175	2
12	55252176	55341800	0
12	55341801	55378528	1
12	55378529	55413727	0
12	55413728	55423796	2
12	55423797	55523463	0
12	55523464	55524584	2
12	55524585	55614807	0
12	55614808	55615757	2
12	55615758	55640980	0
12	55640981	55642084	2
12	55642085	55688070	0
12	55688071	55689014	1
12	55689015	55714344	0
12	55714345	55715406	2
12	55715407	55725483	0
12	55725484	55726418	2
12	55726419	55758893	0
12	55758894	55759831	2
12	55759832	55794212	0
12	55794213	55795287	2
12	55795288	55820036	0
12	55820037	55820974	2
12	55820975	55845996	0
12	55845997	55846934	2
12	55846935	55862982	0
12	55862983	55863920	1
12	55863921	55886145	0
12	55886146	55887098	2
12	55887099	55944981	0
12	55944982	55946026	2
12	55946027	55968197	0
12	55968198	55969126	2
12	55969127	56030642	0
12	56030643	56031636	2
12	56031637	56075328	0
12	56075329	56078350	2
12	56078351	56078393	3
12	56078394	56106193	1
12	56106194	56109818	0
12	56109819	56118487	2
12	56118488	56119105	0
12	56119106	56123489	1
12	56123490	56137062	0
12	56137063	56146364	2
12	56146365	56150909	3
12	56150910	56211701	1
12	56211702	56215661	3
12	56215662	56224606	1
12	56224607	56229242	0
12	56229243	56236732	1
12	56236733	56295195	0
12	56295196	56321101	1
12	56321102	56321695	3
12	56321696	56324210	1
12	56324211	56326400	3
12	56326401	56347809	2
12	56347810	56347887	0
12	56347888	56360551	1
12	56360552	56366566	3
12	56366567	56367099	1
12	56367100	56367695	0
12	56367696	56388488	2
12	56388489	56390962	0
12	56390963	56399307	2
12	56399308	56401441	0
12	56401442	56432217	2
12	56432218	56435635	0
12	56435636	56438114	2
12	56438115	56473639	0
12	56473640	56507689	2
12	56507690	56510368	0
12	56510369	56511725	2
12	56511726	56511941	0
12	56511942	56538453	2
12	56538454	56546038	0
12	56546039	56551769	2
12	56551770	56551943	0
12	56551944	56556765	2
12	56556766	56556790	3
12	56556791	56583349	1
12	56583350	56598283	0
12	56598284	56615715	1
12	56615716	56615797	0
12	56615798	56623636	2
12	56623637	56623831	0
12	56623832	56631589	2
12	56631590	56631628	3
12	56631629	56652173	1
12	56652174	56660640	0
12	56660641	56664748	2
12	56664749	56665483	0
12	56665484	56727835	1
12	56727836	56732661	0
12	56732662	56734191	2
12	56734192	56736492	0
12	56736493	56753908	1
12	56753909	56754351	0
12	56754352	56756605	1
12	56756606	56810901	0
12	56810902	56843185	1
12	56843186	56843284	0
12	56843285	56848424	1
12	56848425	56862299	0
12	56862300	56864734	2
12	56864735	56864761	3
12	56864762	56882179	1
12	56882180	56915711	0
12	56915712	56984743	2
12	56984744	56989378	0
12	56989379	57030161	1
12	57030162	57031957	0
12	57031958	57039796	1
12	57039797	57057125	0
12	57057126	57082157	1
12	57082158	57106210	0
12	57106211	57145943	1
12	57145944	57146117	3
12	57146118	57181572	2
12	57181573	57316936	0
12	57316937	57328187	1
12	57328188	57345217	0
12	57345218	57352101	1
12	57352102	57388228	0
12	57388229	57390466	2
12	57390467	57390743	0
12	57390744	57391333	2
12	57391334	57392616	0
12	57392617	57400228	1
12	57400229	57403782	0
12	57403783	57444957	1
12	57444958	57449424	0
12	57449425	57472550	1
12	57472551	57482675	0
12	57482676	57489189	2
12	57489190	57489257	3
12	57489258	57522274	1
12	57522275	57522881	3
12	57522882	57525920	1
12	57525921	57607132	2
12	57607133	57610576	0
12	57610577	57620230	2
12	57620231	57623108	0
12	57623109	57628684	2
12	57628685	57628712	3
12	57628713	57634473	1
12	57634474	57637234	0
12	57637235	57810196	1
12	57810197	57810534	3
12	57810535	57824786	1
12	57824787	57828541	0
12	57828542	57844609	2
12	57844610	57848484	0
12	57848485	57851789	2
12	57851790	57853916	0
12	57853917	57866036	2
12	57866037	57866041	3
12	57866042	57866043	2
12	57866044	57881738	1
12	57881739	57882595	3
12	57882596	57910369	2
12	57910370	57910430	3
12	57910431	57910436	2
12	57910437	57914298	1
12	57914299	57914491	0
12	57914492	57923883	2
12	57923884	57923929	3
12	57923930	57941112	1
12	57941113	57943779	0
12	57943780	57980413	2
12	57980414	57984955	0
12	57984956	57997196	2
12	57997197	57998403	0
12	57998404	58003585	2
12	58003586	58003961	0
12	58003962	58011024	2
12	58011025	58013691	0
12	58013692	58019676	2
12	58019677	58019912	3
12	58019913	58019931	2
12	58019932	58027136	1
12	58027137	58087736	0
12	58087737	58115338	2
12	58115339	58118978	0
12	58118979	58120052	1
12	58120053	58122137	3
12	58122138	58135938	1
12	58135939	58138662	0
12	58138663	58141508	2
12	58141509	58142013	3
12	58142014	58142043	2
12	58142044	58143992	3
12	58143993	58148879	1
12	58148880	58149794	3
12	58149795	58154188	2
12	58154189	58156120	0
12	58156121	58165273	1
12	58165274	58166574	3
12	58166575	58191163	2
12	58191164	58191365	3
12	58191366	58191663	2
12	58191664	58196637	3
12	58196638	58201852	2
12	58201853	58212485	1
12	58212486	58213708	0
12	58213709	58240520	1
12	58240521	58335358	0
12	58335359	58351050	2
12	58351051	58937905	0
12	58937906	59206840	2
12	59206841	59265929	0
12	59265930	59314301	1
12	59314302	59917057	0
12	59917058	59917963	1
12	59917964	59989846	0
12	59989847	60176393	2
12	60176394	62102038	0
12	62102039	62653949	1
12	62653950	62654117	0
12	62654118	62811209	2
12	62811210	62860595	0
12	62860596	62991361	2
12	62991362	62995529	0
12	62995530	62997212	1
12	62997213	63037760	0
12	63037761	63328815	1
12	63328816	63539012	0
12	63539013	63544720	1
12	63544721	63952691	0
12	63952692	64062627	1
12	64062628	64173581	0
12	64173582	64203336	2
12	64203337	64238071	0
12	64238072	64541611	2
12	64541612	64580094	0
12	64580095	64616074	1
12	64616075	64660215	0
12	64660216	64784970	1
12	64784971	64798128	0
12	64798129	64844905	2
12	64844906	64845658	0
12	64845659	64895886	2
12	64895887	65004291	0
12	65004292	65090187	2
12	65090188	65090327	3
12	65090328	65091345	2
12	65091346	65107223	0
12	65107224	65153225	1
12	65153226	65174587	0
12	65174588	65274810	2
12	65274811	65444404	0
12	65444405	65515344	1
12	65515345	65563349	0
12	65563350	65642105	2
12	65642106	65672421	0
12	65672422	65882022	2
12	65882023	66217909	0
12	66217910	66245118	2
12	66245119	66275945	3
12	66275946	66291516	2
12	66291517	66317965	3
12	66317966	66360073	2
12	66360074	66516840	0
12	66516841	66563850	1
12	66563851	66582657	0
12	66582658	66648400	2
12	66648401	66696323	0
12	66696324	66731977	2
12	66731978	66741209	0
12	66741210	67197964	1
12	67197965	67663059	0
12	67663060	67713729	2
12	67713730	68042116	0
12	68042117	68059184	2
12	68059185	68548546	0
12	68548547	68553525	1
12	68553526	68595129	0
12	68595130	68619599	1
12	68619600	68642020	0
12	68642021	68647385	1
12	68647386	68688346	0
12	68688347	68726159	1
12	68726160	69004617	0
12	69004618	69054370	2
12	69054371	69080512	0
12	69080513	69136783	2
12	69136784	69139884	0
12	69139885	69162468	2
12	69162469	69186123	0
12	69186124	69187741	2
12	69187742	69201954	0
12	69201955	69235986	2
12	69235987	69239212	3
12	69239213	69357047	1
12	69357048	69633315	0
12	69633316	69668136	2
12	69668137	69742119	0
12	69742120	69748012	2
12	69748013	69753481	0
12	69753482	69784574	2
12	69784575	69864127	0
12	69864128	69973560	2
12	69973561	69979112	0
12	69979113	69995348	2
12	69995349	70002349	0
12	70002350	70004940	1
12	70004941	70037332	0
12	70037333	70093254	1
12	70093255	70132459	0
12	70132460	70216982	2
12	70216983	70219082	0
12	70219083	70352875	2
12	70352876	70636772	0
12	70636773	70748771	2
12	70748772	70760054	0
12	70760055	70828070	2
12	70828071	70910628	0
12	70910629	71031218	1
12	71031219	71031851	0
12	71031852	71314621	1
12	71314622	71441180	0
12	71441181	71512025	1
12	71512026	71518863	0
12	71518864	71833548	1
12	71833549	71835676	3
12	71835677	71980088	2
12	71980089	72003250	0
12	72003251	72056787	1
12	72056788	72057747	3
12	72057748	72074417	2
12	72074418	72079865	0
12	72079866	72097834	2
12	72097835	72148652	0
12	72148653	72184697	2
12	72184698	72233485	0
12	72233486	72320627	2
12	72320628	72332624	0
12	72332625	72426219	2
12	72426220	72666461	0
12	72666462	73059420	2
12	73059421	74931549	0
12	74931550	74935221	2
12	74935222	75433855	0
12	75433856	75603646	1
12	75603647	75669757	0
12	75669758	75728417	1
12	75728418	75764020	3
12	75764021	75784699	1
12	75784700	75784848	0
12	75784849	75826466	2
12	75826467	75874458	0
12	75874459	75890682	2
12	75890683	75897631	3
12	75897632	75905399	1
12	75905400	76419225	0
12	76419226	76427710	1
12	76427711	76438668	0
12	76438669	76478811	1
12	76478812	76738252	0
12	76738253	76742220	1
12	76742221	76745575	0
12	76745576	76953587	1
12	76953588	77157366	0
12	77157367	77247474	2
12	77247475	77252493	0
12	77252494	77272838	1
12	77272839	77415025	0
12	77415026	77459358	1
12	77459359	77949295	0
12	77949296	77950566	1
12	77950567	78224683	0
12	78224684	78606788	2
12	78606789	79257771	0
12	79257772	79845786	2
12	79845787	79978652	0
12	79978653	80084875	1
12	80084876	80167341	0
12	80167342	80198740	1
12	80198741	80202319	3
12	80202320	80329238	1
12	80329239	80603231	0
12	80603232	80772868	2
12	80772869	80799772	0
12	80799773	81072800	2
12	81072801	81101275	0
12	81101276	81103251	2
12	81103252	81110689	0
12	81110690	81113450	2
12	81113451	81186297	0
12	81186298	81331592	1
12	81331593	81331702	3
12	81331703	81650531	2
12	81650532	81652043	0
12	81652044	82153330	1
12	82153331	82617458	0
12	82617459	82752274	1
12	82752275	82752565	3
12	82752566	82873013	2
12	82873014	83080657	0
12	83080658	83528629	2
12	83528630	85253490	0
12	85253491	85307392	1
12	85307393	85408092	0
12	85408093	85430033	1
12	85430034	85430127	0
12	85430128	85638881	2
12	85638882	85673883	0
12	85673884	85695560	2
12	85695561	86198329	0
12	86198330	86230346	1
12	86230347	86268071	0
12	86268072	86276768	2
12	86276769	86372514	0
12	86372515	87232660	1
12	87232661	88373814	0
12	88373815	88423194	1
12	88423195	88429221	0
12	88429222	88442791	2
12	88442792	88443935	3
12	88443936	88535991	1
12	88535992	88536071	0
12	88536072	88593662	2
12	88593663	88890357	0
12	88890358	88974626	1
12	88974627	89741007	0
12	89741008	89747046	1
12	89747047	89813493	0
12	89813494	89920037	1
12	89920038	89981826	0
12	89981827	90103075	1
12	90103076	91345991	0
12	91345992	91348951	1
12	91348952	91357454	0
12	91357455	91398801	1
12	91398802	91444266	0
12	91444267	91451758	1
12	91451759	91496404	0
12	91496405	91505606	1
12	91505607	91539023	0
12	91539024	91576898	1
12	91576899	92378864	0
12	92378865	92539671	1
12	92539672	92813868	0
12	92813869	92817733	1
12	92817734	92821922	3
12	92821923	92824728	2
12	92824729	93096617	0
12	93096618	93102323	2
12	93102324	93115279	0
12	93115280	93164411	2
12	93164412	93166229	3
12	93166230	93323105	1
12	93323106	93771657	0
12	93771658	93797022	2
12	93797023	93800979	0
12	93800980	93836036	1
12	93836037	93861262	0
12	93861263	93897543	2
12	93897544	93963588	0
12	93963589	93977261	2
12	93977262	94071149	0
12	94071150	94288501	2
12	94288502	94542497	0
12	94542498	94671532	2
12	94671533	94673954	3
12	94673955	94700223	2
12	94700224	94701449	3
12	94701450	94853762	1
12	94853763	94960898	0
12	94960899	95044336	1
12	95044337	95365106	0
12	95365107	95397544	1
12	95397545	95414003	0
12	95414004	95467477	1
12	95467478	95470523	0
12	95470524	95611238	1
12	95611239	95611520	0
12	95611521	95696564	2
12	95696565	95770982	0
12	95770983	95774670	1
12	95774671	95867725	0
12	95867726	95909613	2
12	95909614	95910334	0
12	95910335	95945264	1
12	95945265	96051581	0
12	96051582	96184928	1
12	96184929	96196873	0
12	96196874	96217083	2
12	96217084	96252704	0
12	96252705	96260825	2
12	96260826	96260829	3
12	96260830	96297604	2
12	96297605	96336750	1
12	96336751	96337069	0
12	96337070	96362368	2
12	96362369	96366438	0
12	96366439	96390141	1
12	96390142	96394604	0
12	96394605	96437296	1
12	96437297	96588158	0
12	96588159	96663611	2
12	96663612	96672037	0
12	96672038	96794336	1
12	96794337	96883363	0
12	96883364	97269331	2
12	97269332	97300999	0
12	97301000	97347127	2
12	97347128	98879320	0
12	98879321	98897631	1
12	98897632	98909288	0
12	98909289	98944155	2
12	98944156	98987367	0
12	98987368	98995773	2
12	98995774	99007181	0
12	99007182	99038889	1
12	99038890	99038917	0
12	99038918	99128460	2
12	99128461	99129202	3
12	99129203	100378430	1
12	100378431	100422231	0
12	100422232	100536624	1
12	100536625	100592898	0
12	100592899	100618200	2
12	100618201	100646039	0
12	100646040	100660855	1
12	100660856	100660916	0
12	100660917	100735500	2
12	100735501	100750855	0
12	100750856	100815835	2
12	100815836	100867484	0
12	100867485	100958189	2
12	100958190	100967459	0
12	100967460	101018695	2
12	101018696	101111302	0
12	101111303	101522417	2
12	101522418	101549269	0
12	101549270	101604183	1
12	101604184	101673885	0
12	101673886	101780392	2
12	101780393	101786896	0
12	101786897	101801596	1
12	101801597	101869197	0
12	101869198	101880773	2
12	101880774	101962129	0
12	101962130	102079794	2
12	102079795	102091403	0
12	102091404	102122424	2
12	102122425	102122850	3
12	102122851	102133245	1
12	102133246	102139273	0
12	102139274	102224714	1
12	102224715	102271127	0
12	102271128	102405906	2
12	102405907	102406715	0
12	102406716	102455900	1
12	102455901	102467965	0
12	102467966	102513900	1
12	102513901	102513954	0
12	102513955	102590235	2
12	102590236	102591296	3
12	102591297	102591621	1
12	102591622	102789643	0
12	102789644	102874421	1
12	102874422	103230661	0
12	103230662	103351462	1
12	103351463	103352142	3
12	103352143	103354292	2
12	103354293	103545618	0
12	103545619	103562010	2
12	103562011	103670922	0
12	103670923	103889747	1
12	103889748	103981049	0
12	103981050	104160503	2
12	104160504	104166086	0
12	104166087	104234973	1
12	104234974	104235227	0
12	104235228	104238440	2
12	104238441	104323883	0
12	104323884	104343983	2
12	104343984	104347421	3
12	104347422	104359484	1
12	104359485	104359580	0
12	104359581	104382650	2
12	104382651	104382760	0
12	104382761	104457959	1
12	104457960	104458233	0
12	104458234	104498637	2
12	104498638	104510853	0
12	104510854	104532065	1
12	104532066	104609555	0
12	104609556	104744059	2
12	104744060	104850744	0
12	104850745	105155790	2
12	105155791	105196329	0
12	105196330	105352520	1
12	105352521	105380086	0
12	105380087	105389002	2
12	105389003	105413566	0
12	105413567	105478353	1
12	105478354	105501100	0
12	105501101	105562910	2
12	105562911	105567072	0
12	105567073	105630014	1
12	105630015	105724412	0
12	105724413	105789873	2
12	105789874	106457116	0
12	106457117	106533809	1
12	106533810	106631653	0
12	106631654	106695705	1
12	106695706	106698055	3
12	106698056	106740791	2
12	106740792	106751434	0
12	106751435	106889734	2
12	106889735	106903974	3
12	106903975	106976683	1
12	106976684	107156578	3
12	107156579	107168371	1
12	107168372	107168694	3
12	107168695	107283088	2
12	107283089	107349495	0
12	107349496	107367812	2
12	107367813	107371067	0
12	107371068	107380942	1
12	107380943	107385140	0
12	107385141	107487605	1
12	107487606	107712188	0
12	107712189	108053417	2
12	108053418	108079507	0
12	108079508	108106942	2
12	108106943	108126641	0
12	108126642	108154935	1
12	108154936	108168160	0
12	108168161	108170419	2
12	108170420	108523246	0
12	108523247	108644312	2
12	108644313	108681819	0
12	108681820	108733116	1
12	108733117	108908960	0
12	108908961	108916355	2
12	108916356	108919607	3
12	108919608	108955174	1
12	108955175	108956375	0
12	108956376	108963158	2
12	108963159	108983620	0
12	108983621	108992094	1
12	108992095	109015684	0
12	109015685	109027733	1
12	109027734	109038883	0
12	109038884	109125370	1
12	109125371	109176464	0
12	109176465	109251364	1
12	109251365	109252706	0
12	109252707	109294817	2
12	109294818	109304656	0
12	109304657	109372437	1
12	109372438	109458637	0
12	109458638	109459043	1
12	109459044	109460892	0
12	109460893	109525829	2
12	109525830	109525994	0
12	109525995	109531275	1
12	109531276	109535377	0
12	109535378	109548795	2
12	109548796	109554398	0
12	109554399	109706029	2
12	109706030	109715782	0
12	109715783	109747023	1
12	109747024	109785706	0
12	109785707	109886174	2
12	109886175	109886459	0
12	109886460	109915205	1
12	109915206	109915347	3
12	109915348	109974505	2
12	109974506	109991540	0
12	109991541	110011058	1
12	110011059	110011677	3
12	110011678	110035065	2
12	110035066	110152031	0
12	110152032	110208310	2
12	110208311	110220888	0
12	110220889	110271210	1
12	110271211	110288746	0
12	110288747	110318291	1
12	110318292	110338083	0
12	110338084	110355872	2
12	110355873	110367605	0
12	110367606	110434192	1
12	110434193	110437326	0
12	110437327	110465870	2
12	110465871	110477566	3
12	110477567	110511489	1
12	110511490	110562138	0
12	110562139	110656600	2
12	110656601	110718559	0
12	110718560	110788893	2
12	110788894	110810703	0
12	110810704	110841533	1
12	110841534	110872628	0
12	110872629	110888210	1
12	110888211	110890287	0
12	110890288	110906167	1
12	110906168	110906524	3
12	110906525	110928188	2
12	110928189	110928900	0
12	110928901	110939920	1
12	110939921	110940003	0
12	110940004	110969118	2
12	110969119	110969887	3
12	110969888	110969889	2
12	110969890	111021123	1
12	111021124	111051830	0
12	111051831	111065644	2
12	111065645	111068090	3
12	111068091	111086582	2
12	111086583	111087233	3
12	111087234	111142753	1
12	111142754	111157483	0
12	111157484	111180742	1
12	111180743	111284762	0
12	111284763	111345337	2
12	111345338	111348621	0
12	111348622	111358379	1
12	111358380	111471826	0
12	111471827	111788356	2
12	111788357	111798453	0
12	111798454	111806923	1
12	111806924	111843750	0
12	111843751	111889425	2
12	111889426	111890016	0
12	111890017	112037478	1
12	112037479	112079948	0
12	112079949	112123788	1
12	112123789	112123855	0
12	112123856	112247780	2
12	112247781	112279780	0
12	112279781	112331218	2
12	112331219	112369084	0
12	112369085	112450941	1
12	112450942	112451118	0
12	112451119	112461253	2
12	112461254	112464498	0
12	112464499	112546824	1
12	112546825	112563303	0
12	112563304	112591405	2
12	112591406	112597990	0
12	112597991	112819894	1
12	112819895	112843001	0
12	112843002	112856640	1
12	112856641	112856711	0
12	112856712	112947715	2
12	112947716	113008182	0
12	113008183	113336684	2
12	113336685	113344580	0
12	113344581	113369988	2
12	113369989	113376155	0
12	113376156	113411052	2
12	113411053	113416198	0
12	113416199	113449526	2
12	113449527	113495493	0
12	113495494	113535831	2
12	113535832	113536622	0
12	113536623	113574042	1
12	113574043	113587661	0
12	113587662	113594977	2
12	113594978	113597079	3
12	113597080	113623282	1
12	113623283	113623329	0
12	113623330	113630171	2
12	113630172	113633244	0
12	113633245	113658853	1
12	113658854	113658897	3
12	113658898	113736388	2
12	113736389	113736562	0
12	113736563	113796369	1
12	113796370	113797296	3
12	113797297	113827201	2
12	113827202	113830248	0
12	113830249	113860040	1
12	113860041	113864104	3
12	113864105	113876079	2
12	113876080	113899837	0
12	113899838	113909875	1
12	113909876	114254545	0
12	114254546	114404174	1
12	114404175	114791734	0
12	114791735	114846245	1
12	114846246	115108057	0
12	115108058	115121967	1
12	115121968	115800815	0
12	115800816	115802548	2
12	115802549	116396379	0
12	116396380	116715141	1
12	116715142	116997184	0
12	116997185	117014423	2
12	117014424	117153591	0
12	117153592	117175872	1
12	117175873	117176094	0
12	117176095	117291434	2
12	117291435	117293947	0
12	117293948	117319244	1
12	117319245	117348759	0
12	117348760	117468951	2
12	117468952	117476727	0
12	117476728	117537272	1
12	117537273	117581144	0
12	117581145	117628334	1
12	117628335	117645945	0
12	117645946	117799580	1
12	117799581	117890815	0
12	117890816	118406786	1
12	118406787	118451391	0
12	118451392	118470036	2
12	118470037	118470710	0
12	118470711	118500213	1
12	118500214	118501396	0
12	118501397	118541751	1
12	118541752	118573661	0
12	118573662	118583387	2
12	118583388	118587604	0
12	118587605	118810748	1
12	118810749	118814183	0
12	118814184	118855838	2
12	118855839	119419298	0
12	119419299	119600854	2
12	119600855	119616445	0
12	119616446	119658934	2
12	119658935	119772515	0
12	119772516	119978850	2
12	119978851	120031262	0
12	120031263	120079361	2
12	120079362	120105556	0
12	120105557	120119433	2
12	120119434	120123593	0
12	120123594	120137571	1
12	120137572	120138814	3
12	120138815	120315093	1
12	120315094	120427671	0
12	120427672	120532296	2
12	120532297	120532897	0
12	120532898	120554641	1
12	120554642	120565005	0
12	120565006	120632511	1
12	120632512	120634487	0
12	120634488	120639036	1
12	120639037	120648248	0
12	120648249	120703572	1
12	120703573	120740117	0
12	120740118	120751050	2
12	120751051	120759912	0
12	120759913	120765590	1
12	120765591	120779131	0
12	120779132	120806981	1
12	120806982	120875891	0
12	120875892	120881762	2
12	120881763	120884213	3
12	120884214	120899387	2
12	120899388	120899469	0
12	120899470	120907594	1
12	120907595	120907651	0
12	120907652	120936294	2
12	120936295	120941075	0
12	120941076	120971281	1
12	120971282	120972235	3
12	120972236	121015395	2
12	121015396	121016565	0
12	121016566	121019199	1
12	121019200	121078353	0
12	121078354	121105125	2
12	121105126	121124670	0
12	121124671	121139665	2
12	121139666	121148236	0
12	121148237	121161441	2
12	121161442	121163536	0
12	121163537	121177809	2
12	121177810	121200311	0
12	121200312	121342172	1
12	121342173	121407639	0
12	121407640	121410093	1
12	121410094	121416344	0
12	121416345	121440223	2
12	121440224	121440313	3
12	121440314	121454303	1
12	121454304	121458093	0
12	121458094	121477043	1
12	121477044	121570629	0
12	121570630	121623854	2
12	121623855	121647658	0
12	121647659	121671907	2
12	121671908	121675495	0
12	121675496	121736109	1
12	121736110	121746158	0
12	121746159	121837697	1
12	121837698	121837842	0
12	121837843	121866898	2
12	121866899	121868387	3
12	121868388	122018918	1
12	122018919	122064453	0
12	122064454	122080581	2
12	122080582	122089022	0
12	122089023	122107558	1
12	122107559	122150699	0
12	122150700	122215662	2
12	122215663	122219966	3
12	122219967	122240832	1
12	122240833	122242084	0
12	122242085	122270560	2
12	122270561	122277431	0
12	122277432	122301500	1
12	122301501	122326635	0
12	122326636	122441831	2
12	122441832	122457326	0
12	122457327	122499946	2
12	122499947	122516626	0
12	122516627	122631892	2
12	122631893	122652283	0
12	122652284	122656575	2
12	122656576	122658744	3
12	122658745	122688016	2
12	122688017	122688088	0
12	122688089	122692208	2
12	122692209	122693490	3
12	122693491	122712079	1
12	122712080	122714109	0
12	122714110	122751066	1
12	122751067	122755977	0
12	122755978	122907177	1
12	122907178	122957415	0
12	122957416	122985516	1
12	122985517	122989188	0
12	122989189	123011544	1
12	123011545	123011793	0
12	123011794	123104822	2
12	123104823	123110877	3
12	123110878	123110941	2
12	123110942	123215388	1
12	123215389	123237319	0
12	123237320	123255609	2
12	123255610	123258872	0
12	123258873	123312073	2
12	123312074	123319971	0
12	123319972	123347505	2
12	123347506	123349880	0
12	123349881	123380989	1
12	123380990	123405496	0
12	123405497	123459125	1
12	123459126	123459750	3
12	123459751	123459765	1
12	123459766	123464586	3
12	123464587	123464605	1
12	123464606	123466194	3
12	123466195	123467454	2
12	123467455	123468025	0
12	123468026	123634560	1
12	123634561	123636869	0
12	123636870	123717461	1
12	123717462	123717668	3
12	123717669	123718003	1
12	123718004	123728559	3
12	123728560	123742504	2
12	123742505	123745526	0
12	123745527	123756879	1
12	123756880	123773654	0
12	123773655	123849388	1
12	123849389	123868318	0
12	123868319	123893903	2
12	123893904	123899934	0
12	123899935	123921262	1
12	123921263	123942186	0
12	123942187	123951481	2
12	123951482	123955923	0
12	123955924	124018263	1
12	124018264	124069076	0
12	124069077	124083114	2
12	124083115	124086644	0
12	124086645	124104951	2
12	124104952	124105486	3
12	124105487	124118311	1
12	124118312	124118374	0
12	124118375	124147151	2
12	124147152	124155658	0
12	124155659	124192946	2
12	124192947	124196863	0
12	124196864	124246300	2
12	124246301	124247040	0
12	124247041	124410969	2
12	124410970	124419529	3
12	124419530	124420751	2
12	124420752	124420954	0
12	124420955	124457376	1
12	124457377	124457668	0
12	124457669	124800568	2
12	124800569	124808959	0
12	124808960	125052008	1
12	125052009	125261400	0
12	125261401	125348461	1
12	125348462	125396148	0
12	125396149	125401912	1
12	125401913	125431371	0
12	125431372	125473665	1
12	125473666	125478244	0
12	125478245	125515775	2
12	125515776	125549923	0
12	125549924	125627871	2
12	125627872	125811160	0
12	125811161	126146915	2
12	126146916	128751946	0
12	128751947	129192458	2
12	129192459	129277737	0
12	129277738	129308526	1
12	129308527	129338037	0
12	129338038	129469507	2
12	129469508	129556268	0
12	129556269	130388209	1
12	130388210	130647002	0
12	130647003	130650283	2
12	130650284	130822430	0
12	130822431	130857180	2
12	130857181	130880680	0
12	130880681	131200824	1
12	131200825	131274143	0
12	131274144	131323809	1
12	131323810	131356422	0
12	131356423	131362221	2
12	131362222	131438450	0
12	131438451	131514219	2
12	131514220	131514767	3
12	131514768	131626012	2
12	131626013	131780065	0
12	131780066	131782761	2
12	131782762	132195632	0
12	132195633	132284280	2
12	132284281	132312936	0
12	132312937	132336326	2
12	132336327	132379194	0
12	132379195	132407710	2
12	132407711	132413743	0
12	132413744	132428404	2
12	132428405	132434506	0
12	132434507	132565003	2
12	132565004	132568856	0
12	132568857	132610883	2
12	132610884	132621137	0
12	132621138	132628878	1
12	132628879	132628991	0
12	132628992	132637011	2
12	132637012	132680922	0
12	132680923	132905787	1
12	132905788	133049332	0
12	133049333	133050724	1
12	133050725	133066135	0
12	133066136	133161772	2
12	133161773	133195364	0
12	133195365	133198970	2
12	133198971	133200346	0
12	133200347	133263943	1
12	133263944	133264190	0
12	133264191	133299226	2
12	133299227	133302252	0
12	133302253	133338472	1
12	133338473	133345493	0
12	133345494	133532890	1
12	133532891	133563027	0
12	133563028	133589152	2
12	133589153	133613876	0
12	133613877	133639883	2
12	133639884	133656422	0
12	133656423	133684128	2
12	133684129	133694738	0
12	133694739	133707057	1
12	133707058	133707159	0
12	133707160	133783696	2
12	133783697	133787244	0
12	133787245	133787770	1
12	133787771	133794896	0
12	133794897	133812679	1
