<CHROM>	<START>	<END>	<TSB>
19	0	107469	0
19	107470	111694	2
19	111695	281038	0
19	281039	291391	1
19	291392	305573	0
19	305574	344791	1
19	344792	361748	0
19	361749	376011	1
19	376012	405436	0
19	405437	409137	1
19	409138	416581	0
19	416582	460994	1
19	460995	463344	0
19	463345	474981	1
19	474982	489174	0
19	489175	505345	2
19	505346	507297	0
19	507298	519652	2
19	519653	531712	0
19	531713	542090	2
19	542091	544032	0
19	544033	549917	2
19	549918	571295	0
19	571296	583491	2
19	583492	589891	0
19	589892	617157	2
19	617158	617221	0
19	617222	633595	1
19	633596	639893	0
19	639894	643701	2
19	643702	647524	0
19	647525	663275	1
19	663276	676390	0
19	676391	683383	2
19	683384	685519	0
19	685520	695458	1
19	695459	708951	0
19	708952	748327	2
19	748328	751124	0
19	751125	764317	2
19	764318	797073	0
19	797074	812325	2
19	812326	812516	0
19	812517	821965	1
19	821966	827824	0
19	827825	832015	2
19	832016	840961	0
19	840962	848173	2
19	848174	851012	0
19	851013	856240	2
19	856241	859451	0
19	859452	863451	2
19	863452	867960	0
19	867961	893216	1
19	893217	896501	0
19	896502	913238	1
19	913239	917285	0
19	917286	921013	2
19	921014	925998	0
19	925999	975937	2
19	975938	984329	0
19	984330	994567	2
19	994568	999599	0
19	999600	999950	2
19	999951	1009645	0
19	1009646	1021115	1
19	1021116	1026296	0
19	1026297	1039066	2
19	1039067	1040100	0
19	1040101	1065566	2
19	1065567	1065920	0
19	1065921	1086625	2
19	1086626	1086873	0
19	1086874	1095596	1
19	1095597	1103934	0
19	1103935	1106785	2
19	1106786	1107634	0
19	1107635	1174280	1
19	1174281	1205738	0
19	1205739	1228284	2
19	1228285	1228426	3
19	1228427	1238024	1
19	1238025	1241747	0
19	1241748	1244822	2
19	1244823	1248550	0
19	1248551	1259140	2
19	1259141	1259382	0
19	1259383	1274807	2
19	1274808	1275024	0
19	1275025	1279225	2
19	1279226	1285888	0
19	1285889	1378428	2
19	1378429	1383524	0
19	1383525	1395581	2
19	1395582	1397089	0
19	1397090	1401567	1
19	1401568	1407566	0
19	1407567	1435717	2
19	1435718	1438356	0
19	1438357	1440581	2
19	1440582	1440836	0
19	1440837	1441935	2
19	1441936	1446298	0
19	1446299	1461140	2
19	1461141	1465406	3
19	1465407	1473198	2
19	1473199	1473241	3
19	1473242	1479553	1
19	1479554	1481425	0
19	1481426	1490405	1
19	1490406	1491163	0
19	1491164	1497924	2
19	1497925	1505015	0
19	1505016	1513186	1
19	1513187	1524071	0
19	1524072	1535453	2
19	1535454	1554666	0
19	1554667	1568055	1
19	1568056	1576637	0
19	1576638	1592880	1
19	1592881	1597169	0
19	1597170	1605478	1
19	1605479	1609291	0
19	1609292	1652602	1
19	1652603	1752370	0
19	1752371	1780985	2
19	1780986	1782072	0
19	1782073	1812273	1
19	1812274	1815246	0
19	1815247	1848450	1
19	1848451	1852398	0
19	1852399	1863565	1
19	1863566	1876807	0
19	1876808	1885544	1
19	1885545	1905211	0
19	1905212	1926014	2
19	1926015	1941186	0
19	1941187	1981335	2
19	1981336	1985445	0
19	1985446	2015717	1
19	2015718	2037468	0
19	2037469	2051241	1
19	2051242	2071035	0
19	2071036	2096378	1
19	2096379	2096476	3
19	2096477	2096670	1
19	2096671	2099584	2
19	2099585	2100991	0
19	2100992	2151563	1
19	2151564	2164146	0
19	2164147	2230000	2
19	2230001	2232575	3
19	2232576	2236518	1
19	2236519	2237701	3
19	2237702	2248676	2
19	2248677	2249306	0
19	2249307	2252070	2
19	2252071	2252249	0
19	2252250	2269483	1
19	2269484	2269756	3
19	2269757	2273485	2
19	2273486	2274629	0
19	2274630	2282173	1
19	2282174	2289772	0
19	2289773	2308154	1
19	2308155	2321514	0
19	2321515	2328617	1
19	2328618	2389782	0
19	2389783	2425620	2
19	2425621	2426235	3
19	2426236	2427890	1
19	2427891	2428162	0
19	2428163	2456992	1
19	2456993	2476123	0
19	2476124	2478255	2
19	2478256	2511215	0
19	2511216	2702705	1
19	2702706	2714563	0
19	2714564	2740148	1
19	2740149	2754710	0
19	2754711	2783367	1
19	2783368	2785456	0
19	2785457	2813597	2
19	2813598	2819870	0
19	2819871	2835769	2
19	2835770	2841431	0
19	2841432	2860480	2
19	2860481	2867331	0
19	2867332	2878513	2
19	2878514	2900894	0
19	2900895	2918472	2
19	2918473	2933214	0
19	2933215	2944929	1
19	2944930	2977442	0
19	2977443	2995175	2
19	2995176	2997634	0
19	2997635	3047631	1
19	3047632	3052906	0
19	3052907	3063103	1
19	3063104	3094406	0
19	3094407	3124000	2
19	3124001	3136189	0
19	3136190	3163765	2
19	3163766	3178734	0
19	3178735	3180327	2
19	3180328	3185559	0
19	3185560	3209571	2
19	3209572	3224699	0
19	3224700	3297072	2
19	3297073	3359559	0
19	3359560	3469213	2
19	3469214	3474403	0
19	3474404	3480538	1
19	3480539	3490817	0
19	3490818	3500936	1
19	3500937	3506269	0
19	3506270	3538257	2
19	3538258	3538326	3
19	3538327	3539150	1
19	3539151	3544026	3
19	3544027	3572773	1
19	3572774	3573625	3
19	3573626	3579084	2
19	3579085	3585549	0
19	3585550	3593537	2
19	3593538	3594502	0
19	3594503	3606836	1
19	3606837	3610637	0
19	3610638	3626811	1
19	3626812	3630179	0
19	3630180	3700475	1
19	3700476	3708105	0
19	3708106	3750809	2
19	3750810	3750876	0
19	3750877	3761695	1
19	3761696	3762660	0
19	3762661	3768571	2
19	3768572	3769085	0
19	3769086	3772231	1
19	3772232	3777969	0
19	3777970	3802125	1
19	3802126	3804020	0
19	3804021	3869028	1
19	3869029	3879860	0
19	3879861	3928075	2
19	3928076	3933099	0
19	3933100	3942412	2
19	3942413	3958449	0
19	3958450	3971119	1
19	3971120	3976052	0
19	3976053	3985465	1
19	3985466	4007642	0
19	4007643	4039382	2
19	4039383	4041125	0
19	4041126	4043152	1
19	4043153	4044360	0
19	4044361	4066941	1
19	4066942	4090317	0
19	4090318	4124124	1
19	4124125	4153596	0
19	4153597	4173049	2
19	4173050	4174104	0
19	4174105	4182599	1
19	4182600	4183349	0
19	4183350	4224809	2
19	4224810	4229493	0
19	4229494	4237526	2
19	4237527	4247074	0
19	4247075	4269085	2
19	4269086	4278596	0
19	4278597	4290719	2
19	4290720	4292227	0
19	4292228	4302426	1
19	4302427	4304595	0
19	4304596	4323831	2
19	4323832	4324038	0
19	4324039	4338872	1
19	4338873	4343522	0
19	4343523	4360081	2
19	4360082	4360365	0
19	4360366	4400542	1
19	4400543	4402657	0
19	4402658	4444994	2
19	4444995	4445013	3
19	4445014	4457817	1
19	4457818	4472282	0
19	4472283	4502202	2
19	4502203	4502221	3
19	4502222	4517714	1
19	4517715	4522541	0
19	4522542	4535234	1
19	4535235	4536419	0
19	4536420	4540484	1
19	4540485	4542598	0
19	4542599	4559818	1
19	4559819	4639528	0
19	4639529	4641384	2
19	4641385	4655578	3
19	4655579	4670380	1
19	4670381	4675234	0
19	4675235	4724683	1
19	4724684	4791726	0
19	4791727	4795569	2
19	4795570	4815942	0
19	4815943	4831714	1
19	4831715	4838351	0
19	4838352	4867778	1
19	4867779	4890447	0
19	4890448	4902877	1
19	4902878	4969123	0
19	4969124	5153604	2
19	5153605	5205517	0
19	5205518	5340812	1
19	5340813	5455424	0
19	5455425	5456865	2
19	5456866	5587008	0
19	5587009	5623108	1
19	5623109	5624055	3
19	5624056	5668487	2
19	5668488	5674956	0
19	5674957	5678431	2
19	5678432	5680261	3
19	5680262	5691843	2
19	5691844	5691885	3
19	5691886	5720581	1
19	5720582	5720686	0
19	5720687	5778743	2
19	5778744	5782969	0
19	5782970	5791247	1
19	5791248	5823811	0
19	5823812	5828333	2
19	5828334	5830619	0
19	5830620	5839740	1
19	5839741	5842897	0
19	5842898	5851483	1
19	5851484	5865835	0
19	5865836	5903796	1
19	5903797	5904867	0
19	5904868	5910862	2
19	5910863	5911716	0
19	5911717	5915886	2
19	5915887	5916148	0
19	5916149	5978151	1
19	5978152	5993173	0
19	5993174	6135256	1
19	6135257	6151806	3
19	6151807	6199538	1
19	6199539	6212964	0
19	6212965	6279957	1
19	6279958	6306151	0
19	6306152	6333638	1
19	6333639	6361461	0
19	6361462	6368917	2
19	6368918	6372442	0
19	6372443	6375040	2
19	6375041	6375157	0
19	6375158	6379067	1
19	6379068	6379578	0
19	6379579	6393990	1
19	6393991	6413357	0
19	6413358	6424803	1
19	6424804	6426048	0
19	6426049	6433771	1
19	6433772	6436088	0
19	6436089	6463786	1
19	6463787	6465212	3
19	6465213	6467216	2
19	6467217	6467230	3
19	6467231	6482566	1
19	6482567	6494328	0
19	6494329	6502857	1
19	6502858	6531008	0
19	6531009	6535929	2
19	6535930	6583192	0
19	6583193	6604112	1
19	6604113	6663146	0
19	6663147	6670597	1
19	6670598	6677713	0
19	6677714	6737612	1
19	6737613	6737934	0
19	6737935	6751535	2
19	6751536	6752174	0
19	6752175	6767597	1
19	6767598	6772723	0
19	6772724	6857375	2
19	6857376	6887575	0
19	6887576	6940468	2
19	6940469	7011512	0
19	7011513	7013336	2
19	7013337	7030587	0
19	7030588	7033020	2
19	7033021	7037757	0
19	7037758	7040188	1
19	7040189	7049330	0
19	7049331	7051744	2
19	7051745	7056218	0
19	7056219	7058649	1
19	7058650	7069453	0
19	7069454	7087977	2
19	7087978	7112264	0
19	7112265	7294043	1
19	7294044	7413846	0
19	7413847	7537361	2
19	7537362	7541759	0
19	7541760	7557860	1
19	7557861	7562333	3
19	7562334	7585910	2
19	7585911	7587510	0
19	7587511	7626648	2
19	7626649	7660786	0
19	7660787	7683188	2
19	7683189	7684409	0
19	7684410	7694449	1
19	7694450	7694621	0
19	7694622	7696495	2
19	7696496	7696840	3
19	7696841	7698632	1
19	7698633	7701765	0
19	7701766	7712757	2
19	7712758	7733928	0
19	7733929	7735332	2
19	7735333	7741512	0
19	7741513	7747742	2
19	7747743	7753642	0
19	7753643	7767030	1
19	7767031	7793841	0
19	7793842	7798790	1
19	7798791	7804877	0
19	7804878	7812462	1
19	7812463	7828033	0
19	7828034	7834489	2
19	7834490	7895117	0
19	7895118	7929860	2
19	7929861	7933603	0
19	7933604	7939324	1
19	7939325	7953388	0
19	7953389	7963687	2
19	7963688	7966899	3
19	7966900	7968425	1
19	7968426	7968726	0
19	7968727	7979361	2
19	7979362	7981028	0
19	7981029	7983980	2
19	7983981	7985199	0
19	7985200	7988133	2
19	7988134	7989370	0
19	7989371	7991049	1
19	7991050	7991604	0
19	7991605	8008803	1
19	8008804	8023461	0
19	8023462	8070541	1
19	8070542	8117649	0
19	8117650	8127528	2
19	8127529	8130284	0
19	8130285	8214728	1
19	8214729	8271618	0
19	8271619	8327303	2
19	8327304	8367009	0
19	8367010	8373237	1
19	8373238	8376166	0
19	8376167	8386278	1
19	8386279	8386382	0
19	8386383	8387466	2
19	8387467	8388222	3
19	8388223	8408144	1
19	8408145	8428171	0
19	8428172	8439255	2
19	8439256	8454863	0
19	8454864	8469316	2
19	8469317	8478152	0
19	8478153	8503899	2
19	8503900	8509649	0
19	8509650	8553996	2
19	8553997	8554938	0
19	8554939	8567994	1
19	8567995	8575460	0
19	8575461	8579042	1
19	8579043	8585672	0
19	8585673	8642459	1
19	8642460	8645124	0
19	8645125	8675583	1
19	8675584	8807749	0
19	8807750	8809170	1
19	8809171	8841314	0
19	8841315	8842369	2
19	8842370	8920378	0
19	8920379	8943002	1
19	8943003	8943072	0
19	8943073	8954014	2
19	8954015	8959518	0
19	8959519	9092016	1
19	9092017	9203853	0
19	9203854	9204887	2
19	9204888	9212943	0
19	9212944	9213980	1
19	9213981	9225272	0
19	9225273	9226437	1
19	9226438	9236686	0
19	9236687	9237624	1
19	9237625	9251054	0
19	9251055	9274098	2
19	9274099	9296277	0
19	9296278	9299491	2
19	9299492	9324524	0
19	9324525	9325540	1
19	9325541	9361604	0
19	9361605	9362818	2
19	9362819	9404949	0
19	9404950	9420247	1
19	9420248	9434446	0
19	9434447	9493291	2
19	9493292	9523270	0
19	9523271	9546232	1
19	9546233	9577181	0
19	9577182	9609281	1
19	9609282	9638665	0
19	9638666	9649301	1
19	9649302	9676402	0
19	9676403	9695207	1
19	9695208	9718006	0
19	9718007	9732073	1
19	9732074	9732179	0
19	9732180	9756163	2
19	9756164	9759328	0
19	9759329	9785774	1
19	9785775	9800598	0
19	9800599	9811450	1
19	9811451	9862814	0
19	9862815	9903771	1
19	9903772	9920941	0
19	9920942	9938490	1
19	9938491	9938566	0
19	9938567	9940789	2
19	9940790	9945997	0
19	9945998	9960356	2
19	9960357	9964392	0
19	9964393	10047226	1
19	10047227	10070235	0
19	10070236	10121145	1
19	10121146	10123923	0
19	10123924	10132953	2
19	10132954	10196804	0
19	10196805	10203012	2
19	10203013	10203919	3
19	10203920	10213470	1
19	10213471	10216897	0
19	10216898	10225691	2
19	10225692	10226046	3
19	10226047	10230576	1
19	10230577	10244020	0
19	10244021	10341960	1
19	10341961	10362575	0
19	10362576	10370719	2
19	10370720	10381509	0
19	10381510	10397289	2
19	10397290	10397641	0
19	10397642	10399196	2
19	10399197	10400655	0
19	10400656	10407452	2
19	10407453	10415477	0
19	10415478	10426689	1
19	10426690	10426886	0
19	10426887	10444314	1
19	10444315	10444450	0
19	10444451	10450497	1
19	10450498	10461207	0
19	10461208	10491350	1
19	10491351	10501808	0
19	10501809	10527447	1
19	10527448	10530795	3
19	10530796	10580303	2
19	10580304	10596794	0
19	10596795	10614415	1
19	10614416	10623621	0
19	10623622	10628605	1
19	10628606	10654592	0
19	10654593	10663759	2
19	10663760	10664092	3
19	10664093	10676711	1
19	10676712	10677136	0
19	10677137	10679733	1
19	10679734	10683345	0
19	10683346	10697989	1
19	10697990	10713131	0
19	10713132	10755233	2
19	10755234	10764935	0
19	10764936	10803091	2
19	10803092	10812125	0
19	10812126	10824039	2
19	10824040	10828753	0
19	10828754	10943112	2
19	10943113	10944162	3
19	10944163	10946992	1
19	10946993	10947249	0
19	10947250	10980464	2
19	10980465	10982187	0
19	10982188	11033442	2
19	11033443	11033446	3
19	11033447	11039355	1
19	11039356	11039407	0
19	11039408	11040928	2
19	11040929	11071596	0
19	11071597	11176069	2
19	11176070	11200036	0
19	11200037	11242194	2
19	11242195	11242837	3
19	11242838	11244490	2
19	11244491	11266482	1
19	11266483	11274941	0
19	11274942	11308241	1
19	11308242	11309969	0
19	11309970	11348176	1
19	11348177	11352492	3
19	11352493	11373126	1
19	11373127	11406822	0
19	11406823	11432720	2
19	11432721	11437670	3
19	11437671	11455975	1
19	11455976	11456944	3
19	11456945	11457179	1
19	11457180	11457192	3
19	11457193	11465618	2
19	11465619	11466060	0
19	11466061	11476372	2
19	11476373	11485359	0
19	11485360	11487625	2
19	11487626	11488234	0
19	11488235	11494986	1
19	11494987	11504731	0
19	11504732	11530016	1
19	11530017	11531270	0
19	11531271	11546107	1
19	11546108	11546601	3
19	11546602	11561781	2
19	11561782	11562139	0
19	11562140	11591846	1
19	11591847	11594240	0
19	11594241	11639987	1
19	11639988	11649530	0
19	11649531	11661136	2
19	11661137	11661960	0
19	11661961	11670049	1
19	11670050	11670261	0
19	11670262	11685473	2
19	11685474	11689798	3
19	11689799	11729948	2
19	11729949	11832078	0
19	11832079	11849822	1
19	11849823	11877905	0
19	11877906	11894891	2
19	11894892	11909343	0
19	11909344	11918906	2
19	11918907	11925097	0
19	11925098	11946014	2
19	11946015	11959574	0
19	11959575	11980304	2
19	11980305	11998597	0
19	11998598	12025142	2
19	12025143	12035881	0
19	12035882	12091194	2
19	12091195	12125545	0
19	12125546	12146554	1
19	12146555	12154618	0
19	12154619	12167125	1
19	12167126	12175512	0
19	12175513	12192378	2
19	12192379	12203076	0
19	12203077	12203656	2
19	12203657	12225489	3
19	12225490	12225664	2
19	12225665	12267544	1
19	12267545	12273877	0
19	12273878	12300062	2
19	12300063	12358090	0
19	12358091	12361616	1
19	12361617	12382625	0
19	12382626	12405700	1
19	12405701	12428289	0
19	12428290	12444532	1
19	12444533	12460183	0
19	12460184	12476717	1
19	12476718	12500828	0
19	12500829	12551924	1
19	12551925	12571996	0
19	12571997	12662354	1
19	12662355	12688773	0
19	12688774	12721615	1
19	12721616	12721730	0
19	12721731	12742733	2
19	12742734	12757325	0
19	12757326	12777612	1
19	12777613	12780209	3
19	12780210	12786529	2
19	12786530	12786644	3
19	12786645	12792714	1
19	12792715	12799119	0
19	12799120	12807455	1
19	12807456	12810006	0
19	12810007	12834823	1
19	12834824	12841452	0
19	12841453	12845587	1
19	12845588	12847951	0
19	12847952	12859135	2
19	12859136	12862514	0
19	12862515	12869270	2
19	12869271	12873815	0
19	12873816	12889269	1
19	12889270	12902308	0
19	12902309	12904122	2
19	12904123	12907632	0
19	12907633	12912692	1
19	12912693	12917392	0
19	12917393	12924449	2
19	12924450	12936290	0
19	12936291	12944763	1
19	12944764	12945388	3
19	12945389	12946240	1
19	12946241	12985763	2
19	12985764	12986023	0
19	12986024	12992280	1
19	12992281	12995235	0
19	12995236	12997993	1
19	12997994	13001838	0
19	13001839	13009598	2
19	13009599	13010781	3
19	13010782	13025019	2
19	13025020	13030088	1
19	13030089	13033291	0
19	13033292	13044849	1
19	13044850	13049419	0
19	13049420	13055301	2
19	13055302	13056667	0
19	13056668	13064454	2
19	13064455	13064970	0
19	13064971	13068048	1
19	13068049	13075971	0
19	13075972	13085565	2
19	13085566	13106420	0
19	13106421	13209608	2
19	13209609	13209845	0
19	13209846	13213973	1
19	13213974	13215714	0
19	13215715	13228379	1
19	13228380	13228915	0
19	13228916	13251953	2
19	13251954	13254870	0
19	13254871	13261195	1
19	13261196	13261227	0
19	13261228	13265720	2
19	13265721	13317254	0
19	13317255	13734802	1
19	13734803	13842572	0
19	13842573	13874108	2
19	13874109	13875344	0
19	13875345	13889274	2
19	13889275	13890882	0
19	13890883	13900970	1
19	13900971	13906272	0
19	13906273	13943042	2
19	13943043	13988059	0
19	13988060	13991569	2
19	13991570	13993159	0
19	13993160	14017012	1
19	14017013	14017263	3
19	14017264	14041690	2
19	14041691	14041998	0
19	14041999	14063302	1
19	14063303	14064191	3
19	14064192	14064202	1
19	14064203	14072252	2
19	14072253	14072348	0
19	14072349	14117095	1
19	14117096	14138958	0
19	14138959	14141852	2
19	14141853	14142558	0
19	14142559	14163741	2
19	14163742	14164175	0
19	14164176	14169969	1
19	14169970	14183346	0
19	14183347	14185872	2
19	14185873	14192429	0
19	14192430	14196599	1
19	14196600	14198650	0
19	14198651	14201846	1
19	14201847	14202498	0
19	14202499	14228894	1
19	14228895	14230319	0
19	14230320	14247766	1
19	14247767	14260748	0
19	14260749	14316997	1
19	14316998	14491966	0
19	14491967	14519535	2
19	14519536	14519661	0
19	14519662	14530177	1
19	14530178	14543863	0
19	14543864	14582676	2
19	14582677	14583276	0
19	14583277	14586172	1
19	14586173	14588570	0
19	14588571	14606942	1
19	14606943	14625580	0
19	14625581	14640370	1
19	14640371	14640580	3
19	14640581	14676790	2
19	14676791	14676888	0
19	14676889	14682872	1
19	14682873	14693894	0
19	14693895	14721967	2
19	14721968	14729927	0
19	14729928	14800709	1
19	14800710	14800837	3
19	14800838	14843203	2
19	14843204	14844556	3
19	14844557	14889351	1
19	14889352	14909956	0
19	14909957	14911021	1
19	14911022	14938081	0
19	14938082	14945958	1
19	14945959	14951758	0
19	14951759	14952687	1
19	14952688	14991136	0
19	14991137	14992262	1
19	14992263	15052299	0
19	15052300	15053258	2
19	15053259	15060844	0
19	15060845	15121554	1
19	15121555	15133800	3
19	15133801	15134079	2
19	15134080	15160193	0
19	15160194	15169102	2
19	15169103	15197789	0
19	15197790	15199030	2
19	15199031	15218212	0
19	15218213	15225796	2
19	15225797	15225797	3
19	15225798	15236594	1
19	15236595	15270442	0
19	15270443	15311790	1
19	15311791	15337728	0
19	15337729	15344244	1
19	15344245	15347645	0
19	15347646	15443354	1
19	15443355	15464194	0
19	15464195	15490601	1
19	15490602	15490857	0
19	15490858	15529950	1
19	15529951	15532317	0
19	15532318	15560760	1
19	15560761	15562433	0
19	15562434	15575380	1
19	15575381	15579454	0
19	15579455	15609765	1
19	15609766	15619302	0
19	15619303	15663126	2
19	15663127	15751705	0
19	15751706	15773633	2
19	15773634	15783565	0
19	15783566	15807982	2
19	15807983	15838832	0
19	15838833	15839860	2
19	15839861	15852201	0
19	15852202	15853151	2
19	15853152	15904759	0
19	15904760	15905890	2
19	15905891	15917815	0
19	15917816	15918934	1
19	15918935	15988831	0
19	15988832	16008928	1
19	16008929	16023175	0
19	16023176	16045675	1
19	16045676	16059816	0
19	16059817	16060766	2
19	16060767	16177829	0
19	16177830	16213811	2
19	16213812	16222437	0
19	16222438	16269384	2
19	16269385	16272177	0
19	16272178	16284334	1
19	16284335	16296189	0
19	16296190	16302855	2
19	16302856	16308387	0
19	16308388	16346158	2
19	16346159	16435626	0
19	16435627	16438683	2
19	16438684	16466048	0
19	16466049	16582894	1
19	16582895	16589866	0
19	16589867	16607001	1
19	16607002	16607120	0
19	16607121	16628698	2
19	16628699	16632159	3
19	16632160	16653339	1
19	16653340	16660640	0
19	16660641	16683191	1
19	16683192	16685728	0
19	16685729	16770966	1
19	16770967	16771936	0
19	16771937	16800838	2
19	16800839	16830789	0
19	16830790	16928772	2
19	16928773	16940209	0
19	16940210	16991162	2
19	16991163	16999669	0
19	16999670	17003415	2
19	17003416	17003756	0
19	17003757	17137623	1
19	17137624	17160537	0
19	17160538	17186433	1
19	17186434	17186589	0
19	17186590	17325344	2
19	17325345	17326153	0
19	17326154	17330636	2
19	17330637	17337011	0
19	17337012	17340026	2
19	17340027	17342690	0
19	17342691	17378157	1
19	17378158	17390144	3
19	17390145	17392452	1
19	17392453	17393593	3
19	17393594	17398453	2
19	17398454	17402938	0
19	17402939	17403416	1
19	17403417	17414280	3
19	17414281	17417462	2
19	17417463	17420338	1
19	17420339	17421043	3
19	17421044	17434030	2
19	17434031	17434108	3
19	17434109	17445636	1
19	17445637	17445727	0
19	17445728	17453542	2
19	17453543	17462255	0
19	17462256	17488157	1
19	17488158	17513746	0
19	17513747	17516455	1
19	17516456	17516529	0
19	17516530	17544531	2
19	17544532	17546316	0
19	17546317	17571761	1
19	17571762	17579576	0
19	17579577	17616975	2
19	17616976	17622436	0
19	17622437	17632095	2
19	17632096	17634108	0
19	17634109	17664646	2
19	17664647	17666401	0
19	17666402	17693966	2
19	17693967	17712135	0
19	17712136	17799399	1
19	17799400	17830049	0
19	17830050	17845323	2
19	17845324	17858525	0
19	17858526	17899375	2
19	17899376	17905635	0
19	17905636	17923889	2
19	17923890	17927319	0
19	17927320	17932381	1
19	17932382	17935593	0
19	17935594	17958839	1
19	17958840	17970683	0
19	17970684	17974960	2
19	17974961	17982780	0
19	17982781	18005981	2
19	18005982	18043823	0
19	18043824	18054798	2
19	18054799	18062100	0
19	18062101	18110887	2
19	18110888	18111939	0
19	18111940	18124909	2
19	18124910	18169803	0
19	18169804	18208601	1
19	18208602	18209752	3
19	18209753	18262500	2
19	18262501	18263926	0
19	18263927	18281348	2
19	18281349	18283970	0
19	18283971	18288925	2
19	18288926	18303990	0
19	18303991	18307550	2
19	18307551	18307592	0
19	18307593	18314882	1
19	18314883	18318769	0
19	18318770	18366227	1
19	18366228	18367906	0
19	18367907	18385317	1
19	18385318	18390561	0
19	18390562	18392430	1
19	18392431	18417038	0
19	18417039	18434082	1
19	18434083	18451395	0
19	18451396	18480758	2
19	18480759	18485539	0
19	18485540	18499984	2
19	18499985	18501952	0
19	18501953	18508425	1
19	18508426	18529672	0
19	18529673	18545196	2
19	18545197	18545370	3
19	18545371	18549109	1
19	18549110	18553471	0
19	18553472	18632935	1
19	18632936	18642559	0
19	18642560	18654885	1
19	18654886	18668570	0
19	18668571	18680195	2
19	18680196	18682538	0
19	18682539	18688358	2
19	18688359	18699533	0
19	18699534	18703144	2
19	18703145	18704045	0
19	18704046	18717658	1
19	18717659	18718238	0
19	18718239	18731847	2
19	18731848	18747773	0
19	18747774	18781307	2
19	18781308	18794485	0
19	18794486	18893002	2
19	18893003	18893581	0
19	18893582	18902121	1
19	18902122	18942745	0
19	18942746	18979043	2
19	18979044	18979359	0
19	18979360	19007534	1
19	19007535	19010321	0
19	19010322	19030204	1
19	19030205	19030482	0
19	19030483	19039434	2
19	19039435	19040008	0
19	19040009	19052068	1
19	19052069	19101700	0
19	19101701	19144382	1
19	19144383	19144830	3
19	19144831	19170561	2
19	19170562	19174806	0
19	19174807	19223695	2
19	19223696	19229976	0
19	19229977	19249320	1
19	19249321	19256374	0
19	19256375	19303006	1
19	19303007	19303398	3
19	19303399	19312223	2
19	19312224	19312676	3
19	19312677	19314231	1
19	19314232	19322780	0
19	19322781	19363040	2
19	19363041	19366448	0
19	19366449	19373603	1
19	19373604	19375173	0
19	19375174	19384095	1
19	19384096	19387318	0
19	19387319	19431488	1
19	19431489	19431651	3
19	19431652	19469561	2
19	19469562	19496633	0
19	19496634	19619738	2
19	19619739	19623228	0
19	19623229	19626562	1
19	19626563	19626836	3
19	19626837	19648388	2
19	19648389	19649055	0
19	19649056	19657466	2
19	19657467	19672520	0
19	19672521	19729723	1
19	19729724	19734475	0
19	19734476	19739737	1
19	19739738	19740283	0
19	19740284	19754474	1
19	19754475	19756007	0
19	19756008	19774500	1
19	19774501	19779603	0
19	19779604	19794313	2
19	19794314	19821278	0
19	19821279	19843904	1
19	19843905	19897194	0
19	19897195	19932558	1
19	19932559	19976693	0
19	19976694	20005481	2
19	20005482	20011735	0
19	20011736	20046382	2
19	20046383	20047767	0
19	20047768	20048637	1
19	20048638	20107865	0
19	20107866	20150313	1
19	20150314	20188828	0
19	20188829	20230559	2
19	20230560	20278035	0
19	20278036	20311297	2
19	20311298	20718629	0
19	20718630	20748613	1
19	20748614	20802865	0
19	20802866	20844400	1
19	20844401	20959108	0
19	20959109	20991920	2
19	20991921	21106026	0
19	21106027	21133501	2
19	21133502	21203424	0
19	21203425	21242854	2
19	21242855	21264963	0
19	21264964	21308071	2
19	21308072	21324825	0
19	21324826	21373032	2
19	21373033	21473960	0
19	21473961	21512210	1
19	21512211	21541730	0
19	21541731	21562102	2
19	21562103	21579919	0
19	21579920	21610373	2
19	21610374	21688364	0
19	21688365	21739070	2
19	21739071	21905566	0
19	21905567	21950428	1
19	21950429	21987750	0
19	21987751	22034925	1
19	22034926	22115758	0
19	22115759	22193749	1
19	22193750	22235284	0
19	22235285	22274280	2
19	22274281	22361891	0
19	22361892	22379751	1
19	22379752	22469208	0
19	22469209	22499976	2
19	22499977	22573819	0
19	22573820	22715285	1
19	22715286	22817124	0
19	22817125	22850470	2
19	22850471	22939005	0
19	22939006	22966907	1
19	22966908	23158268	0
19	23158269	23185976	1
19	23185977	23258010	0
19	23258011	23330019	2
19	23330020	23404399	0
19	23404400	23433190	1
19	23433191	23521549	0
19	23521550	23578360	1
19	23578361	23708431	0
19	23708432	23870020	1
19	23870021	23921995	0
19	23921996	23941691	1
19	23941692	23945805	0
19	23945806	24010935	2
19	24010936	24097676	0
19	24097677	24127959	2
19	24127960	24216274	0
19	24216275	24312652	2
19	24312653	29698171	0
19	29698172	29704446	1
19	29704447	30017404	0
19	30017405	30055384	2
19	30055385	30094922	0
19	30094923	30108142	2
19	30108143	30155961	0
19	30155962	30166362	2
19	30166363	30191719	0
19	30191720	30206159	1
19	30206160	30302803	0
19	30302804	30315213	2
19	30315214	30414549	0
19	30414550	30506609	2
19	30506610	30719419	0
19	30719420	31204443	2
19	31204444	31640360	0
19	31640361	31640755	2
19	31640756	31765849	0
19	31765850	31840451	1
19	31840452	32836498	0
19	32836499	32878571	2
19	32878572	32895913	0
19	32895914	32976799	2
19	32976800	33071972	0
19	33071973	33078356	2
19	33078357	33087911	0
19	33087912	33166311	1
19	33166312	33167501	3
19	33167502	33169204	2
19	33169205	33182865	0
19	33182866	33204700	2
19	33204701	33210657	0
19	33210658	33312167	2
19	33312168	33321413	0
19	33321414	33360670	1
19	33360671	33369900	0
19	33369901	33462867	1
19	33462868	33463125	0
19	33463126	33469126	2
19	33469127	33469497	0
19	33469498	33555792	1
19	33555793	33571784	0
19	33571785	33621446	2
19	33621447	33622994	0
19	33622995	33666699	2
19	33666700	33668507	0
19	33668508	33698692	2
19	33698693	33699568	0
19	33699569	33716754	1
19	33716755	33790838	0
19	33790839	33793468	1
19	33793469	33864234	0
19	33864235	33873590	2
19	33873591	33877854	0
19	33877855	34012698	1
19	34012699	34112859	0
19	34112860	34264412	2
19	34264413	34286836	0
19	34286837	34306666	2
19	34306667	34663428	0
19	34663429	34720418	2
19	34720419	34745440	0
19	34745441	34846489	2
19	34846490	34850383	0
19	34850384	34917071	2
19	34917072	34919266	0
19	34919267	34960851	2
19	34960852	34971872	0
19	34971873	34997256	2
19	34997257	35084345	0
19	35084346	35166602	1
19	35166603	35168550	0
19	35168551	35177300	2
19	35177301	35225058	0
19	35225059	35233775	2
19	35233776	35248979	0
19	35248980	35264132	1
19	35264133	35417805	0
19	35417806	35436072	2
19	35436073	35447256	0
19	35447257	35454951	1
19	35454952	35485686	0
19	35485687	35517373	2
19	35517374	35521586	0
19	35521587	35531350	2
19	35531351	35531408	0
19	35531409	35557473	2
19	35557474	35596871	0
19	35596872	35598139	2
19	35598140	35606730	0
19	35606731	35615226	2
19	35615227	35615415	0
19	35615416	35626102	1
19	35626103	35629710	0
19	35629711	35634011	2
19	35634012	35634152	0
19	35634153	35645202	2
19	35645203	35645631	0
19	35645632	35660784	2
19	35660785	35715701	0
19	35715702	35719630	1
19	35719631	35739293	0
19	35739294	35758865	2
19	35758866	35759879	0
19	35759880	35770716	2
19	35770717	35771617	0
19	35771618	35776044	2
19	35776045	35783026	0
19	35783027	35804705	2
19	35804706	35810162	0
19	35810163	35838256	2
19	35838257	35842443	0
19	35842444	35843365	2
19	35843366	35849360	0
19	35849361	35851385	2
19	35851386	35861829	0
19	35861830	35863853	2
19	35863854	35939201	0
19	35939202	35942667	2
19	35942668	35978224	0
19	35978225	35981431	1
19	35981432	35988120	0
19	35988121	36004558	1
19	36004559	36014267	0
19	36014268	36019251	1
19	36019252	36024312	0
19	36024313	36036216	2
19	36036217	36036495	0
19	36036496	36038426	2
19	36038427	36040943	0
19	36040944	36054558	1
19	36054559	36103670	0
19	36103671	36116249	2
19	36116250	36119930	0
19	36119931	36128586	2
19	36128587	36132645	0
19	36132646	36135771	2
19	36135772	36139123	0
19	36139124	36149761	2
19	36149762	36157713	0
19	36157714	36169365	2
19	36169366	36195427	0
19	36195428	36207938	2
19	36207939	36208919	0
19	36208920	36229777	2
19	36229778	36230056	0
19	36230057	36233352	1
19	36233353	36233431	0
19	36233432	36236013	1
19	36236014	36236304	3
19	36236305	36236344	1
19	36236345	36237909	2
19	36237910	36239260	0
19	36239261	36245418	2
19	36245419	36245467	0
19	36245468	36248978	1
19	36248979	36249042	0
19	36249043	36260088	2
19	36260089	36266415	0
19	36266416	36279722	2
19	36279723	36290890	0
19	36290891	36304199	1
19	36304200	36316864	0
19	36316865	36342738	1
19	36342739	36346761	0
19	36346762	36358009	2
19	36358010	36358799	0
19	36358800	36370688	2
19	36370689	36379141	0
19	36379142	36393203	1
19	36393204	36393380	0
19	36393381	36395277	2
19	36395278	36395301	0
19	36395302	36399195	1
19	36399196	36426450	0
19	36426451	36436667	2
19	36436668	36486088	0
19	36486089	36487218	2
19	36487219	36494210	0
19	36494211	36499693	1
19	36499694	36500024	0
19	36500025	36505139	1
19	36505140	36505560	0
19	36505561	36524243	1
19	36524244	36525885	0
19	36525886	36545662	1
19	36545663	36545781	0
19	36545782	36596003	2
19	36596004	36602102	0
19	36602103	36604610	2
19	36604611	36604611	3
19	36604612	36605886	1
19	36605887	36606246	3
19	36606247	36616847	2
19	36616848	36630475	0
19	36630476	36641252	2
19	36641253	36641822	0
19	36641823	36643769	1
19	36643770	36673186	0
19	36673187	36705502	1
19	36705503	36705564	3
19	36705565	36706033	1
19	36706034	36729674	3
19	36729675	36737157	1
19	36737158	36827160	0
19	36827161	36870099	1
19	36870100	36874020	0
19	36874021	36909556	1
19	36909557	36936019	0
19	36936020	36980761	1
19	36980762	37001595	0
19	37001596	37019560	1
19	37019561	37025674	0
19	37025675	37095717	1
19	37095718	37096176	3
19	37096177	37119497	2
19	37119498	37128889	0
19	37128890	37157741	1
19	37157742	37178528	0
19	37178529	37205283	2
19	37205284	37212227	3
19	37212228	37214247	2
19	37214248	37263725	1
19	37263726	37264053	0
19	37264054	37267978	2
19	37267979	37308328	0
19	37308329	37341261	1
19	37341262	37341687	3
19	37341688	37379024	2
19	37379025	37383830	3
19	37383831	37383934	2
19	37383935	37407191	1
19	37407192	37407229	0
19	37407230	37488832	2
19	37488833	37498757	0
19	37498758	37583919	2
19	37583920	37618342	3
19	37618343	37621211	2
19	37621212	37701449	1
19	37701450	37709090	0
19	37709091	37734826	2
19	37734827	37803737	0
19	37803738	37860265	2
19	37860266	37862059	0
19	37862060	37883794	2
19	37883795	37902055	0
19	37902056	37958672	1
19	37958673	37960170	3
19	37960171	37976258	2
19	37976259	37997839	0
19	37997840	38034235	2
19	38034236	38042306	0
19	38042307	38045682	2
19	38045683	38085654	3
19	38085655	38104648	2
19	38104649	38104994	3
19	38104995	38104996	2
19	38104997	38183236	1
19	38183237	38187262	0
19	38187263	38210689	1
19	38210690	38229186	0
19	38229187	38307938	1
19	38307939	38375461	0
19	38375462	38397315	1
19	38397316	38397866	0
19	38397867	38699010	2
19	38699011	38701644	0
19	38701645	38720352	1
19	38720353	38734673	0
19	38734674	38741875	2
19	38741876	38743895	3
19	38743896	38795647	2
19	38795648	38795751	0
19	38795752	38807911	1
19	38807912	38810482	0
19	38810483	38819658	2
19	38819659	38826413	0
19	38826414	38861587	2
19	38861588	38865174	0
19	38865175	38874462	2
19	38874463	38874903	0
19	38874904	38878720	1
19	38878721	38879059	0
19	38879060	38886879	2
19	38886880	38893773	0
19	38893774	38899693	2
19	38899694	38899722	3
19	38899723	38916943	1
19	38916944	38924337	0
19	38924338	39078202	2
19	39078203	39078279	0
19	39078280	39109520	1
19	39109521	39109733	0
19	39109734	39127593	2
19	39127594	39138308	0
19	39138309	39220912	2
19	39220913	39222221	3
19	39222222	39260542	1
19	39260543	39261609	0
19	39261610	39264130	1
19	39264131	39279849	0
19	39279850	39282387	2
19	39282388	39292317	0
19	39292318	39304002	1
19	39304003	39306060	0
19	39306061	39342976	1
19	39342977	39358468	0
19	39358469	39368917	1
19	39368918	39369195	0
19	39369196	39390338	1
19	39390339	39390461	3
19	39390462	39390500	1
19	39390501	39399529	2
19	39399530	39399618	0
19	39399619	39402796	1
19	39402797	39405904	0
19	39405905	39421186	1
19	39421187	39421534	3
19	39421535	39421592	1
19	39421593	39423800	3
19	39423801	39466548	1
19	39466549	39481352	0
19	39481353	39523423	1
19	39523424	39574943	0
19	39574944	39602131	2
19	39602132	39616408	0
19	39616409	39673454	2
19	39673455	39687599	0
19	39687600	39692522	2
19	39692523	39693469	0
19	39693470	39694904	1
19	39694905	39734244	0
19	39734245	39735644	1
19	39735645	39759152	0
19	39759153	39760730	2
19	39760731	39786963	0
19	39786964	39789311	2
19	39789312	39797206	0
19	39797207	39805974	1
19	39805975	39818991	0
19	39818992	39833010	1
19	39833011	39833034	0
19	39833035	39876348	2
19	39876349	39876490	0
19	39876491	39881833	1
19	39881834	39881949	0
19	39881950	39891275	2
19	39891276	39897451	0
19	39897452	39900050	2
19	39900051	39903223	0
19	39903224	39919052	2
19	39919053	39923845	0
19	39923846	39926586	1
19	39926587	39926794	0
19	39926795	39967308	2
19	39967309	39971050	0
19	39971051	39980757	2
19	39980758	39989533	0
19	39989534	39999119	2
19	39999120	40005751	0
19	40005752	40011324	2
19	40011325	40021628	0
19	40021629	40023492	1
19	40023493	40028888	0
19	40028889	40030868	1
19	40030869	40093162	0
19	40093163	40098114	2
19	40098115	40146532	0
19	40146533	40151285	2
19	40151286	40194944	0
19	40194945	40200082	2
19	40200083	40221888	0
19	40221889	40228666	1
19	40228667	40267233	0
19	40267234	40276773	2
19	40276774	40315988	0
19	40315989	40324839	1
19	40324840	40325096	0
19	40325097	40337052	1
19	40337053	40353961	0
19	40353962	40440531	1
19	40440532	40476910	0
19	40476911	40487346	2
19	40487347	40502941	0
19	40502942	40523512	2
19	40523513	40534165	0
19	40534166	40562114	1
19	40562115	40575057	0
19	40575058	40596843	1
19	40596844	40697649	0
19	40697650	40721480	2
19	40721481	40721963	0
19	40721964	40724304	1
19	40724305	40728113	0
19	40728114	40732595	1
19	40732596	40736222	0
19	40736223	40791441	1
19	40791442	40825441	0
19	40825442	40854361	1
19	40854362	40854432	3
19	40854433	40884388	2
19	40884389	40885176	0
19	40885177	40896092	1
19	40896093	40899673	0
19	40899674	40919271	1
19	40919272	40927497	0
19	40927498	40931930	1
19	40931931	40946749	0
19	40946750	40950610	1
19	40950611	40953694	0
19	40953695	40971745	1
19	40971746	40972146	0
19	40972147	41082368	2
19	41082369	41082755	0
19	41082756	41097303	2
19	41097304	41099070	0
19	41099071	41135723	2
19	41135724	41172594	0
19	41172595	41196875	1
19	41196876	41197432	0
19	41197433	41223006	1
19	41223007	41224110	3
19	41224111	41246759	2
19	41246760	41246763	3
19	41246764	41256406	1
19	41256407	41256540	0
19	41256541	41271292	2
19	41271293	41277551	0
19	41277552	41283393	2
19	41283394	41284119	0
19	41284120	41302845	2
19	41302846	41304899	0
19	41304900	41314336	2
19	41314337	41349441	0
19	41349442	41356350	1
19	41356351	41381342	0
19	41381343	41388655	1
19	41388656	41497202	0
19	41497203	41524301	2
19	41524302	41594375	0
19	41594376	41602098	2
19	41602099	41620335	0
19	41620336	41634269	2
19	41634270	41698952	0
19	41698953	41713442	2
19	41713443	41725106	0
19	41725107	41767669	2
19	41767670	41768399	0
19	41768400	41807490	2
19	41807491	41813501	3
19	41813502	41816092	1
19	41816093	41830786	3
19	41830787	41856814	1
19	41856815	41859814	3
19	41859815	41860324	2
19	41860325	41870076	3
19	41870077	41892277	2
19	41892278	41903382	3
19	41903383	41930908	2
19	41930909	41931262	0
19	41931263	41934633	1
19	41934634	41937221	0
19	41937222	41946620	1
19	41946621	41949061	0
19	41949062	41950668	2
19	41950669	42055884	0
19	42055885	42093195	2
19	42093196	42125342	0
19	42125343	42133440	1
19	42133441	42177233	0
19	42177234	42192294	1
19	42192295	42212502	0
19	42212503	42276111	2
19	42276112	42300367	0
19	42300368	42315589	2
19	42315590	42341146	0
19	42341147	42348758	1
19	42348759	42349007	0
19	42349008	42356399	2
19	42356400	42363986	0
19	42363987	42376992	2
19	42376993	42381188	0
19	42381189	42385437	2
19	42385438	42387226	0
19	42387227	42434300	2
19	42434301	42460831	0
19	42460832	42463540	1
19	42463541	42470732	0
19	42470733	42501647	1
19	42501648	42502471	0
19	42502472	42572627	1
19	42572628	42573648	3
19	42573649	42585699	2
19	42585700	42590261	0
19	42590262	42636628	1
19	42636629	42702748	0
19	42702749	42724273	1
19	42724274	42724421	0
19	42724422	42732351	2
19	42732352	42734336	0
19	42734337	42746925	1
19	42746926	42749123	3
19	42749124	42759307	1
19	42759308	42772687	0
19	42772688	42799947	2
19	42799948	42801183	0
19	42801184	42806248	1
19	42806249	42806721	3
19	42806722	42807696	1
19	42807697	42814971	2
19	42814972	42817486	0
19	42817487	42829212	2
19	42829213	42829759	0
19	42829760	42882919	2
19	42882920	42891169	0
19	42891170	42894437	1
19	42894438	42905657	0
19	42905658	42931576	1
19	42931577	42932438	0
19	42932439	42947198	1
19	42947199	43011454	0
19	43011455	43065384	1
19	43065385	43084391	0
19	43084392	43099205	1
19	43099206	43225792	0
19	43225793	43244719	1
19	43244720	43256836	0
19	43256837	43359841	1
19	43359842	43370614	0
19	43370615	43383869	1
19	43383870	43406229	0
19	43406230	43423713	1
19	43423714	43511806	0
19	43511807	43530662	1
19	43530663	43568361	0
19	43568362	43586818	1
19	43586819	43670406	0
19	43670407	43690686	1
19	43690687	43696852	0
19	43696853	43709924	1
19	43709925	43715941	0
19	43715942	43773680	1
19	43773681	43905646	0
19	43905647	43922761	2
19	43922762	43964937	0
19	43964938	43969810	1
19	43969811	43979253	0
19	43979254	44009085	1
19	44009086	44010869	0
19	44010870	44029647	1
19	44029648	44031394	3
19	44031395	44040280	2
19	44040281	44047190	0
19	44047191	44081342	1
19	44081343	44084623	3
19	44084624	44084694	1
19	44084695	44086248	3
19	44086249	44100285	1
19	44100286	44100542	0
19	44100543	44111369	2
19	44111370	44118647	3
19	44118648	44124024	1
19	44124025	44126518	0
19	44126519	44143989	1
19	44143990	44150245	0
19	44150246	44174697	1
19	44174698	44220160	0
19	44220161	44224171	2
19	44224172	44235299	0
19	44235300	44259140	1
19	44259141	44270683	0
19	44270684	44285407	1
19	44285408	44300079	0
19	44300080	44331349	1
19	44331350	44331442	0
19	44331443	44353305	2
19	44353306	44376513	0
19	44376514	44388114	1
19	44388115	44416779	0
19	44416780	44439409	1
19	44439410	44455373	0
19	44455374	44471859	2
19	44471860	44472012	0
19	44472013	44502475	2
19	44502476	44507098	0
19	44507099	44518076	2
19	44518077	44529492	0
19	44529493	44537263	2
19	44537264	44556160	0
19	44556161	44572142	2
19	44572143	44576295	0
19	44576296	44593764	2
19	44593765	44598490	0
19	44598491	44612477	2
19	44612478	44616332	0
19	44616333	44637025	2
19	44637026	44645708	0
19	44645709	44663154	2
19	44663155	44669224	0
19	44669225	44682532	2
19	44682533	44716689	0
19	44716690	44740261	2
19	44740262	44741419	3
19	44741420	44754316	1
19	44754317	44778824	3
19	44778825	44809197	1
19	44809198	44830706	0
19	44830707	44905772	1
19	44905773	44930421	0
19	44930422	44952764	1
19	44952765	44979852	0
19	44979853	45004573	1
19	45004574	45116938	0
19	45116939	45140079	2
19	45140080	45147096	0
19	45147097	45187629	2
19	45187630	45202419	0
19	45202420	45213984	2
19	45213985	45251802	0
19	45251803	45263299	2
19	45263300	45281124	0
19	45281125	45303889	2
19	45303890	45312326	0
19	45312327	45324669	2
19	45324670	45349430	0
19	45349431	45392483	2
19	45392484	45393824	0
19	45393825	45406944	2
19	45406945	45409009	0
19	45409010	45412648	2
19	45412649	45417502	0
19	45417503	45422604	2
19	45422605	45445493	0
19	45445494	45452820	2
19	45452821	45453299	0
19	45453300	45457262	1
19	45457263	45457846	0
19	45457847	45496597	2
19	45496598	45504686	0
19	45504687	45541450	2
19	45541451	45542296	0
19	45542297	45574212	2
19	45574213	45574756	0
19	45574757	45579844	1
19	45579845	45582451	0
19	45582452	45653006	2
19	45653007	45663406	3
19	45663407	45666184	2
19	45666185	45681493	3
19	45681494	45715877	2
19	45715878	45735136	3
19	45735137	45808539	2
19	45808540	45809670	0
19	45809671	45826233	1
19	45826234	45836690	0
19	45836691	45853093	2
19	45853094	45853643	3
19	45853644	45854776	2
19	45854777	45874174	1
19	45874175	45882890	0
19	45882891	45909465	1
19	45909466	45909605	3
19	45909606	45910589	2
19	45910590	45914022	3
19	45914023	45971251	1
19	45971252	45978434	3
19	45978435	45982084	1
19	45982085	45988545	0
19	45988546	45992033	1
19	45992034	46000317	3
19	46000318	46005766	2
19	46005767	46009835	0
19	46009836	46030239	2
19	46030240	46030683	0
19	46030684	46105468	1
19	46105469	46110250	0
19	46110251	46144947	1
19	46144948	46146096	3
19	46146097	46148885	1
19	46148886	46171500	0
19	46171501	46186980	2
19	46186981	46190710	0
19	46190711	46195589	1
19	46195590	46195739	0
19	46195740	46207245	2
19	46207246	46213885	0
19	46213886	46234160	1
19	46234161	46236507	0
19	46236508	46267790	2
19	46267791	46268041	0
19	46268042	46272482	1
19	46272483	46272973	0
19	46272974	46296058	1
19	46296059	46298966	0
19	46298967	46318575	1
19	46318576	46318691	0
19	46318692	46366546	1
19	46366547	46367245	0
19	46367246	46377053	2
19	46377054	46386864	0
19	46386865	46389374	1
19	46389375	46393276	0
19	46393277	46405860	1
19	46405861	46416473	0
19	46416474	46418034	1
19	46418035	46436990	0
19	46436991	46476802	1
19	46476803	46498337	0
19	46498338	46521872	2
19	46521873	46522409	0
19	46522410	46526321	1
19	46526322	46543004	0
19	46543005	46580350	1
19	46580351	46623326	0
19	46623327	46627929	1
19	46627930	46651037	0
19	46651038	46664554	2
19	46664555	46733007	0
19	46733008	46734498	2
19	46734499	46800301	0
19	46800302	46846688	2
19	46846689	46850249	0
19	46850250	46894107	2
19	46894108	46913627	0
19	46913628	46916839	1
19	46916840	46969746	0
19	46969747	46974818	1
19	46974819	46984051	0
19	46984052	46997763	1
19	46997764	46999753	3
19	46999754	47104329	1
19	47104330	47104455	3
19	47104456	47114048	2
19	47114049	47123723	0
19	47123724	47128373	1
19	47128374	47137331	0
19	47137332	47137940	1
19	47137941	47150867	0
19	47150868	47164393	1
19	47164394	47177530	0
19	47177531	47220382	1
19	47220383	47222762	0
19	47222763	47249301	1
19	47249302	47249735	3
19	47249736	47250165	1
19	47250166	47250249	3
19	47250250	47261740	2
19	47261741	47278138	0
19	47278139	47291849	1
19	47291850	47341391	0
19	47341392	47354247	1
19	47354248	47421931	0
19	47421932	47508332	2
19	47508333	47523075	0
19	47523076	47549031	2
19	47549032	47549163	0
19	47549164	47551886	1
19	47551887	47567442	0
19	47567443	47616529	1
19	47616530	47617007	3
19	47617008	47713884	2
19	47713885	47724079	0
19	47724080	47736021	1
19	47736022	47759714	0
19	47759715	47775208	2
19	47775209	47778140	0
19	47778141	47778977	2
19	47778978	47800330	0
19	47800331	47825321	2
19	47825322	47835402	0
19	47835403	47846604	2
19	47846605	47852536	0
19	47852537	47885959	2
19	47885960	47906379	0
19	47906380	47922778	1
19	47922779	47931272	0
19	47931273	47975423	1
19	47975424	47978399	0
19	47978400	47987523	1
19	47987524	47990892	0
19	47990893	48018495	1
19	48018496	48023940	0
19	48023941	48059111	1
19	48059112	48111451	0
19	48111452	48206477	2
19	48206478	48216598	0
19	48216599	48246389	2
19	48246390	48248777	0
19	48248778	48260313	2
19	48260314	48281827	0
19	48281828	48287939	2
19	48287940	48304498	0
19	48304499	48322306	1
19	48322307	48322701	0
19	48322702	48364767	2
19	48364768	48373721	0
19	48373722	48389652	1
19	48389653	48471301	0
19	48471302	48495425	1
19	48495426	48497906	0
19	48497907	48528408	2
19	48528409	48533208	0
19	48533209	48547308	1
19	48547309	48551098	0
19	48551099	48614072	1
19	48614073	48618700	0
19	48618701	48673858	1
19	48673859	48673947	0
19	48673948	48706887	2
19	48706888	48753083	3
19	48753084	48790863	2
19	48790864	48799712	0
19	48799713	48823330	1
19	48823331	48824764	0
19	48824765	48833808	2
19	48833809	48835611	0
19	48835612	48867492	1
19	48867493	48867650	0
19	48867651	48879631	2
19	48879632	48885825	0
19	48885826	48894808	1
19	48894809	48898130	0
19	48898131	48948186	2
19	48948187	48949028	0
19	48949029	48985569	2
19	48985570	48988526	0
19	48988527	49016444	1
19	49016445	49055330	0
19	49055331	49102680	2
19	49102681	49104065	0
19	49104066	49109998	1
19	49109999	49110968	3
19	49110969	49118070	1
19	49118071	49118583	0
19	49118584	49122546	1
19	49122547	49122791	3
19	49122792	49133285	2
19	49133286	49133660	3
19	49133661	49133940	2
19	49133941	49133971	3
19	49133972	49133972	2
19	49133973	49140693	1
19	49140694	49141197	0
19	49141198	49149567	1
19	49149568	49164662	0
19	49164663	49176336	1
19	49176337	49199226	0
19	49199227	49209205	2
19	49209206	49215997	0
19	49215998	49222976	1
19	49222977	49223842	0
19	49223843	49243976	1
19	49243977	49244143	0
19	49244144	49250164	1
19	49250165	49251266	0
19	49251267	49258645	1
19	49258646	49258814	0
19	49258815	49261585	2
19	49261586	49298317	0
19	49298318	49314284	1
19	49314285	49316272	0
19	49316273	49339933	1
19	49339934	49340352	0
19	49340353	49371887	1
19	49371888	49375647	0
19	49375648	49379312	2
19	49379313	49384220	0
19	49384221	49401988	1
19	49401989	49403305	0
19	49403306	49426627	2
19	49426628	49436937	0
19	49436938	49448224	2
19	49448225	49458115	0
19	49458116	49465053	2
19	49465054	49468556	0
19	49468557	49470133	2
19	49470134	49471380	0
19	49471381	49496565	1
19	49496566	49496703	0
19	49496704	49519235	2
19	49519236	49519250	3
19	49519251	49520336	1
19	49520337	49526124	0
19	49526125	49535167	1
19	49535168	49536409	3
19	49536410	49547139	1
19	49547140	49548566	3
19	49548567	49552398	1
19	49552399	49557529	0
19	49557530	49568331	1
19	49568332	49570673	0
19	49570674	49576196	1
19	49576197	49588678	0
19	49588679	49611818	2
19	49611819	49617579	0
19	49617580	49621653	2
19	49621654	49621715	3
19	49621716	49622395	1
19	49622396	49622644	0
19	49622645	49654281	2
19	49654282	49654453	0
19	49654454	49658679	1
19	49658680	49660996	0
19	49660997	49715091	2
19	49715092	49792893	0
19	49792894	49828480	1
19	49828481	49838651	0
19	49838652	49843850	2
19	49843851	49843861	3
19	49843862	49865038	1
19	49865039	49865637	3
19	49865638	49865712	1
19	49865713	49878371	2
19	49878372	49891473	0
19	49891474	49921249	2
19	49921250	49925669	0
19	49925670	49926696	1
19	49926697	49927004	0
19	49927005	49932073	2
19	49932074	49932656	0
19	49932657	49945615	1
19	49945616	49949554	0
19	49949555	49956424	1
19	49956425	49956749	3
19	49956750	49956752	1
19	49956753	49974303	2
19	49974304	49977483	0
19	49977484	49989486	2
19	49989487	49990809	0
19	49990810	49995563	2
19	49995564	49999629	0
19	49999630	50002944	2
19	50002945	50003779	0
19	50003780	50004612	2
19	50004613	50015534	0
19	50015535	50029588	2
19	50029589	50030873	0
19	50030874	50050217	2
19	50050218	50058966	0
19	50058967	50083901	1
19	50083902	50087202	3
19	50087203	50093517	1
19	50093518	50094270	2
19	50094271	50094898	0
19	50094899	50129694	2
19	50129695	50138547	0
19	50138548	50143456	1
19	50143457	50145380	0
19	50145381	50161897	2
19	50161898	50162827	0
19	50162828	50168821	1
19	50168822	50169010	3
19	50169011	50169079	1
19	50169080	50169130	3
19	50169131	50177171	2
19	50177172	50179041	0
19	50179042	50191702	2
19	50191703	50191919	0
19	50191920	50193830	2
19	50193831	50194365	0
19	50194366	50216986	2
19	50216987	50243010	0
19	50243011	50266585	1
19	50266586	50270223	0
19	50270224	50310140	2
19	50310141	50310367	3
19	50310368	50320631	1
19	50320632	50321544	0
19	50321545	50342071	2
19	50342072	50353990	0
19	50353991	50363999	2
19	50364000	50364459	0
19	50364460	50371164	1
19	50371165	50372293	0
19	50372294	50380680	1
19	50380681	50381283	3
19	50381284	50381442	1
19	50381443	50381714	3
19	50381715	50391999	2
19	50392000	50392909	0
19	50392910	50431957	1
19	50431958	50432794	3
19	50432795	50432999	1
19	50433000	50437190	2
19	50437191	50452240	0
19	50452241	50464427	1
19	50464428	50479722	0
19	50479723	50528969	1
19	50528970	50529201	3
19	50529202	50556669	2
19	50556670	50655803	0
19	50655804	50666450	1
19	50666451	50691441	0
19	50691442	50813800	2
19	50813801	50815192	0
19	50815193	50832908	1
19	50832909	50836770	3
19	50836771	50861732	2
19	50861733	50869085	3
19	50869086	50886237	2
19	50886238	50887594	0
19	50887595	50934568	2
19	50934569	50936158	0
19	50936159	50969576	2
19	50969577	50970042	0
19	50970043	50979751	1
19	50979752	50980008	3
19	50980009	50986606	2
19	50986607	51009253	0
19	51009254	51014608	1
19	51014609	51014855	0
19	51014856	51017945	1
19	51017946	51020147	0
19	51020148	51071300	1
19	51071301	51125232	0
19	51125233	51152700	1
19	51152701	51162560	3
19	51162561	51222705	1
19	51222706	51226584	0
19	51226585	51228972	2
19	51228973	51273719	0
19	51273720	51274987	2
19	51274988	51293670	0
19	51293671	51298479	2
19	51298480	51300959	0
19	51300960	51308184	1
19	51308185	51322402	0
19	51322403	51327041	1
19	51327042	51328543	0
19	51328544	51340467	1
19	51340468	51358169	0
19	51358170	51364017	2
19	51364018	51364822	0
19	51364823	51377550	2
19	51377551	51378038	3
19	51378039	51383821	2
19	51383822	51409606	0
19	51409607	51413992	1
19	51413993	51446557	0
19	51446558	51456347	1
19	51456348	51461885	0
19	51461886	51472927	1
19	51472928	51479727	0
19	51479728	51487318	1
19	51487319	51499261	0
19	51499262	51512835	1
19	51512836	51515993	0
19	51515994	51523429	1
19	51523430	51525470	0
19	51525471	51531293	1
19	51531294	51532346	0
19	51532347	51538484	1
19	51538485	51559792	0
19	51559793	51568369	1
19	51568370	51580750	0
19	51580751	51587500	1
19	51587501	51600861	0
19	51600862	51611625	1
19	51611626	51628163	0
19	51628164	51639906	2
19	51639907	51645554	0
19	51645555	51656781	2
19	51656782	51728318	0
19	51728319	51743269	2
19	51743270	51749601	0
19	51749602	51772582	2
19	51772583	51815100	0
19	51815101	51833606	2
19	51833607	51835070	0
19	51835071	51845376	1
19	51845377	51848421	0
19	51848422	51869670	1
19	51869671	51870350	0
19	51870351	51872255	1
19	51872256	51874858	0
19	51874859	51875967	1
19	51875968	51883161	0
19	51883162	51891212	1
19	51891213	51891541	0
19	51891542	51893826	1
19	51893827	51913273	0
19	51913274	51921055	1
19	51921056	51954099	0
19	51954100	51961708	1
19	51961709	51979836	0
19	51979837	51994204	2
19	51994205	51994616	0
19	51994617	52005041	1
19	52005042	52022777	0
19	52022778	52035108	1
19	52035109	52074549	0
19	52074550	52092989	2
19	52092990	52095034	0
19	52095035	52097628	1
19	52097629	52114779	0
19	52114780	52150149	1
19	52150150	52216363	0
19	52216364	52227245	1
19	52227246	52248423	0
19	52248424	52255277	1
19	52255278	52272174	3
19	52272175	52298414	1
19	52298415	52307361	3
19	52307362	52329440	2
19	52329441	52359061	0
19	52359062	52408291	1
19	52408292	52430471	0
19	52430472	52449165	2
19	52449166	52467594	0
19	52467595	52490107	1
19	52490108	52494583	0
19	52494584	52511481	1
19	52511482	52516016	0
19	52516017	52533491	1
19	52533492	52534630	0
19	52534631	52599016	1
19	52599017	52616342	0
19	52616343	52643173	1
19	52643174	52658099	0
19	52658100	52674894	1
19	52674895	52693290	0
19	52693291	52730685	2
19	52730686	52772822	0
19	52772823	52795975	2
19	52795976	52800428	0
19	52800429	52829173	2
19	52829174	52839496	0
19	52839497	52871029	2
19	52871030	52873168	0
19	52873169	52889046	2
19	52889047	52901100	0
19	52901101	52921655	2
19	52921656	52932438	0
19	52932439	52955566	2
19	52955567	52956827	0
19	52956828	53015405	2
19	53015406	53030904	0
19	53030905	53059587	2
19	53059588	53073524	0
19	53073525	53090425	2
19	53090426	53097311	0
19	53097312	53193747	1
19	53193748	53206064	0
19	53206065	53238305	1
19	53238306	53267446	0
19	53267447	53290014	1
19	53290015	53300660	0
19	53300661	53360900	1
19	53360901	53367117	0
19	53367118	53400944	1
19	53400945	53430386	0
19	53430387	53466162	1
19	53466163	53517172	0
19	53517173	53519373	2
19	53519374	53547989	0
19	53547990	53554327	2
19	53554328	53569857	0
19	53569858	53606687	1
19	53606688	53611130	0
19	53611131	53662311	1
19	53662312	53667389	0
19	53667390	53696625	1
19	53696626	53731575	0
19	53731576	53758130	1
19	53758131	53761543	0
19	53761544	53762853	2
19	53762854	53769927	0
19	53769928	53770970	1
19	53770971	53792854	0
19	53792855	53794873	1
19	53794874	53837000	0
19	53837001	53858120	2
19	53858121	53868944	0
19	53868945	53895468	2
19	53895469	53898401	0
19	53898402	53926862	2
19	53926863	53970987	0
19	53970988	54006948	2
19	54006949	54024276	0
19	54024277	54083521	2
19	54083522	54102880	0
19	54102881	54106749	1
19	54106750	54135308	0
19	54135309	54140261	2
19	54140262	54296855	0
19	54296856	54327646	1
19	54327647	54369475	0
19	54369476	54379689	2
19	54379690	54382442	0
19	54382443	54410904	2
19	54410905	54412587	0
19	54412588	54447193	2
19	54447194	54466292	0
19	54466293	54493467	2
19	54493468	54495540	0
19	54495541	54515921	2
19	54515922	54544077	0
19	54544078	54567205	1
19	54567206	54573147	0
19	54573148	54584632	1
19	54584633	54597931	0
19	54597932	54605998	1
19	54605999	54606143	0
19	54606144	54610318	2
19	54610319	54610873	3
19	54610874	54611838	2
19	54611839	54618835	1
19	54618836	54619053	3
19	54619054	54635138	2
19	54635139	54641442	0
19	54641443	54658897	2
19	54658898	54659417	3
19	54659418	54663618	1
19	54663619	54663844	0
19	54663845	54676942	1
19	54676943	54677105	0
19	54677106	54693731	1
19	54693732	54693787	0
19	54693788	54697583	2
19	54697584	54704608	0
19	54704609	54711513	2
19	54711514	54720145	0
19	54720146	54746647	1
19	54746648	54754261	0
19	54754262	54761162	1
19	54761163	54777673	0
19	54777674	54785037	1
19	54785038	54799852	0
19	54799853	54809950	1
19	54809951	54818351	0
19	54818352	54824407	1
19	54824408	54844454	0
19	54844455	54850419	1
19	54850420	54865360	0
19	54865361	54882163	1
19	54882164	54926391	0
19	54926392	54948078	2
19	54948079	54960063	0
19	54960064	54972979	2
19	54972980	54973215	3
19	54973216	54974892	1
19	54974893	54976208	0
19	54976209	54984409	1
19	54984410	55009098	0
19	55009099	55021895	2
19	55021896	55043975	0
19	55043976	55057051	2
19	55057052	55084493	0
19	55084494	55147171	2
19	55147172	55148468	3
19	55148469	55148977	2
19	55148978	55150341	1
19	55150342	55173577	0
19	55173578	55181808	2
19	55181809	55235967	0
19	55235968	55378660	2
19	55378661	55385702	0
19	55385703	55401836	2
19	55401837	55417506	0
19	55417507	55427506	2
19	55427507	55434875	0
19	55434876	55464496	1
19	55464497	55477609	3
19	55477610	55477678	1
19	55477679	55512508	2
19	55512509	55525071	0
19	55525072	55549630	1
19	55549631	55555709	0
19	55555710	55580906	1
19	55580907	55583386	0
19	55583387	55599288	2
19	55599289	55602279	0
19	55602280	55628925	1
19	55628926	55644160	0
19	55644161	55660720	1
19	55660721	55663136	0
19	55663137	55669098	1
19	55669099	55670029	0
19	55670030	55678017	1
19	55678018	55682565	0
19	55682566	55691807	1
19	55691808	55692614	0
19	55692615	55720822	1
19	55720823	55738114	0
19	55738115	55738585	1
19	55738586	55740630	3
19	55740631	55741146	2
19	55741147	55741645	3
19	55741646	55770361	1
19	55770362	55773597	0
19	55773598	55791747	1
19	55791748	55793438	0
19	55793439	55823899	2
19	55823900	55824167	0
19	55824168	55836706	1
19	55836707	55851219	0
19	55851220	55859486	2
19	55859487	55860672	0
19	55860673	55866180	1
19	55866181	55866274	0
19	55866275	55874626	1
19	55874627	55875755	0
19	55875756	55881829	1
19	55881830	55888202	0
19	55888203	55889610	2
19	55889611	55890611	0
19	55890612	55895964	1
19	55895965	55896711	0
19	55896712	55912650	2
19	55912651	55914610	3
19	55914611	55919143	1
19	55919144	55940105	0
19	55940106	55954228	1
19	55954229	55964350	0
19	55964351	55973708	1
19	55973709	55987697	0
19	55987698	55995852	2
19	55995853	55996369	0
19	55996370	55998933	2
19	55998934	55999769	0
19	55999770	56030463	2
19	56030464	56041098	0
19	56041099	56048454	1
19	56048455	56052021	0
19	56052022	56056907	1
19	56056908	56088897	0
19	56088898	56092209	1
19	56092210	56102744	0
19	56102745	56111386	1
19	56111387	56113334	3
19	56113335	56114502	2
19	56114503	56116769	0
19	56116770	56128633	2
19	56128634	56132106	0
19	56132107	56135965	1
19	56135966	56146380	0
19	56146381	56164525	2
19	56164526	56165510	0
19	56165511	56186079	2
19	56186080	56186590	0
19	56186591	56219796	2
19	56219797	56221222	3
19	56221223	56249766	1
19	56249767	56270378	0
19	56270379	56274539	2
19	56274540	56280505	0
19	56280506	56284543	2
19	56284544	56296768	0
19	56296769	56347942	1
19	56347943	56348126	3
19	56348127	56348164	1
19	56348165	56393218	2
19	56393219	56403063	0
19	56403064	56443700	1
19	56443701	56459196	0
19	56459197	56499993	2
19	56499994	56511090	0
19	56511091	56573177	2
19	56573178	56598730	0
19	56598731	56632647	1
19	56632648	56643966	0
19	56643967	56662312	2
19	56662313	56663248	3
19	56663249	56672260	2
19	56672261	56687387	0
19	56687388	56697142	2
19	56697143	56700937	0
19	56700938	56709287	1
19	56709288	56713668	0
19	56713669	56720819	2
19	56720820	56732679	0
19	56732680	56751771	1
19	56751772	56758861	3
19	56758862	56795501	1
19	56795502	56798047	3
19	56798048	56813303	1
19	56813304	56821813	3
19	56821814	56879750	1
19	56879751	56887411	0
19	56887412	56904912	1
19	56904913	56915381	0
19	56915382	56938731	2
19	56938732	56950692	0
19	56950693	56989432	1
19	56989433	57019210	0
19	57019211	57041588	2
19	57041589	57050315	0
19	57050316	57068167	2
19	57068168	57078878	0
19	57078879	57100277	2
19	57100278	57106630	0
19	57106631	57137847	2
19	57137848	57154511	0
19	57154512	57167132	2
19	57167133	57174018	0
19	57174019	57183149	1
19	57183150	57285918	0
19	57285919	57352095	1
19	57352096	57630504	0
19	57630505	57643292	2
19	57643293	57645462	0
19	57645463	57656568	1
19	57656569	57665387	0
19	57665388	57678809	1
19	57678810	57702866	0
19	57702867	57724722	2
19	57724723	57742375	0
19	57742376	57746914	2
19	57746915	57751971	0
19	57751972	57766501	2
19	57766502	57791417	0
19	57791418	57804935	2
19	57804936	57831875	0
19	57831876	57842142	2
19	57842143	57862673	0
19	57862674	57871264	2
19	57871265	57874877	0
19	57874878	57949336	2
19	57949337	57949823	3
19	57949824	57956851	2
19	57956852	57988936	1
19	57988937	57999077	0
19	57999078	58006046	2
19	58006047	58011281	0
19	58011282	58029770	2
19	58029771	58038691	0
19	58038692	58046623	2
19	58046624	58052129	3
19	58052130	58053206	2
19	58053207	58064120	3
19	58064121	58068908	2
19	58068909	58071229	1
19	58071230	58082932	0
19	58082933	58090293	1
19	58090294	58094976	0
19	58094977	58105143	2
19	58105144	58111251	0
19	58111252	58124088	2
19	58124089	58125604	0
19	58125605	58134722	2
19	58134723	58141759	0
19	58141760	58154145	2
19	58154146	58180301	0
19	58180302	58190518	2
19	58190519	58193335	0
19	58193336	58203866	2
19	58203867	58204126	3
19	58204127	58208733	2
19	58208734	58220534	3
19	58220535	58231117	2
19	58231118	58238990	3
19	58238991	58269525	2
19	58269526	58281021	0
19	58281022	58315207	2
19	58315208	58324770	3
19	58324771	58361681	2
19	58361682	58369943	3
19	58369944	58376125	2
19	58376126	58376478	3
19	58376479	58400403	1
19	58400404	58411662	0
19	58411663	58427976	1
19	58427977	58433250	0
19	58433251	58446759	1
19	58446760	58452199	0
19	58452200	58459041	1
19	58459042	58469803	0
19	58469804	58485900	1
19	58485901	58488419	0
19	58488420	58513427	1
19	58513428	58514715	3
19	58514716	58522598	2
19	58522599	58545398	0
19	58545399	58565997	2
19	58565998	58570605	0
19	58570606	58581121	2
19	58581122	58595203	0
19	58595204	58629792	1
19	58629793	58637693	0
19	58637694	58666432	1
19	58666433	58694394	0
19	58694395	58724925	2
19	58724926	58739958	0
19	58739959	58788813	2
19	58788814	58790315	0
19	58790316	58807252	2
19	58807253	58838383	0
19	58838384	58853696	2
19	58853697	58858214	0
19	58858215	58864863	1
19	58864864	58865721	0
19	58865722	58874212	1
19	58874213	58878983	0
19	58878984	58892425	1
19	58892426	58897765	0
19	58897766	58906171	2
19	58906172	58907455	0
19	58907456	58908405	2
19	58908406	58919990	0
19	58919991	58929692	2
19	58929693	58944179	0
19	58944180	58951587	1
19	58951588	58962969	0
19	58962970	58969198	2
19	58969199	58978421	0
19	58978422	58984943	2
19	58984944	58985382	0
19	58985383	58992595	2
19	58992596	59009698	0
19	59009699	59023430	1
19	59023431	59024895	0
19	59024896	59050276	1
19	59050277	59055456	0
19	59055457	59062087	2
19	59062088	59062931	0
19	59062932	59066489	1
19	59066490	59067077	0
19	59067078	59070325	1
19	59070326	59073297	0
19	59073298	59084940	1
