<CHROM>	<START>	<END>	<TSB>
1	0	69089	0
1	69090	70006	2
1	70007	134899	0
1	134900	139377	1
1	139378	367638	0
1	367639	368632	2
1	368633	621057	0
1	621058	622051	1
1	622052	738530	0
1	738531	739135	1
1	739136	818041	0
1	818042	819981	2
1	819982	860258	0
1	860259	861262	2
1	861263	866443	3
1	866444	879582	2
1	879583	879953	3
1	879954	894668	1
1	894669	895965	0
1	895966	901093	2
1	901094	901875	0
1	901876	910577	2
1	910578	911243	3
1	911244	917495	1
1	917496	934340	0
1	934341	935550	1
1	935551	948801	0
1	948802	949918	2
1	949919	955501	0
1	955502	991494	2
1	991495	1006344	0
1	1006345	1009685	1
1	1009686	1017196	0
1	1017197	1051739	1
1	1051740	1109281	0
1	1109282	1133313	2
1	1133314	1138886	0
1	1138887	1142069	1
1	1142070	1146704	0
1	1146705	1149510	1
1	1149511	1152286	0
1	1152287	1167409	1
1	1167410	1167627	0
1	1167628	1170419	2
1	1170420	1177831	0
1	1177832	1182100	1
1	1182101	1189292	0
1	1189293	1209263	1
1	1209264	1215814	0
1	1215815	1227407	2
1	1227408	1227754	0
1	1227755	1243396	1
1	1243397	1243945	0
1	1243946	1246975	2
1	1246976	1247055	3
1	1247056	1260069	1
1	1260070	1260145	0
1	1260146	1264275	2
1	1264276	1266692	0
1	1266693	1270654	2
1	1270655	1270684	3
1	1270685	1284728	1
1	1284729	1288069	0
1	1288070	1297155	1
1	1297156	1309108	0
1	1309109	1310873	1
1	1310874	1321860	0
1	1321861	1334695	1
1	1334696	1334900	0
1	1334901	1337286	2
1	1337287	1337424	3
1	1337425	1342691	1
1	1342692	1353798	0
1	1353799	1357147	1
1	1357148	1361506	0
1	1361507	1363165	2
1	1363166	1370239	0
1	1370240	1378260	2
1	1378261	1385067	0
1	1385068	1405536	2
1	1405537	1407141	0
1	1407142	1431580	2
1	1431581	1447529	0
1	1447530	1470065	2
1	1470066	1470552	0
1	1470553	1475831	1
1	1475832	1477051	0
1	1477052	1510247	1
1	1510248	1510353	0
1	1510354	1511371	2
1	1511372	1533390	0
1	1533391	1535474	1
1	1535475	1550793	0
1	1550794	1565988	2
1	1565989	1567472	0
1	1567473	1570028	2
1	1570029	1570601	0
1	1570602	1590471	1
1	1590472	1592937	0
1	1592938	1624165	1
1	1624166	1634167	0
1	1634168	1655764	1
1	1655765	1656275	0
1	1656276	1677429	1
1	1677430	1682669	0
1	1682670	1711506	1
1	1711507	1716727	0
1	1716728	1822493	1
1	1822494	1846264	0
1	1846265	1848731	2
1	1848732	1849027	0
1	1849028	1850710	1
1	1850711	1853724	0
1	1853725	1897963	1
1	1897964	1919399	0
1	1919400	1935151	1
1	1935152	1950778	0
1	1950779	1962190	2
1	1962191	1981907	0
1	1981908	2115915	2
1	2115916	2116832	3
1	2116833	2121235	1
1	2121236	2123177	3
1	2123178	2130425	1
1	2130426	2143358	0
1	2143359	2145618	1
1	2145619	2160132	0
1	2160133	2241556	2
1	2241557	2252690	0
1	2252691	2258579	1
1	2258580	2259040	3
1	2259041	2323144	1
1	2323145	2323265	0
1	2323266	2336234	2
1	2336235	2336881	3
1	2336882	2345234	1
1	2345235	2357417	0
1	2357418	2436963	2
1	2436964	2439970	0
1	2439971	2458037	1
1	2458038	2460182	0
1	2460183	2461682	1
1	2461683	2487076	0
1	2487077	2495266	2
1	2495267	2518212	0
1	2518213	2522076	2
1	2522077	2522905	3
1	2522906	2564479	1
1	2564480	2567413	0
1	2567414	2718284	1
1	2718285	2938044	0
1	2938045	2939463	2
1	2939464	2985730	0
1	2985731	3355183	2
1	3355184	3370988	0
1	3370989	3397675	2
1	3397676	3406482	0
1	3406483	3528057	1
1	3528058	3541564	0
1	3541565	3546689	2
1	3546690	3547329	0
1	3547330	3569082	1
1	3569083	3569323	3
1	3569324	3652763	2
1	3652764	3668960	0
1	3668961	3688206	2
1	3688207	3689350	0
1	3689351	3692544	2
1	3692545	3696782	0
1	3696783	3713066	1
1	3713067	3728643	0
1	3728644	3773776	1
1	3773777	3773843	0
1	3773844	3801991	2
1	3801992	3805687	0
1	3805688	3816847	1
1	3816848	4714790	0
1	4714791	4852592	2
1	4852593	5922876	0
1	5922877	6051524	1
1	6051525	6052529	3
1	6052530	6100628	2
1	6100629	6101397	3
1	6101398	6161251	2
1	6161252	6161851	0
1	6161852	6240181	1
1	6240182	6241327	0
1	6241328	6266187	1
1	6266188	6269302	3
1	6269303	6269447	1
1	6269448	6281251	2
1	6281252	6281349	3
1	6281350	6281357	2
1	6281358	6295998	1
1	6295999	6304250	0
1	6304251	6305636	2
1	6305637	6307404	0
1	6307405	6321033	1
1	6321034	6324327	0
1	6324328	6454449	1
1	6454450	6472476	0
1	6472477	6484728	1
1	6484729	6484846	0
1	6484847	6521209	2
1	6521210	6521428	3
1	6521429	6580119	1
1	6580120	6581405	0
1	6581406	6614593	1
1	6614594	6615239	0
1	6615240	6639815	2
1	6639816	6640059	0
1	6640060	6649338	2
1	6649339	6650782	0
1	6650783	6673743	1
1	6673744	6674618	3
1	6674619	6674665	1
1	6674666	6684091	2
1	6684092	6684924	0
1	6684925	6694226	2
1	6694227	6695644	3
1	6695645	6761982	1
1	6761983	6845382	0
1	6845383	7829764	2
1	7829765	7831327	0
1	7831328	7841490	2
1	7841491	7844378	0
1	7844379	7903141	2
1	7903142	7905235	3
1	7905236	7913570	1
1	7913571	7979905	0
1	7979906	8000924	1
1	8000925	8014349	0
1	8014350	8045563	2
1	8045564	8064462	0
1	8064463	8086366	1
1	8086367	8377884	0
1	8377885	8404225	2
1	8404226	8412455	0
1	8412456	8877700	1
1	8877701	8921059	0
1	8921060	8939306	1
1	8939307	9005924	0
1	9005925	9035149	2
1	9035150	9063357	0
1	9063358	9086402	1
1	9086403	9095164	0
1	9095165	9148535	1
1	9148536	9160362	0
1	9160363	9189227	1
1	9189228	9294832	0
1	9294833	9331394	2
1	9331395	9352937	0
1	9352938	9429589	2
1	9429590	9599539	0
1	9599540	9645235	2
1	9645236	9648930	0
1	9648931	9674933	2
1	9674934	9711788	0
1	9711789	9712666	2
1	9712667	9714642	3
1	9714643	9789082	2
1	9789083	9789170	3
1	9789171	9884582	1
1	9884583	9908332	0
1	9908333	9970392	1
1	9970393	9982171	0
1	9982172	10003463	1
1	10003464	10003484	0
1	10003485	10045557	2
1	10045558	10057272	0
1	10057273	10076076	2
1	10076077	10092888	0
1	10092889	10241295	2
1	10241296	10270861	0
1	10270862	10441659	2
1	10441660	10458647	0
1	10458648	10480199	2
1	10480200	10490157	0
1	10490158	10512208	2
1	10512209	10516577	0
1	10516578	10532581	1
1	10532582	10534942	0
1	10534943	10690813	2
1	10690814	10696659	0
1	10696660	10856705	1
1	10856706	11006528	0
1	11006529	11042092	1
1	11042093	11072412	0
1	11072413	11084238	2
1	11084239	11086578	0
1	11086579	11107288	1
1	11107289	11114644	0
1	11114645	11120079	1
1	11120080	11126673	0
1	11126674	11159936	1
1	11159937	11166590	0
1	11166591	11249396	1
1	11249397	11256036	3
1	11256037	11322562	1
1	11322563	11333261	0
1	11333262	11356104	2
1	11356105	11539293	0
1	11539294	11597639	2
1	11597640	11708422	0
1	11708423	11714430	1
1	11714431	11714737	3
1	11714738	11714912	1
1	11714913	11715840	3
1	11715841	11723382	2
1	11723383	11724179	0
1	11724180	11734409	2
1	11734410	11734535	0
1	11734536	11751705	1
1	11751706	11751784	0
1	11751785	11785912	2
1	11785913	11796139	0
1	11796140	11810824	2
1	11810825	11821842	0
1	11821843	11845778	2
1	11845779	11849639	3
1	11849640	11849640	2
1	11849641	11866205	1
1	11866206	11866975	3
1	11866976	11903199	2
1	11903200	11905764	0
1	11905765	11908400	1
1	11908401	11917519	0
1	11917520	11918986	1
1	11918987	11979646	0
1	11979647	11986483	1
1	11986484	11994749	0
1	11994750	12035592	2
1	12035593	12040236	0
1	12040237	12073569	2
1	12073570	12079521	0
1	12079522	12092100	2
1	12092101	12123432	0
1	12123433	12204262	2
1	12204263	12227058	0
1	12227059	12269283	2
1	12269284	12290122	0
1	12290123	12572097	2
1	12572098	12627937	0
1	12627938	12677735	1
1	12677736	12704564	0
1	12704565	12727095	2
1	12727096	12776116	0
1	12776117	12788724	2
1	12788725	12806161	0
1	12806162	12823845	2
1	12823846	12834982	0
1	12834983	12838047	2
1	12838048	12851544	0
1	12851545	12856775	2
1	12856776	12884466	0
1	12884467	12891262	1
1	12891263	12907259	0
1	12907260	12908576	1
1	12908577	12916939	0
1	12916940	12921762	2
1	12921763	12939043	0
1	12939044	12946023	1
1	12946024	12952725	0
1	12952726	12958099	1
1	12958100	12976448	0
1	12976449	12980567	2
1	12980568	12998179	0
1	12998180	13035541	1
1	13035542	13038379	3
1	13038380	13117749	1
1	13117750	13216354	0
1	13216355	13219579	1
1	13219580	13328194	0
1	13328195	13331690	1
1	13331691	13359817	0
1	13359818	13369055	2
1	13369056	13386644	0
1	13386645	13390763	1
1	13390764	13421174	0
1	13421175	13428189	2
1	13428190	13447412	0
1	13447413	13452654	1
1	13452655	13474687	0
1	13474688	13477520	1
1	13477521	13495252	0
1	13495253	13498258	2
1	13498259	13516064	0
1	13516065	13526941	2
1	13526942	13641971	0
1	13641972	13648986	2
1	13648987	13668267	0
1	13668268	13673509	1
1	13673510	13694887	0
1	13694888	13698403	1
1	13698404	13716090	0
1	13716091	13719087	2
1	13719088	13736905	0
1	13736906	13747801	2
1	13747802	13801443	0
1	13801444	13840541	1
1	13840542	13909958	0
1	13909959	13944450	2
1	13944451	14026691	0
1	14026692	14151572	2
1	14151573	14925198	0
1	14925199	15444537	2
1	15444538	15479026	0
1	15479027	15490838	2
1	15490839	15497772	3
1	15497773	15546974	2
1	15546975	15573766	0
1	15573767	15724620	2
1	15724621	15736389	0
1	15736390	15756837	2
1	15756838	15764933	0
1	15764934	15775735	2
1	15775736	15783222	0
1	15783223	15798584	2
1	15798585	15802594	0
1	15802595	15817325	2
1	15817326	15817893	3
1	15817894	15851382	1
1	15851383	15853306	0
1	15853307	15898846	2
1	15898847	15902585	3
1	15902586	15911603	1
1	15911604	15943993	0
1	15943994	15995537	2
1	15995538	16010825	0
1	16010826	16061262	2
1	16061263	16062898	0
1	16062899	16067889	2
1	16067890	16068915	0
1	16068916	16074475	2
1	16074476	16083100	0
1	16083101	16113087	2
1	16113088	16174357	0
1	16174358	16266953	2
1	16266954	16268362	0
1	16268363	16302625	1
1	16302626	16330729	0
1	16330730	16335300	2
1	16335301	16340521	0
1	16340522	16346087	1
1	16346088	16348364	0
1	16348365	16360543	2
1	16360544	16370270	0
1	16370271	16383801	2
1	16383802	16384262	0
1	16384263	16400119	1
1	16400120	16450830	0
1	16450831	16482580	1
1	16482581	16524597	0
1	16524598	16539102	1
1	16539103	16555366	0
1	16555367	16556036	1
1	16556037	16558193	0
1	16558194	16563655	1
1	16563656	16573332	0
1	16573333	16678947	1
1	16678948	16693576	0
1	16693577	16713610	2
1	16713611	16724635	3
1	16724636	16724638	2
1	16724639	16763917	1
1	16763918	16767165	0
1	16767166	16786571	2
1	16786572	16865559	0
1	16865560	16866068	2
1	16866069	16888812	0
1	16888813	16939980	1
1	16939981	16999496	0
1	16999497	17000005	2
1	17000006	17060445	0
1	17060446	17060954	1
1	17060955	17248443	0
1	17248444	17299472	2
1	17299473	17300995	0
1	17300996	17307328	1
1	17307329	17312451	0
1	17312452	17338421	1
1	17338422	17345215	0
1	17345216	17380663	1
1	17380664	17393254	0
1	17393255	17445946	1
1	17445947	17531619	0
1	17531620	17572498	2
1	17572499	17575591	0
1	17575592	17610726	2
1	17610727	17634688	0
1	17634689	17655505	2
1	17655506	17661289	3
1	17661290	17690497	2
1	17690498	17733254	0
1	17733255	17766218	1
1	17766219	17866328	0
1	17866329	18024367	2
1	18024368	18081806	0
1	18081807	18153556	2
1	18153557	18434238	0
1	18434239	18704974	2
1	18704975	18807422	0
1	18807423	18812476	2
1	18812477	18957498	0
1	18957499	19075358	2
1	19075359	19166091	0
1	19166092	19186174	1
1	19186175	19197924	0
1	19197925	19229273	1
1	19229274	19230773	0
1	19230774	19283178	1
1	19283179	19400998	0
1	19400999	19536768	1
1	19536769	19542156	0
1	19542157	19578031	1
1	19578032	19578044	3
1	19578045	19586620	2
1	19586621	19609050	0
1	19609051	19615742	1
1	19615743	19630457	0
1	19630458	19638638	1
1	19638639	19638818	0
1	19638819	19655792	2
1	19655793	19665265	0
1	19665266	19812064	1
1	19812065	19923471	0
1	19923472	19984943	2
1	19984944	19991778	0
1	19991779	20006053	2
1	20006054	20008704	0
1	20008705	20126408	1
1	20126409	20140521	0
1	20140522	20141769	1
1	20141770	20209004	0
1	20209005	20239436	2
1	20239437	20246500	0
1	20246501	20250108	1
1	20250109	20301923	0
1	20301924	20306930	1
1	20306931	20396699	0
1	20396700	20417659	2
1	20417660	20438430	0
1	20438431	20446048	1
1	20446049	20465817	0
1	20465818	20476877	2
1	20476878	20487744	0
1	20487745	20503915	1
1	20503916	20512576	0
1	20512577	20522539	2
1	20522540	20617410	0
1	20617411	20681385	2
1	20681386	20808882	0
1	20808883	20812711	1
1	20812712	20825941	0
1	20825942	20834652	1
1	20834653	20878930	0
1	20878931	20881510	2
1	20881511	20915439	0
1	20915440	20945399	2
1	20945400	20959946	0
1	20959947	20978002	2
1	20978003	20978268	0
1	20978269	20987998	1
1	20987999	20990505	0
1	20990506	21044508	1
1	21044509	21046223	0
1	21046224	21059328	1
1	21059329	21069152	0
1	21069153	21113814	1
1	21113815	21132961	0
1	21132962	21503375	1
1	21503376	21543738	0
1	21543739	21671995	1
1	21671996	21766619	0
1	21766620	21811496	2
1	21811497	21835856	0
1	21835857	21904903	2
1	21904904	21922706	0
1	21922707	21995799	1
1	21995800	22004789	0
1	22004790	22110097	1
1	22110098	22138756	0
1	22138757	22148736	2
1	22148737	22151712	3
1	22151713	22263788	1
1	22263789	22303512	0
1	22303513	22325133	2
1	22325134	22328147	0
1	22328148	22339030	2
1	22339031	22379118	0
1	22379119	22419435	2
1	22419436	22443796	0
1	22443797	22470460	1
1	22470461	22778342	0
1	22778343	22857648	2
1	22857649	22890055	0
1	22890056	22930085	2
1	22930086	22962997	0
1	22962998	22966099	2
1	22966100	22970121	0
1	22970122	22974601	2
1	22974602	22979253	0
1	22979254	22988029	2
1	22988030	23037330	0
1	23037331	23241816	2
1	23241817	23279534	0
1	23279535	23291829	1
1	23291830	23337325	0
1	23337326	23342341	1
1	23342342	23345939	0
1	23345940	23410180	2
1	23410181	23410514	0
1	23410515	23504299	1
1	23504300	23516991	0
1	23516992	23521220	1
1	23521221	23631179	0
1	23631180	23670827	1
1	23670828	23685939	0
1	23685940	23695709	1
1	23695710	23695933	3
1	23695934	23698330	2
1	23698331	23707552	0
1	23707553	23751231	1
1	23751232	23755054	0
1	23755055	23811059	1
1	23811060	23832920	0
1	23832921	23857710	1
1	23857711	23884407	0
1	23884408	23886283	1
1	23886284	23953822	0
1	23953823	23967056	2
1	23967057	24018267	0
1	24018268	24022913	2
1	24022914	24069643	0
1	24069644	24088547	2
1	24088548	24104893	0
1	24104894	24114720	2
1	24114721	24117458	0
1	24117459	24122027	2
1	24122028	24122088	0
1	24122089	24127258	1
1	24127259	24128373	0
1	24128374	24165108	1
1	24165109	24171565	0
1	24171566	24194782	1
1	24194783	24197014	0
1	24197015	24285547	1
1	24285548	24285597	0
1	24285598	24289950	2
1	24289951	24291292	0
1	24291293	24306844	1
1	24306845	24382523	0
1	24382524	24438663	1
1	24438664	24446259	0
1	24446260	24469609	1
1	24469610	24480645	0
1	24480646	24514447	1
1	24514448	24645810	0
1	24645811	24683487	2
1	24683488	24690970	3
1	24690971	24741585	1
1	24741586	24742282	0
1	24742283	24799464	2
1	24799465	24829385	0
1	24829386	24867528	2
1	24867529	24882600	0
1	24882601	24935814	2
1	24935815	24967720	0
1	24967721	24999756	2
1	24999757	25071846	0
1	25071847	25170813	2
1	25170814	25226000	0
1	25226001	25291499	1
1	25291500	25549168	0
1	25549169	25558982	1
1	25558983	25568726	0
1	25568727	25598882	1
1	25598883	25656934	3
1	25656935	25664406	1
1	25664407	25664589	3
1	25664590	25664702	1
1	25664703	25688738	2
1	25688739	25688850	3
1	25688851	25756681	1
1	25756682	25757386	0
1	25757387	25826698	2
1	25826699	25870069	0
1	25870070	25895375	2
1	25895376	25943957	0
1	25943958	26112696	2
1	26112697	26126665	0
1	26126666	26144711	2
1	26144712	26145129	0
1	26145130	26145210	2
1	26145211	26147286	3
1	26147287	26158412	2
1	26158413	26159430	3
1	26159431	26185901	1
1	26185902	26187699	0
1	26187700	26197742	1
1	26197743	26211929	0
1	26211930	26233480	1
1	26233481	26286256	0
1	26286257	26324646	1
1	26324647	26348269	0
1	26348270	26362953	2
1	26362954	26363741	0
1	26363742	26372622	1
1	26372623	26377793	0
1	26377794	26394122	1
1	26394123	26437662	0
1	26437663	26452032	2
1	26452033	26485509	0
1	26485510	26489117	2
1	26489118	26496360	0
1	26496361	26498549	2
1	26498550	26503892	0
1	26503893	26516375	2
1	26516376	26517050	0
1	26517051	26529457	2
1	26529458	26560689	0
1	26560690	26605297	2
1	26605298	26605665	0
1	26605666	26607817	2
1	26607818	26608005	3
1	26608006	26644446	1
1	26644447	26644754	3
1	26644755	26644852	1
1	26644853	26647012	2
1	26647013	26648348	0
1	26648349	26670574	1
1	26670575	26671749	0
1	26671750	26680619	1
1	26680620	26688123	0
1	26688124	26701011	1
1	26701012	26737267	0
1	26737268	26756211	2
1	26756212	26758805	0
1	26758806	26797783	2
1	26797784	26799008	0
1	26799009	26802461	2
1	26802462	26856256	0
1	26856257	26901514	2
1	26901515	27022522	0
1	27022523	27108593	2
1	27108594	27113961	0
1	27113962	27124887	2
1	27124888	27153199	0
1	27153200	27184091	2
1	27184092	27189631	0
1	27189632	27190945	2
1	27190946	27202622	0
1	27202623	27216786	1
1	27216787	27216977	0
1	27216978	27226727	1
1	27226728	27226955	3
1	27226956	27237978	2
1	27237979	27240455	3
1	27240456	27273351	2
1	27273352	27276051	0
1	27276052	27286895	1
1	27286896	27320196	0
1	27320197	27327387	2
1	27327388	27331509	0
1	27331510	27339325	1
1	27339326	27425304	0
1	27425305	27493470	1
1	27493471	27561005	0
1	27561006	27635108	2
1	27635109	27648649	0
1	27648650	27662889	2
1	27662890	27668511	0
1	27668512	27680419	2
1	27680420	27681673	0
1	27681674	27693381	1
1	27693382	27695601	0
1	27695602	27701313	1
1	27701314	27705664	0
1	27705665	27709868	1
1	27709869	27719146	0
1	27719147	27722316	2
1	27722317	27730728	0
1	27730729	27816667	1
1	27816668	27860544	0
1	27860545	27930141	1
1	27930142	27938573	0
1	27938574	27961786	1
1	27961787	27992570	0
1	27992571	27998727	1
1	27998728	28052488	0
1	28052489	28089631	2
1	28089632	28099692	0
1	28099693	28150961	2
1	28150962	28157287	0
1	28157288	28177083	2
1	28177084	28177253	3
1	28177254	28178185	2
1	28178186	28199053	0
1	28199054	28213194	2
1	28213195	28218033	0
1	28218034	28241255	1
1	28241256	28261502	0
1	28261503	28285666	2
1	28285667	28285971	0
1	28285972	28294605	2
1	28294606	28296853	0
1	28296854	28415205	1
1	28415206	28473675	0
1	28473676	28520445	1
1	28520446	28525965	0
1	28525966	28527068	1
1	28527069	28527417	3
1	28527418	28559534	1
1	28559535	28562618	0
1	28562619	28573415	2
1	28573416	28586036	0
1	28586037	28609000	2
1	28609001	28655547	0
1	28655548	28662474	2
1	28662475	28696112	0
1	28696113	28826879	2
1	28826880	28832453	0
1	28832454	28865810	2
1	28865811	28879595	0
1	28879596	28905049	2
1	28905050	28918710	0
1	28918711	28921953	2
1	28921954	28929360	0
1	28929361	28969576	1
1	28969577	28995242	0
1	28995243	29045863	2
1	29045864	29063131	0
1	29063132	29096285	2
1	29096286	29138652	0
1	29138653	29190206	2
1	29190207	29213601	0
1	29213602	29445938	2
1	29445939	29446530	3
1	29446531	29446551	2
1	29446552	29450445	1
1	29450446	29474253	0
1	29474254	29508497	1
1	29508498	29519383	0
1	29519384	29557442	1
1	29557443	29563026	0
1	29563027	29653323	2
1	29653324	31184122	0
1	31184123	31196432	1
1	31196433	31205314	0
1	31205315	31230665	1
1	31230666	31342312	0
1	31342313	31381606	1
1	31381607	31404351	0
1	31404352	31538836	1
1	31538837	31652590	0
1	31652591	31712399	1
1	31712400	31732415	0
1	31732416	31769660	1
1	31769661	31769840	0
1	31769841	31837781	2
1	31837782	31838470	0
1	31838471	31849695	1
1	31849696	31882410	0
1	31882411	31902190	2
1	31902191	31902612	3
1	31902613	31907523	2
1	31907524	32042114	0
1	32042115	32053286	2
1	32053287	32083299	0
1	32083300	32095461	2
1	32095462	32098117	3
1	32098118	32110486	1
1	32110487	32117846	0
1	32117847	32169918	1
1	32169919	32192716	0
1	32192717	32230492	1
1	32230493	32256021	0
1	32256022	32281650	1
1	32281651	32372020	0
1	32372021	32379172	1
1	32379173	32380743	3
1	32380744	32408175	1
1	32408176	32479428	0
1	32479429	32509481	2
1	32509482	32538501	0
1	32538502	32568463	2
1	32568464	32573637	0
1	32573638	32642167	2
1	32642168	32645285	0
1	32645286	32663884	2
1	32663885	32665985	0
1	32665986	32670986	2
1	32670987	32671234	0
1	32671235	32674286	2
1	32674287	32674693	0
1	32674694	32681695	2
1	32681696	32681795	3
1	32681796	32687527	1
1	32687528	32687970	3
1	32687971	32697203	2
1	32697204	32712832	0
1	32712833	32714455	2
1	32714456	32716838	0
1	32716839	32751764	2
1	32751765	32757685	0
1	32757686	32799234	2
1	32799235	32799431	0
1	32799432	32801978	1
1	32801979	32819053	0
1	32819054	32826869	2
1	32826870	32827842	3
1	32827843	32829911	2
1	32829912	32830702	0
1	32830703	32860047	1
1	32860048	32930668	0
1	32930669	32962285	2
1	32962286	33005026	0
1	33005027	33065771	2
1	33065772	33071538	3
1	33071539	33116183	1
1	33116184	33116741	0
1	33116742	33145505	2
1	33145506	33145652	3
1	33145653	33145959	2
1	33145960	33151810	3
1	33151811	33169195	1
1	33169196	33207484	0
1	33207485	33240569	2
1	33240570	33240838	0
1	33240839	33282366	1
1	33282367	33283752	3
1	33283753	33324474	2
1	33324475	33327867	0
1	33327868	33338079	1
1	33338080	33352034	0
1	33352035	33360194	2
1	33360195	33360245	3
1	33360246	33366988	1
1	33366989	33402044	0
1	33402045	33430284	1
1	33430285	33439266	0
1	33439267	33439640	2
1	33439641	33473583	0
1	33473584	33502591	1
1	33502592	33546712	0
1	33546713	33586128	2
1	33586129	33611001	0
1	33611002	33647265	1
1	33647266	33722144	0
1	33722145	33766318	2
1	33766319	33772365	0
1	33772366	33786697	1
1	33786698	33789222	0
1	33789223	33896214	1
1	33896215	33938244	0
1	33938245	33962105	2
1	33962106	33979611	0
1	33979612	34326074	1
1	34326075	34330390	3
1	34330391	34630873	1
1	34630874	34632482	0
1	34632483	34684730	2
1	34684731	35220646	0
1	35220647	35224111	2
1	35224112	35225340	0
1	35225341	35229323	2
1	35229324	35246788	0
1	35246789	35251968	2
1	35251969	35258597	0
1	35258598	35261346	2
1	35261347	35318268	0
1	35318269	35325415	1
1	35325416	35331035	0
1	35331036	35395184	1
1	35395185	35447134	0
1	35447135	35497567	1
1	35497568	35525385	0
1	35525386	35581458	2
1	35581459	35648531	0
1	35648532	35658747	1
1	35658748	35734566	0
1	35734567	35887657	2
1	35887658	35899089	0
1	35899090	36023072	1
1	36023073	36023254	3
1	36023255	36032873	2
1	36032874	36038969	0
1	36038970	36060927	2
1	36060928	36067183	0
1	36067184	36107443	1
1	36107444	36179474	0
1	36179475	36185071	1
1	36185072	36185817	0
1	36185818	36235566	1
1	36235567	36273771	0
1	36273772	36323489	2
1	36323490	36335407	0
1	36335408	36395209	2
1	36395210	36396317	0
1	36396318	36538099	2
1	36538100	36549674	0
1	36549675	36553874	2
1	36553875	36554474	0
1	36554475	36559531	2
1	36559532	36560835	0
1	36560836	36590819	1
1	36590820	36602171	0
1	36602172	36615096	1
1	36615097	36621178	0
1	36621179	36646448	2
1	36646449	36690015	0
1	36690016	36770956	2
1	36770957	36771986	0
1	36771987	36786946	2
1	36786947	36787630	0
1	36787631	36789333	1
1	36789334	36789753	3
1	36789754	36794820	2
1	36794821	36805223	0
1	36805224	36851495	1
1	36851496	36859029	0
1	36859030	36863491	1
1	36863492	36881426	0
1	36881427	36916084	1
1	36916085	36921317	0
1	36921318	36930036	1
1	36930037	36931642	0
1	36931643	36948877	1
1	36948878	37261126	0
1	37261127	37499728	1
1	37499729	37940151	0
1	37940152	37949978	2
1	37949979	37958174	0
1	37958175	37980373	1
1	37980374	38000048	0
1	38000049	38019901	1
1	38019902	38022518	0
1	38022519	38032415	2
1	38032416	38032456	3
1	38032457	38061520	1
1	38061521	38076949	0
1	38076950	38100593	1
1	38100594	38147240	0
1	38147241	38157912	1
1	38157913	38158088	0
1	38158089	38175389	2
1	38175390	38179559	0
1	38179560	38230803	1
1	38230804	38259472	0
1	38259473	38266807	2
1	38266808	38268614	0
1	38268615	38272649	1
1	38272650	38273855	3
1	38273856	38275124	2
1	38275125	38275237	0
1	38275238	38325290	1
1	38325291	38326367	0
1	38326368	38412727	1
1	38412728	38422645	0
1	38422646	38456591	1
1	38456592	38462440	0
1	38462441	38471175	1
1	38471176	38478412	0
1	38478413	38490494	2
1	38490495	38509521	0
1	38509522	38512448	1
1	38512449	39303868	0
1	39303869	39325493	1
1	39325494	39328634	0
1	39328635	39347287	1
1	39347288	39351477	0
1	39351478	39407469	1
1	39407470	39456893	0
1	39456894	39471729	2
1	39471730	39491988	0
1	39491989	39500306	2
1	39500307	39546986	0
1	39546987	39952847	2
1	39952848	39957316	0
1	39957317	39991605	2
1	39991606	40026486	0
1	40026487	40042460	1
1	40042461	40089823	0
1	40089824	40105615	1
1	40105616	40124791	0
1	40124792	40137708	1
1	40137709	40144318	0
1	40144319	40157359	1
1	40157360	40157852	0
1	40157853	40222852	2
1	40222853	40229584	3
1	40229585	40254531	1
1	40254532	40306721	0
1	40306722	40349176	1
1	40349177	40361096	0
1	40361097	40367926	1
1	40367927	40420800	0
1	40420801	40435636	2
1	40435637	40505903	0
1	40505904	40538319	2
1	40538320	40538377	0
1	40538378	40563373	1
1	40563374	40627043	0
1	40627044	40706591	2
1	40706592	40713571	0
1	40713572	40717361	2
1	40717362	40723777	0
1	40723778	40759854	2
1	40759855	40766157	0
1	40766158	40782964	1
1	40782965	40810520	0
1	40810521	40888996	2
1	40888997	40915777	0
1	40915778	40929388	2
1	40929389	40942885	0
1	40942886	40962013	2
1	40962014	40974411	0
1	40974412	40982226	2
1	40982227	40997231	0
1	40997232	41013839	2
1	41013840	41086349	0
1	41086350	41131327	1
1	41131328	41157359	0
1	41157360	41237273	2
1	41237274	41249682	0
1	41249683	41306122	2
1	41306123	41326727	0
1	41326728	41328016	1
1	41328017	41445005	0
1	41445006	41478233	2
1	41478234	41481267	0
1	41481268	41488907	1
1	41488908	41492870	0
1	41492871	41707786	1
1	41707787	41827592	0
1	41827593	41849260	2
1	41849261	41944444	0
1	41944445	41950340	1
1	41950341	41972034	0
1	41972035	42384376	1
1	42384377	42619090	0
1	42619091	42621493	2
1	42621494	42628360	0
1	42628361	42630387	1
1	42630388	42642208	0
1	42642209	42801546	1
1	42801547	42846464	0
1	42846465	42888247	2
1	42888248	42895998	0
1	42895999	42921786	1
1	42921787	42921936	3
1	42921937	42926084	2
1	42926085	42929023	0
1	42929024	43120333	2
1	43120334	43124094	0
1	43124095	43142427	2
1	43142428	43148096	0
1	43148097	43168018	2
1	43168019	43198762	0
1	43198763	43205923	1
1	43205924	43212004	0
1	43212005	43232753	1
1	43232754	43232938	0
1	43232939	43263966	2
1	43263967	43272721	0
1	43272722	43282800	1
1	43282801	43282921	3
1	43282922	43282952	1
1	43282953	43310658	2
1	43310659	43312278	0
1	43312279	43318146	2
1	43318147	43391050	0
1	43391051	43424528	1
1	43424529	43610822	0
1	43610823	43622065	2
1	43622066	43629844	0
1	43629845	43637818	1
1	43637819	43638239	3
1	43638240	43720027	2
1	43720028	43735663	0
1	43735664	43739671	2
1	43739672	43747552	0
1	43747553	43751286	1
1	43751287	43766662	0
1	43766663	43788777	2
1	43788778	43803476	0
1	43803477	43818441	2
1	43818442	43824624	0
1	43824625	43828872	2
1	43828873	43829066	0
1	43829067	43833687	1
1	43833688	43849586	0
1	43849587	43855477	1
1	43855478	43855551	0
1	43855552	43916822	2
1	43916823	43918302	3
1	43918303	43919658	1
1	43919659	43996545	0
1	43996546	44089341	2
1	44089342	44115827	0
1	44115828	44171184	2
1	44171185	44173216	0
1	44173217	44396829	2
1	44396830	44398990	0
1	44398991	44402911	2
1	44402912	44412609	0
1	44412610	44433692	2
1	44433693	44435674	0
1	44435675	44439039	2
1	44439040	44440157	0
1	44440158	44443965	2
1	44443966	44444864	0
1	44444865	44456838	2
1	44456839	44457170	0
1	44457171	44457278	1
1	44457279	44462198	3
1	44462199	44497132	1
1	44497133	44584520	0
1	44584521	44600810	2
1	44600811	44679125	0
1	44679126	44686351	2
1	44686352	44686740	0
1	44686741	44820930	1
1	44820931	44870864	0
1	44870865	45100908	2
1	45100909	45117393	3
1	45117394	45117394	2
1	45117395	45140225	1
1	45140226	45140383	0
1	45140384	45191261	2
1	45191262	45205488	0
1	45205489	45233437	2
1	45233438	45241107	0
1	45241108	45244449	2
1	45244450	45249255	0
1	45249256	45253375	1
1	45253376	45265895	0
1	45265896	45271583	2
1	45271584	45271660	3
1	45271661	45272955	1
1	45272956	45274152	0
1	45274153	45279799	2
1	45279800	45285514	0
1	45285515	45308733	1
1	45308734	45316448	0
1	45316449	45452280	1
1	45452281	45468210	0
1	45468211	45476999	1
1	45477000	45477817	0
1	45477818	45481245	2
1	45481246	45482069	0
1	45482070	45672226	1
1	45672227	45792543	0
1	45792544	45794345	2
1	45794346	45794833	0
1	45794834	45805340	1
1	45805341	45806117	3
1	45806118	45806140	1
1	45806141	45809553	2
1	45809554	45809645	3
1	45809646	45956870	1
1	45956871	45960062	0
1	45960063	45965644	1
1	45965645	45965723	0
1	45965724	45976706	2
1	45976707	45976737	3
1	45976738	45988717	1
1	45988718	46016213	0
1	46016214	46035719	2
1	46035720	46049516	0
1	46049517	46084564	2
1	46084565	46085715	0
1	46085716	46089727	1
1	46089728	46092974	0
1	46092975	46152300	1
1	46152301	46152884	0
1	46152885	46159994	2
1	46159995	46160113	3
1	46160114	46216320	1
1	46216321	46269283	0
1	46269284	46501794	2
1	46501795	46505810	0
1	46505811	46640757	1
1	46640758	46642158	3
1	46642159	46651628	2
1	46651629	46654352	0
1	46654353	46669004	1
1	46669005	46685961	3
1	46685962	46685975	1
1	46685976	46686931	2
1	46686932	46713365	0
1	46713366	46744070	2
1	46744071	46744143	3
1	46744144	46769278	1
1	46769279	46769301	0
1	46769302	46782446	2
1	46782447	46805847	0
1	46805848	46827861	2
1	46827862	46859935	0
1	46859936	46879515	2
1	46879516	46972666	0
1	46972667	46979896	2
1	46979897	47013050	0
1	47013051	47017197	1
1	47017198	47023088	0
1	47023089	47082561	1
1	47082562	47098407	0
1	47098408	47134525	1
1	47134526	47138921	3
1	47138922	47184822	1
1	47184823	47264716	0
1	47264717	47285083	2
1	47285084	47394847	0
1	47394848	47407135	1
1	47407136	47427034	0
1	47427035	47516421	2
1	47516422	47533158	0
1	47533159	47583989	2
1	47583990	47603120	0
1	47603121	47615411	2
1	47615412	47649263	0
1	47649264	47656714	1
1	47656715	47681960	0
1	47681961	47697385	1
1	47697386	47715809	0
1	47715810	47779817	1
1	47779818	47799467	0
1	47799468	47844509	2
1	47844510	47881742	0
1	47881743	47883721	2
1	47883722	47901687	0
1	47901688	47906361	2
1	47906362	48226198	0
1	48226199	48462565	1
1	48462566	48569304	0
1	48569305	48569876	2
1	48569877	48688355	0
1	48688356	48714314	2
1	48714315	48761042	0
1	48761043	48937843	1
1	48937844	48998525	0
1	48998526	50459988	1
1	50459989	50461872	3
1	50461873	50489583	1
1	50489584	50513684	0
1	50513685	50669456	2
1	50669457	50883220	0
1	50883221	50889170	1
1	50889171	50905148	0
1	50905149	51425933	1
1	51425934	51426415	0
1	51426416	51440303	2
1	51440304	51567904	0
1	51567905	51613750	2
1	51613751	51701941	0
1	51701942	51739125	2
1	51739126	51752928	0
1	51752929	51810786	1
1	51810787	51819933	0
1	51819934	51984998	1
1	51984999	52042849	0
1	52042850	52254861	2
1	52254862	52254887	3
1	52254888	52344475	1
1	52344476	52373626	0
1	52373627	52456434	1
1	52456435	52485801	0
1	52485802	52521795	1
1	52521796	52521841	3
1	52521842	52556386	2
1	52556387	52608044	0
1	52608045	52812356	2
1	52812357	52816267	0
1	52816268	52831863	1
1	52831864	52838499	0
1	52838500	52870129	1
1	52870130	52870234	0
1	52870235	52873952	2
1	52873953	52886509	3
1	52886510	53019157	1
1	53019158	53068042	0
1	53068043	53074721	2
1	53074722	53099014	0
1	53099015	53122735	2
1	53122736	53152506	0
1	53152507	53164036	1
1	53164037	53192124	0
1	53192125	53293012	2
1	53293013	53308181	0
1	53308182	53360668	2
1	53360669	53361654	0
1	53361655	53392849	1
1	53392850	53392899	0
1	53392900	53517373	2
1	53517374	53527852	0
1	53527853	53551172	2
1	53551173	53552853	0
1	53552854	53608287	1
1	53608288	53662099	0
1	53662100	53679769	2
1	53679770	53679867	3
1	53679868	53686287	1
1	53686288	53692562	0
1	53692563	53704280	1
1	53704281	53711215	0
1	53711216	53793724	1
1	53793725	53925070	0
1	53925071	53933159	2
1	53933160	53971908	0
1	53971909	54199875	1
1	54199876	54231131	0
1	54231132	54304531	1
1	54304532	54317404	0
1	54317405	54356405	1
1	54356406	54357838	0
1	54357839	54376757	2
1	54376758	54382245	0
1	54382246	54411600	1
1	54411601	54411748	0
1	54411749	54433839	2
1	54433840	54474410	0
1	54474411	54483854	1
1	54483855	54497345	0
1	54497346	54519175	1
1	54519176	54519272	0
1	54519273	54565414	2
1	54565415	54569966	0
1	54569967	54571748	2
1	54571749	54604666	0
1	54604667	54619441	1
1	54619442	54635331	0
1	54635332	54637995	1
1	54637996	54638029	0
1	54638030	54665683	1
1	54665684	54665838	0
1	54665839	54691135	2
1	54691136	54692303	0
1	54692304	54703708	1
1	54703709	54704734	3
1	54704735	54879150	1
1	54879151	55013899	0
1	55013900	55074853	2
1	55074854	55075998	3
1	55075999	55104863	2
1	55104864	55107464	0
1	55107465	55175933	2
1	55175934	55181493	0
1	55181494	55208328	2
1	55208329	55222569	0
1	55222570	55230185	1
1	55230186	55245383	0
1	55245384	55266938	1
1	55266939	55271734	0
1	55271735	55307923	2
1	55307924	55315304	0
1	55315305	55352889	1
1	55352890	55446463	0
1	55446464	55457964	2
1	55457965	55464604	0
1	55464605	55476554	2
1	55476555	55505219	0
1	55505220	55530523	2
1	55530524	55532030	0
1	55532031	55680784	1
1	55680785	56960417	0
1	56960418	57045239	1
1	57045240	57110993	0
1	57110994	57181006	2
1	57181007	57184475	0
1	57184476	57285042	1
1	57285043	57320477	0
1	57320478	57383892	2
1	57383893	57394881	0
1	57394882	57431808	1
1	57431809	57460449	0
1	57460450	58716209	1
1	58716210	58933597	0
1	58933598	59012472	1
1	59012473	59041097	0
1	59041098	59043164	1
1	59043165	59120409	0
1	59120410	59165762	1
1	59165763	59246463	0
1	59246464	59249783	1
1	59249784	59762308	0
1	59762309	60228400	2
1	60228401	60280456	0
1	60280457	60342048	2
1	60342049	60358978	0
1	60358979	60392460	1
1	60392461	60456064	0
1	60456065	60539440	1
1	60539441	61330929	0
1	61330930	61928463	2
1	61928464	62146716	0
1	62146717	62191093	1
1	62191094	62208147	0
1	62208148	62629590	2
1	62629591	62660501	0
1	62660502	62677998	2
1	62677999	62702649	0
1	62702650	62785083	1
1	62785084	62901966	0
1	62901967	62917473	2
1	62917474	62920397	0
1	62920398	63063156	1
1	63063157	63071828	3
1	63071829	63073435	1
1	63073436	63075247	3
1	63075248	63153967	1
1	63153968	63249804	0
1	63249805	63331182	2
1	63331183	63788728	0
1	63788729	63790795	2
1	63790796	63833259	0
1	63833260	63904231	2
1	63904232	63906442	0
1	63906443	63988884	1
1	63988885	63989059	0
1	63989060	64038362	2
1	64038363	64058945	0
1	64058946	64125914	2
1	64125915	64239691	0
1	64239692	64647179	2
1	64647180	64669308	0
1	64669309	64733049	2
1	64733050	64936426	0
1	64936427	65158739	2
1	65158740	65210776	0
1	65210777	65298913	2
1	65298914	65432185	1
1	65432186	65613230	0
1	65613231	65697826	2
1	65697827	65720143	0
1	65720144	65881550	2
1	65881551	65886246	0
1	65886247	66107240	2
1	66107241	66258195	0
1	66258196	66840257	2
1	66840258	66999064	0
1	66999065	67131545	2
1	67131546	67142708	3
1	67142709	67213980	2
1	67213981	67218141	0
1	67218142	67244468	2
1	67244469	67263422	0
1	67263423	67266937	1
1	67266938	67278566	0
1	67278567	67390568	1
1	67390569	67390576	0
1	67390577	67454300	2
1	67454301	67465013	0
1	67465014	67519780	1
1	67519781	67557846	0
1	67557847	67632081	1
1	67632082	67697533	3
1	67697534	67697534	1
1	67697535	67725660	2
1	67725661	67773045	0
1	67773046	67862581	2
1	67862582	67873491	0
1	67873492	67896096	1
1	67896097	68150742	0
1	68150743	68154019	2
1	68154020	68167147	0
1	68167148	68299148	1
1	68299149	68511643	0
1	68511644	68517312	1
1	68517313	68564140	0
1	68564141	68698801	1
1	68698802	68894503	0
1	68894504	68915640	1
1	68915641	68939833	0
1	68939834	68962902	1
1	68962903	70034079	0
1	70034080	70589169	2
1	70589170	70610486	0
1	70610487	70671301	1
1	70671302	70671363	0
1	70671364	70718733	2
1	70718734	70726269	0
1	70726270	70820415	1
1	70820416	70820486	0
1	70820487	70851020	2
1	70851021	70876899	0
1	70876900	70905532	2
1	70905533	71318034	0
1	71318035	71513489	1
1	71513490	71528972	0
1	71528973	71546978	1
1	71546979	71861621	0
1	71861622	72748415	1
1	72748416	74491697	0
1	74491698	74663869	1
1	74663870	74663894	0
1	74663895	74935560	2
1	74935561	74978296	3
1	74978297	75010106	2
1	75010107	75033793	0
1	75033794	75139420	1
1	75139421	75171168	0
1	75171169	75198834	1
1	75198835	75199090	3
1	75199091	75232356	2
1	75232357	75594117	0
1	75594118	75627216	2
1	75627217	75667814	0
1	75667815	76076799	1
1	76076800	76190034	0
1	76190035	76229362	2
1	76229363	76251877	0
1	76251878	76260762	2
1	76260763	76262565	0
1	76262566	76378921	2
1	76378922	76384556	0
1	76384557	76398114	1
1	76398115	76540402	0
1	76540403	77100284	2
1	77100285	77333124	0
1	77333125	77531394	2
1	77531395	77554673	0
1	77554674	77685113	1
1	77685114	77747734	0
1	77747735	78025649	2
1	78025650	78030183	0
1	78030184	78149102	1
1	78149103	78161670	0
1	78161671	78225535	1
1	78225536	78245307	0
1	78245308	78344104	2
1	78344105	78354196	0
1	78354197	78409578	2
1	78409579	78414088	0
1	78414089	78444792	1
1	78444793	78445866	0
1	78445867	78483646	2
1	78483647	78511584	0
1	78511585	78604131	2
1	78604132	78769566	0
1	78769567	79005432	2
1	79005433	79085605	0
1	79085606	79111828	2
1	79111829	79115514	0
1	79115515	79129761	2
1	79129762	79355447	0
1	79355448	79472401	1
1	79472402	81771849	0
1	81771850	82458105	2
1	82458106	84330709	0
1	84330710	84464813	1
1	84464814	84543743	0
1	84543744	84704179	2
1	84704180	84764047	0
1	84764048	84855638	2
1	84855639	84864213	0
1	84864214	84880699	2
1	84880700	84944940	0
1	84944941	84963471	2
1	84963472	84964006	0
1	84964007	84972246	1
1	84972247	85015287	0
1	85015288	85040145	1
1	85040146	85093911	0
1	85093912	85100701	1
1	85100702	85109388	0
1	85109389	85156484	1
1	85156485	85277283	0
1	85277284	85358894	1
1	85358895	85391266	0
1	85391267	85462793	1
1	85462794	85464828	0
1	85464829	85483763	2
1	85483764	85514127	3
1	85514128	85598819	2
1	85598820	85622554	0
1	85622555	85666727	1
1	85666728	85717649	0
1	85717650	85725323	1
1	85725324	85731929	0
1	85731930	85742771	1
1	85742772	85784162	0
1	85784163	86043931	1
1	86043932	86046442	0
1	86046443	86049643	2
1	86049644	86115104	0
1	86115105	86174114	1
1	86174115	86194914	0
1	86194915	86622624	1
1	86622625	86814342	0
1	86814343	86862021	1
1	86862022	86889767	0
1	86889768	86922239	2
1	86922240	86934049	0
1	86934050	86965970	2
1	86965971	87012759	0
1	87012760	87046435	2
1	87046436	87170257	0
1	87170258	87213865	2
1	87213866	87328130	0
1	87328131	87380046	1
1	87380047	87380329	0
1	87380330	87634882	2
1	87634883	87794149	0
1	87794150	87814604	2
1	87814605	89149903	0
1	89149904	89301936	2
1	89301937	89318613	0
1	89318614	89357299	1
1	89357300	89401454	0
1	89401455	89458641	1
1	89458642	89472347	0
1	89472348	89488563	1
1	89488564	89518000	0
1	89518001	89531041	1
1	89531042	89573681	0
1	89573682	89591795	1
1	89591796	89597432	0
1	89597433	89641721	1
1	89641722	89646829	0
1	89646830	89664613	1
1	89664614	89724636	0
1	89724637	89738542	1
1	89738543	89829615	0
1	89829616	89852018	2
1	89852019	89990393	0
1	89990394	90063421	2
1	90063422	90098629	0
1	90098630	90185090	2
1	90185091	90286571	0
1	90286572	90402168	2
1	90402169	90460672	0
1	90460673	90501088	2
1	90501089	91177094	0
1	91177095	91182792	1
1	91182793	91380857	0
1	91380858	91487827	1
1	91487828	91726321	0
1	91726322	91870424	1
1	91870425	91966406	0
1	91966407	91991319	2
1	91991320	92145900	0
1	92145901	92371890	1
1	92371891	92414926	0
1	92414927	92479981	2
1	92479982	92495537	0
1	92495538	92529091	2
1	92529092	92545860	0
1	92545861	92613391	2
1	92613392	92632540	0
1	92632541	92650278	2
1	92650279	92683495	0
1	92683496	92711368	2
1	92711369	92711957	0
1	92711958	92764520	1
1	92764521	92764531	3
1	92764532	92764542	1
1	92764543	92867611	2
1	92867612	92940317	0
1	92940318	92952431	1
1	92952432	92974251	0
1	92974252	93257959	1
1	93257960	93297580	0
1	93297581	93307479	2
1	93307480	93307722	0
1	93307723	93427055	1
1	93427056	93544790	0
1	93544791	93604636	2
1	93604637	93615297	0
1	93615298	93645474	1
1	93645475	93646283	3
1	93646284	93744285	2
1	93744286	93811443	0
1	93811444	93835053	2
1	93835054	93913686	0
1	93913687	94020216	2
1	94020217	94027345	0
1	94027346	94312704	1
1	94312705	94333371	0
1	94333372	94344760	1
1	94344761	94350759	0
1	94350760	94374964	1
1	94374965	94458391	0
1	94458392	94586686	1
1	94586687	94637305	0
1	94637306	94703187	1
1	94703188	94883931	0
1	94883932	94984217	2
1	94984218	94994779	0
1	94994780	95007354	1
1	95007355	95285896	0
1	95285897	95360800	2
1	95360801	95362505	0
1	95362506	95392832	1
1	95392833	95439961	0
1	95439962	95538499	1
1	95538500	95582892	0
1	95582893	95712779	2
1	95712780	96457543	0
1	96457544	96488434	2
1	96488435	97187337	0
1	97187338	97289292	2
1	97289293	97543297	0
1	97543298	98386603	1
1	98386604	99127234	0
1	99127235	99226054	2
1	99226055	99355804	0
1	99355805	99470586	1
1	99470587	99729507	0
1	99729508	99775144	2
1	99775145	100111497	0
1	100111498	100160095	2
1	100160096	100174257	0
1	100174258	100231347	1
1	100231348	100315638	0
1	100315639	100389577	2
1	100389578	100435343	0
1	100435344	100492446	2
1	100492447	100503651	0
1	100503652	100548931	2
1	100548932	100549117	0
1	100549118	100598509	1
1	100598510	100598704	0
1	100598705	100614407	2
1	100614408	100616051	3
1	100616052	100643769	1
1	100643770	100652473	0
1	100652474	100715388	1
1	100715389	100731761	0
1	100731762	100758323	2
1	100758324	100810582	0
1	100810583	100985831	2
1	100985832	101003691	0
1	101003692	101007572	2
1	101007573	101185296	0
1	101185297	101204599	2
1	101204600	101337941	0
1	101337942	101361552	1
1	101361553	101361630	0
1	101361631	101447307	2
1	101447308	101455617	0
1	101455618	101455759	1
1	101455760	101457651	3
1	101457652	101491326	1
1	101491327	101702442	0
1	101702443	101707072	2
1	101707073	102268128	0
1	102268129	102462584	1
1	102462585	103342021	0
1	103342022	103574050	1
1	103574051	104068311	0
1	104068312	104122149	2
1	104122150	104159997	0
1	104159998	104168400	2
1	104168401	104197910	0
1	104197911	104207171	2
1	104207172	104230035	0
1	104230036	104239300	1
1	104239301	104293026	0
1	104293027	104301310	2
1	104301311	107599265	0
1	107599266	107601914	2
1	107601915	107682627	0
1	107682628	108026078	2
1	108026079	108113780	0
1	108113781	108507764	1
1	108507765	108676656	0
1	108676657	108743469	1
1	108743470	108765961	0
1	108765962	108786687	1
1	108786688	108918419	0
1	108918420	109013622	2
1	109013623	109102709	0
1	109102710	109187520	2
1	109187521	109190910	0
1	109190911	109204146	1
1	109204147	109234943	0
1	109234944	109244423	2
1	109244424	109255277	0
1	109255278	109285363	2
1	109285364	109289308	0
1	109289309	109352146	2
1	109352147	109358518	0
1	109358519	109417970	1
1	109417971	109477165	3
1	109477166	109506109	1
1	109506110	109512834	0
1	109512835	109584848	1
1	109584849	109606760	0
1	109606761	109618622	1
1	109618623	109632423	0
1	109632424	109639554	2
1	109639555	109648571	0
1	109648572	109656299	1
1	109656300	109656477	3
1	109656478	109745849	2
1	109745850	109756538	0
1	109756539	109780768	2
1	109780769	109792639	0
1	109792640	109818370	2
1	109818371	109822176	0
1	109822177	109825806	1
1	109825807	109834985	0
1	109834986	109849661	1
1	109849662	109852190	0
1	109852191	109940571	1
1	109940572	109941651	0
1	109941652	109969060	1
1	109969061	110009178	0
1	110009179	110024757	2
1	110024758	110026559	0
1	110026560	110035354	2
1	110035355	110036672	0
1	110036673	110045552	2
1	110045553	110046795	0
1	110046796	110052358	1
1	110052359	110082492	0
1	110082493	110089880	2
1	110089881	110091231	0
1	110091232	110136973	2
1	110136974	110145887	0
1	110145888	110155677	1
1	110155678	110158724	0
1	110158725	110174671	2
1	110174672	110198701	0
1	110198702	110208116	2
1	110208117	110210642	0
1	110210643	110252169	2
1	110252170	110254862	0
1	110254863	110260886	2
1	110260887	110276552	0
1	110276553	110284382	1
1	110284383	110292700	0
1	110292701	110306647	1
1	110306648	110452862	0
1	110452863	110473612	2
1	110473613	110527306	0
1	110527307	110566355	2
1	110566356	110574197	0
1	110574198	110597261	2
1	110597262	110602614	0
1	110602615	110613320	1
1	110613321	110655060	0
1	110655061	110656567	2
1	110656568	110693106	0
1	110693107	110744822	2
1	110744823	110754093	0
1	110754094	110776664	2
1	110776665	110881126	0
1	110881127	110889297	2
1	110889298	110905468	0
1	110905469	110933702	1
1	110933703	110943869	0
1	110943870	110950562	1
1	110950563	110993820	0
1	110993821	110999974	2
1	110999975	111059837	0
1	111059838	111061795	1
1	111061796	111136200	0
1	111136201	111174094	1
1	111174095	111214308	0
1	111214309	111217653	1
1	111217654	111415773	0
1	111415774	111442548	2
1	111442549	111489805	0
1	111489806	111506699	1
1	111506700	111659953	0
1	111659954	111682247	1
1	111682248	111682660	3
1	111682661	111682836	1
1	111682837	111727722	2
1	111727723	111729794	0
1	111729795	111743391	1
1	111743392	111747029	3
1	111747030	111786060	2
1	111786061	111833482	0
1	111833483	111863186	2
1	111863187	111888908	0
1	111888909	111895633	2
1	111895634	111956934	0
1	111956935	111970397	1
1	111970398	111982510	0
1	111982511	111991556	1
1	111991557	111991996	3
1	111991997	112005393	2
1	112005394	112016412	0
1	112016413	112021132	2
1	112021133	112025968	0
1	112025969	112084838	1
1	112084839	112106582	3
1	112106583	112259311	2
1	112259312	112264684	0
1	112264685	112297925	1
1	112297926	112298444	3
1	112298445	112310636	2
1	112310637	112313282	0
1	112313283	112531775	1
1	112531776	112938801	0
1	112938802	113003784	2
1	113003785	113009161	0
1	113009162	113066138	2
1	113066139	113072785	3
1	113072786	113161793	1
1	113161794	113161809	3
1	113161810	113162038	1
1	113162039	113214239	2
1	113214240	113217041	0
1	113217042	113243366	2
1	113243367	113243726	0
1	113243727	113258097	1
1	113258098	113263039	0
1	113263040	113269855	2
1	113269856	113454467	0
1	113454468	113499633	1
1	113499634	113615829	0
1	113615830	113674880	2
1	113674881	113933369	0
1	113933370	114228543	2
1	114228544	114239822	0
1	114239823	114302096	1
1	114302097	114304452	0
1	114304453	114355096	1
1	114355097	114356431	0
1	114356432	114414379	1
1	114414380	114423323	0
1	114423324	114430167	1
1	114430168	114437368	0
1	114437369	114447761	1
1	114447762	114447821	3
1	114447822	114456706	2
1	114456707	114471812	0
1	114471813	114520424	2
1	114520425	114522061	0
1	114522062	114524874	2
1	114524875	114631912	0
1	114631913	114696539	1
1	114696540	114935397	0
1	114935398	115053779	1
1	115053780	115110176	0
1	115110177	115124258	1
1	115124259	115125467	0
1	115125468	115212730	1
1	115212731	115215717	0
1	115215718	115238237	1
1	115238238	115247088	0
1	115247089	115259513	1
1	115259514	115259532	0
1	115259533	115301295	1
1	115301296	115312098	0
1	115312099	115323304	1
1	115323305	115397422	0
1	115397423	115537989	2
1	115537990	115572413	0
1	115572414	115576939	2
1	115576940	115590630	0
1	115590631	115632119	1
1	115632120	115828537	0
1	115828538	115880855	1
1	115880856	116184572	0
1	116184573	116240843	2
1	116240844	116242626	0
1	116242627	116311400	1
1	116311401	116378996	0
1	116378997	116386536	1
1	116386537	116519117	0
1	116519118	116612673	2
1	116612674	116654374	0
1	116654375	116677859	2
1	116677860	116915288	0
1	116915289	116915888	2
1	116915889	116926716	3
1	116926717	116952881	2
1	116952882	117057155	0
1	117057156	117113659	1
1	117113660	117117029	0
1	117117030	117210373	1
1	117210374	117236732	0
1	117236733	117249223	2
1	117249224	117297005	0
1	117297006	117311848	2
1	117311849	117452677	0
1	117452678	117532978	2
1	117532979	117544380	0
1	117544381	117579165	2
1	117579166	117602923	0
1	117602924	117650073	2
1	117650074	117653680	0
1	117653681	117665207	1
1	117665208	117686207	0
1	117686208	117753554	1
1	117753555	117910069	0
1	117910070	118071492	2
1	118071493	118148554	0
1	118148555	118170992	2
1	118170993	118406105	0
1	118406106	118472251	1
1	118472252	118472341	0
1	118472342	118496485	2
1	118496486	118509163	3
1	118509164	118727844	1
1	118727845	119425667	0
1	119425668	119532177	1
1	119532178	119573837	0
1	119573838	119683292	1
1	119683293	119911400	0
1	119911401	119936751	2
1	119936752	119957552	0
1	119957553	119965656	2
1	119965657	120049819	0
1	120049820	120057679	2
1	120057680	120162043	0
1	120162044	120190394	1
1	120190395	120254508	0
1	120254509	120286836	2
1	120286837	120290617	0
1	120290618	120311526	1
1	120311527	120336639	0
1	120336640	120354281	1
1	120354282	120436154	0
1	120436155	120439116	1
1	120439117	120454174	0
1	120454175	120612238	1
1	120612239	120839003	0
1	120839004	120855679	2
1	120855680	120926977	0
1	120926978	120935935	1
1	120935936	143767142	0
1	143767143	143767879	1
1	143767880	143896450	0
1	143896451	143913141	1
1	143913142	144146806	0
1	144146807	144224479	2
1	144224480	144339736	0
1	144339737	144363460	2
1	144363461	144364244	3
1	144364245	144521056	2
1	144521057	144811742	0
1	144811743	144830411	2
1	144830412	144851422	0
1	144851423	144989307	1
1	144989308	144991363	3
1	144991364	145076184	1
1	145076185	145209117	0
1	145209118	145370301	2
1	145370302	145413093	0
1	145413094	145417543	2
1	145417544	145438467	0
1	145438468	145442633	2
1	145442634	145456234	0
1	145456235	145470385	1
1	145470386	145470506	0
1	145470507	145475644	2
1	145475645	145477083	0
1	145477084	145501667	2
1	145501668	145507596	0
1	145507597	145513534	2
1	145513535	145516250	0
1	145516251	145523728	2
1	145523729	145524889	0
1	145524890	145543866	2
1	145543867	145549228	0
1	145549229	145568524	2
1	145568525	145575231	0
1	145575232	145586113	2
1	145586114	145586544	3
1	145586545	145589437	1
1	145589438	145592603	0
1	145592604	145610935	1
1	145610936	145611034	0
1	145611035	145695796	2
1	145695797	145696216	3
1	145696217	145715612	1
1	145715613	145726916	0
1	145726917	145764072	2
1	145764073	145764409	0
1	145764410	145827101	1
1	145827102	145883866	0
1	145883867	145924371	2
1	145924372	146032645	0
1	146032646	146082763	1
1	146082764	146373544	0
1	146373545	146467742	2
1	146467743	146626683	0
1	146626684	146644121	1
1	146644122	146655882	0
1	146655883	146697463	1
1	146697464	146714289	0
1	146714290	146767441	2
1	146767442	147013180	0
1	147013181	147098015	2
1	147098016	147101451	0
1	147101452	147142616	1
1	147142617	147228330	0
1	147228331	147245482	1
1	147245483	147374944	0
1	147374945	147381391	2
1	147381392	147400504	0
1	147400505	147465569	2
1	147465570	147575798	0
1	147575799	147610079	1
1	147610080	147631965	0
1	147631966	147632426	1
1	147632427	147954633	0
1	147954634	147955417	1
1	147955418	148003640	0
1	148003641	148025861	1
1	148025862	148201750	0
1	148201751	148202534	1
1	148202535	148250247	0
1	148250248	148347504	1
1	148347505	148560841	0
1	148560842	148596265	2
1	148596266	148739441	0
1	148739442	148758309	2
1	148758310	149400129	0
1	149400130	149400540	1
1	149400541	149449932	0
1	149449933	149459547	1
1	149459548	149553001	0
1	149553002	149553785	2
1	149553786	149675976	0
1	149675977	149676607	2
1	149676608	149754225	0
1	149754226	149754243	2
1	149754244	149762944	3
1	149762945	149783926	1
1	149783927	149784824	0
1	149784825	149785234	1
1	149785235	149804225	0
1	149804226	149804940	2
1	149804941	149811108	0
1	149811109	149812763	1
1	149812764	149813503	0
1	149813504	149814476	1
1	149814477	149822641	0
1	149822642	149823189	2
1	149823190	149824179	0
1	149824180	149825605	2
1	149825606	149825834	3
1	149825835	149832712	1
1	149832713	149856008	0
1	149856009	149858230	1
1	149858231	149858523	0
1	149858524	149858959	2
1	149858960	149859017	0
1	149859018	149859438	1
1	149859439	149859464	3
1	149859465	149872343	2
1	149872344	149874868	0
1	149874869	149889432	1
1	149889433	149895207	0
1	149895208	149900234	1
1	149900235	149900542	0
1	149900543	149908789	1
1	149908790	149909703	0
1	149909704	149982623	1
1	149982624	150039367	0
1	150039368	150117503	2
1	150117504	150121371	0
1	150121372	150132258	2
1	150132259	150190715	0
1	150190716	150208502	1
1	150208503	150229552	0
1	150229553	150237476	2
1	150237477	150237802	0
1	150237803	150240598	1
1	150240599	150241397	3
1	150241398	150241701	1
1	150241702	150253325	2
1	150253326	150254951	0
1	150254952	150259503	2
1	150259504	150266287	0
1	150266288	150281412	2
1	150281413	150293923	0
1	150293924	150325669	2
1	150325670	150337124	0
1	150337125	150449040	2
1	150449041	150459885	0
1	150459886	150480076	2
1	150480077	150480550	0
1	150480551	150486263	2
1	150486264	150521882	0
1	150521883	150533411	2
1	150533412	150533478	0
1	150533479	150533967	1
1	150533968	150547030	0
1	150547031	150552064	1
1	150552065	150573325	0
1	150573326	150602070	1
1	150602071	150618699	0
1	150618700	150669628	1
1	150669629	150670534	0
1	150670535	150693359	1
1	150693360	150702670	0
1	150702671	150738431	1
1	150738432	150768682	0
1	150768683	150780797	1
1	150780798	150782179	0
1	150782180	150849242	1
1	150849243	150898737	0
1	150898738	150936144	2
1	150936145	150937209	3
1	150937210	150937211	2
1	150937212	150947477	1
1	150947478	150954491	0
1	150954492	150968108	2
1	150968109	150969023	0
1	150969024	150980849	1
1	150980850	150980951	0
1	150980952	151008187	2
1	151008188	151009044	0
1	151009045	151020074	2
1	151020075	151020214	0
1	151020215	151023445	2
1	151023446	151023894	3
1	151023895	151030232	1
1	151030233	151040968	3
1	151040969	151042799	1
1	151042800	151043078	0
1	151043079	151098016	2
1	151098017	151104159	0
1	151104160	151119102	1
1	151119103	151129103	0
1	151129104	151132222	2
1	151132223	151132223	3
1	151132224	151133059	2
1	151133060	151138422	3
1	151138423	151142460	2
1	151142461	151142771	3
1	151142772	151148490	1
1	151148491	151148778	0
1	151148779	151162687	1
1	151162688	151170423	0
1	151170424	151222010	2
1	151222011	151227177	0
1	151227178	151239953	2
1	151239954	151252498	0
1	151252499	151254092	1
1	151254093	151254403	3
1	151254404	151264271	2
1	151264272	151264654	3
1	151264655	151300189	1
1	151300190	151313114	0
1	151313115	151319831	1
1	151319832	151336776	0
1	151336777	151345207	1
1	151345208	151372008	0
1	151372009	151374418	2
1	151374419	151375198	0
1	151375199	151431939	1
1	151431940	151482984	0
1	151482985	151511166	2
1	151511167	151512779	0
1	151512780	151556057	2
1	151556058	151584556	0
1	151584557	151671565	2
1	151671566	151674878	0
1	151674879	151682907	1
1	151682908	151688526	3
1	151688527	151689288	1
1	151689289	151702080	2
1	151702081	151732117	0
1	151732118	151735443	1
1	151735444	151736038	3
1	151736039	151743806	2
1	151743807	151744038	0
1	151744039	151763890	1
1	151763891	151772738	0
1	151772739	151804346	1
1	151804347	151810293	0
1	151810294	151813031	1
1	151813032	151819737	0
1	151819738	151826171	1
1	151826172	151846058	0
1	151846059	151882282	1
1	151882283	151955389	0
1	151955390	151966864	1
1	151966865	152004980	0
1	152004981	152009509	1
1	152009510	152056618	0
1	152056619	152061538	1
1	152061539	152078791	0
1	152078792	152086554	1
1	152086555	152126069	0
1	152126070	152131702	1
1	152131703	152184556	0
1	152184557	152196667	1
1	152196668	152274649	0
1	152274650	152297677	1
1	152297678	152321209	0
1	152321210	152332480	1
1	152332481	152381717	0
1	152381718	152386737	1
1	152386738	152483318	0
1	152483319	152484651	2
1	152484652	152486976	0
1	152486977	152488484	2
1	152488485	152538128	0
1	152538129	152539246	1
1	152539247	152551855	0
1	152551856	152552978	1
1	152552979	152573136	0
1	152573137	152573560	2
1	152573561	152586285	0
1	152586286	152586572	2
1	152586573	152595308	0
1	152595309	152595577	1
1	152595578	152635870	0
1	152635871	152637133	2
1	152637134	152647769	0
1	152647770	152659875	2
1	152659876	152670838	0
1	152670839	152671916	2
1	152671917	152680634	0
1	152680635	152681965	2
1	152681966	152691996	0
1	152691997	152692903	2
1	152692904	152730504	0
1	152730505	152734527	2
1	152734528	152748846	0
1	152748847	152749443	2
1	152749444	152758688	0
1	152758689	152760900	2
1	152760901	152769225	0
1	152769226	152770655	2
1	152770656	152777309	0
1	152777310	152779105	1
1	152779106	152784445	0
1	152784446	152785583	2
1	152785584	152799947	0
1	152799948	152800571	2
1	152800572	152815342	0
1	152815343	152816457	2
1	152816458	152850791	0
1	152850792	152857521	2
1	152857522	152881019	0
1	152881020	152884360	2
1	152884361	152943140	0
1	152943141	152945048	2
1	152945049	152956555	0
1	152956556	152958287	2
1	152958288	152974221	0
1	152974222	152976330	2
1	152976331	153003676	0
1	153003677	153005374	2
1	153005375	153012199	0
1	153012200	153014405	1
1	153014406	153028587	0
1	153028588	153030011	1
1	153030012	153042698	0
1	153042699	153113925	1
1	153113926	153122056	0
1	153122057	153123343	1
1	153123344	153175917	0
1	153175918	153177594	2
1	153177595	153190058	0
1	153190059	153191791	2
1	153191792	153232174	0
1	153232175	153234596	2
1	153234597	153270336	0
1	153270337	153283192	1
1	153283193	153302594	0
1	153302595	153321314	1
1	153321315	153330328	0
1	153330329	153333501	2
1	153333502	153346182	0
1	153346183	153348123	1
1	153348124	153362506	0
1	153362507	153363662	1
1	153363663	153388998	0
1	153388999	153395699	2
1	153395700	153409532	0
1	153409533	153412423	1
1	153412424	153430218	0
1	153430219	153433175	1
1	153433176	153507073	0
1	153507074	153508718	1
1	153508719	153509621	0
1	153509622	153514239	1
1	153514240	153516087	0
1	153516088	153522610	1
1	153522611	153533582	0
1	153533583	153540364	1
1	153540365	153579360	0
1	153579361	153585557	1
1	153585558	153586729	0
1	153586730	153589460	1
1	153589461	153591273	0
1	153591274	153600400	1
1	153600401	153600654	3
1	153600655	153600871	1
1	153600872	153604511	3
1	153604512	153606523	1
1	153606524	153606566	3
1	153606567	153618780	2
1	153618781	153631128	0
1	153631129	153634304	2
1	153634305	153634510	0
1	153634511	153643522	1
1	153643523	153651111	0
1	153651112	153666466	2
1	153666467	153700541	0
1	153700542	153746553	2
1	153746554	153746828	0
1	153746829	153752631	2
1	153752632	153777199	0
1	153777200	153895449	1
1	153895450	153901975	0
1	153901976	153919170	1
1	153919171	153920149	0
1	153920150	153931099	1
1	153931100	153931573	0
1	153931574	153940186	1
1	153940187	153940344	0
1	153940345	153946743	2
1	153946744	153946830	3
1	153946831	153946837	2
1	153946838	153950162	1
1	153950163	153954125	0
1	153954126	153958826	1
1	153958827	153963233	0
1	153963234	153964624	2
1	153964625	153965159	0
1	153965160	154127590	1
1	154127591	154127782	0
1	154127783	154167122	1
1	154167123	154171846	0
1	154171847	154178807	1
1	154178808	154179180	0
1	154179181	154192653	1
1	154192654	154193080	3
1	154193081	154193102	1
1	154193103	154243984	2
1	154243985	154244985	0
1	154244986	154248349	2
1	154248350	154293590	0
1	154293591	154297799	2
1	154297800	154298027	0
1	154298028	154323781	2
1	154323782	154377667	0
1	154377668	154441924	2
1	154441925	154442246	0
1	154442247	154474587	1
1	154474588	154474693	0
1	154474694	154520621	2
1	154520622	154521051	0
1	154521052	154531107	1
1	154531108	154540255	0
1	154540256	154552500	2
1	154552501	154554536	0
1	154554537	154585065	1
1	154585066	154585188	3
1	154585189	154600472	1
1	154600473	154669929	0
1	154669930	154842754	1
1	154842755	154897208	0
1	154897209	154909465	1
1	154909466	154916550	0
1	154916551	154928595	1
1	154928596	154929500	0
1	154929501	154934510	1
1	154934511	154934772	0
1	154934773	154946869	1
1	154946870	154947127	0
1	154947128	154951723	2
1	154951724	154955826	0
1	154955827	154965585	2
1	154965586	154966062	0
1	154966063	154966616	2
1	154966617	154975125	0
1	154975126	154990996	2
1	154990997	154991007	0
1	154991008	155006255	1
1	155006256	155006298	0
1	155006299	155023404	2
1	155023405	155023760	0
1	155023761	155035250	2
1	155035251	155036205	0
1	155036206	155060012	2
1	155060013	155099934	0
1	155099935	155107331	2
1	155107332	155107818	0
1	155107819	155111327	2
1	155111328	155112365	0
1	155112366	155113069	1
1	155113070	155141882	0
1	155141883	155145871	1
1	155145872	155154533	3
1	155154534	155162704	1
1	155162705	155165377	0
1	155165378	155177706	1
1	155177707	155178488	0
1	155178489	155183613	2
1	155183614	155204241	0
1	155204242	155214488	1
1	155214489	155216994	0
1	155216995	155225176	1
1	155225177	155225768	0
1	155225769	155232219	1
1	155232220	155232657	0
1	155232658	155247372	1
1	155247373	155247499	3
1	155247500	155259628	2
1	155259629	155259637	3
1	155259638	155271223	1
1	155271224	155278537	0
1	155278538	155290455	2
1	155290456	155290685	0
1	155290686	155300903	2
1	155300904	155305057	0
1	155305058	155532596	1
1	155532597	155579977	0
1	155579978	155629235	2
1	155629236	155658083	3
1	155658084	155718151	2
1	155718152	155719506	0
1	155719507	155829189	1
1	155829190	155829298	0
1	155829299	155854988	2
1	155854989	155867597	0
1	155867598	155881193	1
1	155881194	155882832	0
1	155882833	155904188	1
1	155904189	155911478	0
1	155911479	155912623	2
1	155912624	155916628	0
1	155916629	155976859	1
1	155976860	155978837	0
1	155978838	155990748	1
1	155990749	156005090	0
1	156005091	156023583	1
1	156023584	156024541	0
1	156024542	156028299	2
1	156028300	156030949	0
1	156030950	156040293	2
1	156040294	156041802	0
1	156041803	156051787	1
1	156051788	156052367	0
1	156052368	156109878	2
1	156109879	156117155	0
1	156117156	156147541	2
1	156147542	156163878	0
1	156163879	156182585	2
1	156182586	156182771	0
1	156182772	156213121	2
1	156213122	156213204	0
1	156213205	156217879	1
1	156217880	156219013	0
1	156219014	156252618	1
1	156252619	156252737	0
1	156252738	156262232	2
1	156262233	156262477	0
1	156262478	156265461	1
1	156265462	156268413	0
1	156268414	156269426	1
1	156269427	156278757	0
1	156278758	156307103	1
1	156307104	156308254	3
1	156308255	156308292	1
1	156308293	156316779	3
1	156316780	156337662	1
1	156337663	156339001	0
1	156339002	156355009	2
1	156355010	156374042	0
1	156374043	156399213	1
1	156399214	156433517	0
1	156433518	156470618	1
1	156470619	156495195	0
1	156495196	156542330	1
1	156542331	156549517	0
1	156549518	156556560	2
1	156556561	156561552	0
1	156561553	156564089	2
1	156564090	156564277	0
1	156564278	156571280	1
1	156571281	156589084	0
1	156589085	156595515	2
1	156595516	156611180	0
1	156611181	156629318	2
1	156629319	156638553	0
1	156638554	156647187	1
1	156647188	156669396	0
1	156669397	156675606	1
1	156675607	156691681	0
1	156691682	156698232	1
1	156698233	156698589	3
1	156698590	156706739	2
1	156706740	156707093	0
1	156707094	156711380	1
1	156711381	156711897	0
1	156711898	156722238	1
1	156722239	156737290	0
1	156737291	156770605	2
1	156770606	156776033	0
1	156776034	156785446	1
1	156785447	156786624	3
1	156786625	156786652	1
1	156786653	156809853	2
1	156809854	156828808	3
1	156828809	156851640	2
1	156851641	156863510	0
1	156863511	156886224	2
1	156886225	156890440	0
1	156890441	156902884	2
1	156902885	156904630	0
1	156904631	157015160	1
1	157015161	157061834	0
1	157061835	157069598	1
1	157069599	157090981	0
1	157090982	157108264	1
1	157108265	157483165	0
1	157483166	157522308	1
1	157522309	157543537	0
1	157543538	157567868	1
1	157567869	157646269	0
1	157646270	157670645	1
1	157670646	157715521	0
1	157715522	157746920	1
1	157746921	157764324	0
1	157764325	157789893	1
1	157789894	157800702	0
1	157800703	157811586	1
1	157811587	157963061	0
1	157963062	158070050	2
1	158070051	158149735	0
1	158149736	158154684	2
1	158154685	158223925	0
1	158223926	158228057	2
1	158228058	158259574	0
1	158259575	158263418	2
1	158263419	158297739	0
1	158297740	158301319	1
1	158301320	158323252	0
1	158323253	158327341	2
1	158327342	158368310	0
1	158368311	158369254	1
1	158369255	158389716	0
1	158389717	158390654	1
1	158390655	158435270	0
1	158435271	158436342	2
1	158436343	158449666	0
1	158449667	158450673	2
1	158450674	158516916	0
1	158516917	158517893	1
1	158517894	158532439	0
1	158532440	158533392	1
1	158533393	158548707	0
1	158548708	158549687	1
1	158549688	158576227	0
1	158576228	158577168	2
1	158577169	158580494	0
1	158580495	158656486	1
1	158656487	158669367	0
1	158669368	158670484	1
1	158670485	158686956	0
1	158686957	158687951	1
1	158687952	158724508	0
1	158724509	158725679	2
1	158725680	158735464	0
1	158735465	158736490	1
1	158736491	158746470	0
1	158746471	158747423	1
1	158747424	158801105	0
1	158801106	158819294	2
1	158819295	158900584	0
1	158900585	158946842	2
1	158946843	158969756	0
1	158969757	159024943	2
1	159024944	159032272	0
1	159032273	159110296	1
1	159110297	159141397	0
1	159141398	159176288	2
1	159176289	159259502	0
1	159259503	159278012	2
1	159278013	159283458	0
1	159283459	159284447	1
1	159284448	159409510	0
1	159409511	159410598	2
1	159410599	159504791	0
1	159504792	159505840	1
1	159505841	159557613	0
1	159557614	159558653	2
1	159558654	159682077	0
1	159682078	159684377	1
1	159684378	159750720	0
1	159750721	159752331	2
1	159752332	159770300	0
1	159770301	159786039	2
1	159786040	159796538	0
1	159796539	159804262	2
1	159804263	159807037	3
1	159807038	159832445	1
1	159832446	159842152	0
1	159842153	159869951	1
1	159869952	159879882	0
1	159879883	159880157	1
1	159880158	159887895	0
1	159887896	159895520	1
1	159895521	159896827	0
1	159896828	159915384	1
1	159915385	159921280	0
1	159921281	159924042	1
1	159924043	159997460	0
1	159997461	160001781	1
1	160001782	160007255	0
1	160007256	160040036	1
1	160040037	160051358	0
1	160051359	160060351	2
1	160060352	160061128	0
1	160061129	160068731	1
1	160068732	160085561	0
1	160085562	160113379	2
1	160113380	160121358	0
1	160121359	160156765	2
1	160156766	160160283	0
1	160160284	160171674	2
1	160171675	160175125	0
1	160175126	160185164	2
1	160185165	160185503	0
1	160185504	160254934	1
1	160254935	160259061	0
1	160259062	160313060	1
1	160313061	160313188	3
1	160313189	160328740	2
1	160328741	160336855	0
1	160336856	160342636	2
1	160342637	160370374	0
1	160370375	160398466	2
1	160398467	160454818	0
1	160454819	160493050	1
1	160493051	160510883	0
1	160510884	160549304	1
1	160549305	160577888	0
1	160577889	160617083	1
1	160617084	160648534	0
1	160648535	160681639	1
1	160681640	160709037	0
1	160709038	160724609	2
1	160724610	160765862	0
1	160765863	160798049	2
1	160798050	160799948	0
1	160799949	160832690	1
1	160832691	160846327	0
1	160846328	160854958	1
1	160854959	160914813	0
1	160914814	160924587	1
1	160924588	160964999	0
1	160965000	160991136	1
1	160991137	161007419	0
1	161007420	161008778	1
1	161008779	161009039	0
1	161009040	161015765	1
1	161015766	161016736	0
1	161016737	161035653	1
1	161035654	161035941	3
1	161035942	161039758	1
1	161039759	161040783	0
1	161040784	161059387	1
1	161059388	161068182	0
1	161068183	161070134	2
1	161070135	161070344	0
1	161070345	161087889	1
1	161087890	161087899	3
1	161087900	161090762	2
1	161090763	161090855	3
1	161090856	161091575	2
1	161091576	161095233	3
1	161095234	161102476	1
1	161102477	161123540	0
1	161123541	161128644	2
1	161128645	161129238	0
1	161129239	161135511	2
1	161135512	161136198	0
1	161136199	161141098	2
1	161141099	161146880	3
1	161146881	161146905	2
1	161146906	161147285	1
1	161147286	161154096	0
1	161154097	161168844	1
1	161168845	161169103	0
1	161169104	161184183	2
1	161184184	161185067	0
1	161185068	161192080	2
1	161192081	161192294	3
1	161192295	161193419	1
1	161193420	161195791	0
1	161195792	161199454	2
1	161199455	161200395	3
1	161200396	161200406	2
1	161200407	161208090	1
1	161208091	161228515	0
1	161228516	161255238	2
1	161255239	161274523	0
1	161274524	161279760	1
1	161279761	161284045	0
1	161284046	161332982	2
1	161332983	161334519	0
1	161334520	161337662	1
1	161337663	161475218	0
1	161475219	161489755	2
1	161489756	161494034	0
1	161494035	161496679	2
1	161496680	161511547	0
1	161511548	161551099	1
1	161551100	161600915	3
1	161600916	161648442	2
1	161648443	161676760	0
1	161676761	161684139	2
1	161684140	161691351	0
1	161691352	161697931	2
1	161697932	161719558	0
1	161719559	161726950	2
1	161726951	161736082	0
1	161736083	161933858	2
1	161933859	161952980	0
1	161952981	161993642	1
1	161993643	162039562	0
1	162039563	162342991	2
1	162342992	162346658	3
1	162346659	162356598	2
1	162356599	162365054	0
1	162365055	162381914	1
1	162381915	162467039	0
1	162467040	162499417	2
1	162499418	162531321	0
1	162531322	162569625	2
1	162569626	162601161	0
1	162601162	162757188	2
1	162757189	162760511	0
1	162760512	162782605	2
1	162782606	162821104	0
1	162821105	162838603	1
1	162838604	163038563	0
1	163038564	163046590	2
1	163046591	163112092	0
1	163112093	163187424	1
1	163187425	163236364	0
1	163236365	163325552	2
1	163325553	164528435	0
1	164528436	164854298	2
1	164854299	165171102	0
1	165171103	165325950	1
1	165325951	165370157	0
1	165370158	165414431	1
1	165414432	165513242	0
1	165513243	165533196	2
1	165533197	165600096	0
1	165600097	165631031	2
1	165631032	165631451	0
1	165631452	165668098	1
1	165668099	165696030	0
1	165696031	165796766	1
1	165796767	165796990	3
1	165796991	165877605	2
1	165877606	166026677	0
1	166026678	166028707	1
1	166028708	166039254	0
1	166039255	166136204	1
1	166136205	166808679	0
1	166808680	166825579	2
1	166825580	166825745	0
1	166825746	166845562	1
1	166845563	166882441	0
1	166882442	166944717	1
1	166944718	166958344	0
1	166958345	166991449	2
1	166991450	167022071	0
1	167022072	167059866	1
1	167059867	167063280	0
1	167063281	167098400	2
1	167098401	167190064	0
1	167190065	167396580	2
1	167396581	167399875	0
1	167399876	167487845	1
1	167487846	167510248	0
1	167510249	167523002	1
1	167523003	167599328	0
1	167599329	167675484	2
1	167675485	167691185	0
1	167691186	167761154	2
1	167761155	167778623	0
1	167778624	167883451	1
1	167883452	167885965	0
1	167885966	167905897	1
1	167905898	167906276	3
1	167906277	168045079	2
1	168045080	168053995	0
1	168053996	168106819	1
1	168106820	168148169	0
1	168148170	168169948	2
1	168169949	168195186	0
1	168195187	168222261	2
1	168222262	168250276	0
1	168250277	168283662	2
1	168283663	168510001	0
1	168510002	168513233	1
1	168513234	168545709	0
1	168545710	168551313	2
1	168551314	168664695	0
1	168664696	168698500	1
1	168698501	169074933	0
1	169074934	169101767	2
1	169101768	169101958	3
1	169101959	169337203	1
1	169337204	169337206	0
1	169337207	169364106	2
1	169364107	169365776	3
1	169365777	169429905	1
1	169429906	169433145	0
1	169433146	169455239	1
1	169455240	169483402	0
1	169483403	169555824	1
1	169555825	169558085	0
1	169558086	169599429	1
1	169599430	169659806	0
1	169659807	169680837	1
1	169680838	169691779	0
1	169691780	169733844	1
1	169733845	169761668	0
1	169761669	169764105	1
1	169764106	169764179	0
1	169764180	169818770	2
1	169818771	169823219	3
1	169823220	169863406	1
1	169863407	169890465	0
1	169890466	170043834	1
1	170043835	170115140	0
1	170115141	170136929	2
1	170136930	170501268	0
1	170501269	170522585	2
1	170522586	170632273	0
1	170632274	170708558	2
1	170708559	170904610	0
1	170904611	171033904	2
1	171033905	171060016	0
1	171060017	171086957	2
1	171086958	171107239	0
1	171107240	171130533	2
1	171130534	171154345	0
1	171154346	171181820	2
1	171181821	171217636	0
1	171217637	171255115	2
1	171255116	171283371	0
1	171283372	171311221	2
1	171311222	171454649	0
1	171454650	171562648	2
1	171562649	171604555	0
1	171604556	171621821	1
1	171621822	171669298	0
1	171669299	171711385	1
1	171711386	171750786	0
1	171750787	171766855	2
1	171766856	171810619	0
1	171810620	172387604	2
1	172387605	172389826	0
1	172389827	172410595	2
1	172410596	172413198	3
1	172413199	172437969	2
1	172437970	172501487	0
1	172501488	172580969	2
1	172580970	172628152	0
1	172628153	172636012	2
1	172636013	173009098	0
1	173009099	173020101	1
1	173020102	173152871	0
1	173152872	173176450	1
1	173176451	173446403	0
1	173446404	173457944	2
1	173457945	173469601	0
1	173469602	173572231	1
1	173572232	173578698	0
1	173578699	173638999	1
1	173639000	173684107	0
1	173684108	173755838	2
1	173755839	173768686	0
1	173768687	173793458	1
1	173793459	173793639	0
1	173793640	173827682	2
1	173827683	173837218	0
1	173837219	173872685	2
1	173872686	173872945	0
1	173872946	173886514	1
1	173886515	173900350	0
1	173900351	173991433	1
1	173991434	174128546	0
1	174128547	174964443	2
1	174964444	174968298	0
1	174968299	174980849	2
1	174980850	174982092	0
1	174982093	174992559	1
1	174992560	175036992	0
1	175036993	175117200	2
1	175117201	175126121	0
1	175126122	175162077	1
1	175162078	175284328	0
1	175284329	175712904	1
1	175712905	175913965	0
1	175913966	176176627	1
1	176176628	176432305	0
1	176432306	176814733	2
1	176814734	176826436	0
1	176826437	177134022	1
1	177134023	177140631	0
1	177140632	177251556	2
1	177251557	177898279	0
1	177898280	177939346	1
1	177939347	178062862	0
1	178062863	178448642	2
1	178448643	178482210	0
1	178482211	178500691	2
1	178500692	178511885	0
1	178511886	178518022	2
1	178518023	178694298	0
1	178694299	178818838	2
1	178818839	178840185	3
1	178840186	178889236	2
1	178889237	178994937	0
1	178994938	179045695	2
1	179045696	179050510	0
1	179050511	179067156	2
1	179067157	179068460	0
1	179068461	179198817	1
1	179198818	179262923	0
1	179262924	179327813	2
1	179327814	179334853	0
1	179334854	179443714	2
1	179443715	179457803	3
1	179457804	179519672	2
1	179519673	179523868	3
1	179523869	179545085	1
1	179545086	179560746	0
1	179560747	179660405	2
1	179660406	179712296	0
1	179712297	179785331	2
1	179785332	179809100	0
1	179809101	179846936	1
1	179846937	179851175	0
1	179851176	179894133	2
1	179894134	179923871	0
1	179923872	180084013	2
1	180084014	180123967	0
1	180123968	180173163	2
1	180173164	180199419	0
1	180199420	180249378	2
1	180249379	180257363	0
1	180257364	180472087	1
1	180472088	180601138	0
1	180601139	180859385	2
1	180859386	180882323	0
1	180882324	180920748	2
1	180920749	180941693	0
1	180941694	180941859	2
1	180941860	180949866	3
1	180949867	180992045	1
1	180992046	181003065	0
1	181003066	181031072	2
1	181031073	181057636	0
1	181057637	181059975	2
1	181059976	181382236	0
1	181382237	181777217	2
1	181777218	182023703	0
1	182023704	182030845	1
1	182030846	182350837	0
1	182350838	182361339	1
1	182361340	182367250	0
1	182367251	182369749	1
1	182369750	182419279	0
1	182419280	182529691	2
1	182529692	182542767	0
1	182542768	182558389	1
1	182558390	182567756	0
1	182567757	182573541	1
1	182573542	182615237	0
1	182615238	182642047	1
1	182642048	182758902	0
1	182758903	182799517	2
1	182799518	182808502	0
1	182808503	182856884	2
1	182856885	182868998	0
1	182868999	182922503	1
1	182922504	182992593	0
1	182992594	183114725	2
1	183114726	183155371	0
1	183155372	183214033	2
1	183214034	183217370	0
1	183217371	183387735	1
1	183387736	183441504	0
1	183441505	183523326	2
1	183523327	183524696	0
1	183524697	183560009	1
1	183560010	183592399	0
1	183592400	183604890	1
1	183604891	183605218	0
1	183605219	183615539	2
1	183615540	183622446	3
1	183622447	183897663	2
1	183897664	183898794	0
1	183898795	184006861	1
1	184006862	184020809	0
1	184020810	184043344	2
1	184043345	184356190	0
1	184356191	184598152	2
1	184598153	184659363	0
1	184659364	184724045	1
1	184724046	184759856	0
1	184759857	184943680	1
1	184943681	185014494	0
1	185014495	185071738	2
1	185071739	185087218	0
1	185087219	185126114	1
1	185126115	185126210	0
1	185126211	185260895	2
1	185260896	185265518	0
1	185265519	185286459	1
1	185286460	185703681	0
1	185703682	186160083	2
1	186160084	186265403	0
1	186265404	186280782	2
1	186280783	186283684	3
1	186283685	186283692	2
1	186283693	186344823	1
1	186344824	186344888	0
1	186344889	186364121	2
1	186364122	186365906	3
1	186365907	186390508	2
1	186390509	186412696	0
1	186412697	186430252	1
1	186430253	186640921	0
1	186640922	186649557	1
1	186649558	186798083	0
1	186798084	186958111	2
1	186958112	190066790	0
1	190066791	190446757	1
1	190446758	192127585	0
1	192127586	192154943	2
1	192154944	192286120	0
1	192286121	192336413	2
1	192336414	192544855	0
1	192544856	192549159	2
1	192549160	192605273	0
1	192605274	192629388	2
1	192629389	192778169	0
1	192778170	192781401	2
1	192781402	192981378	0
1	192981379	193028550	1
1	193028551	193028624	3
1	193028625	193028747	1
1	193028748	193029235	3
1	193029236	193060905	2
1	193060906	193065596	0
1	193065597	193075242	1
1	193075243	193091145	0
1	193091146	193148173	2
1	193148174	193155782	3
1	193155783	193223029	2
1	193223030	196194907	0
1	196194908	196578353	1
1	196578354	196621006	0
1	196621007	196716632	2
1	196716633	196743923	0
1	196743924	196763201	2
1	196763202	196788885	0
1	196788886	196928354	2
1	196928355	196946665	0
1	196946666	196978802	2
1	196978803	197008319	0
1	197008320	197036395	1
1	197036396	197053256	0
1	197053257	197115822	1
1	197115823	197122808	0
1	197122809	197169670	1
1	197169671	197170590	0
1	197170591	197447583	2
1	197447584	197473876	0
1	197473877	197744761	1
1	197744762	197871775	0
1	197871776	197876495	2
1	197876496	197881619	0
1	197881620	197904606	2
1	197904607	198126091	0
1	198126092	198291548	2
1	198291549	198492350	0
1	198492351	198510073	1
1	198510074	198607799	0
1	198607800	198726543	2
1	198726544	199996728	0
1	199996729	200146550	2
1	200146551	200374066	0
1	200374067	200379182	1
1	200379183	200520626	0
1	200520627	200589860	1
1	200589861	200593022	0
1	200593023	200639095	1
1	200639096	200708684	0
1	200708685	200829830	2
1	200829831	200842081	0
1	200842082	200843304	2
1	200843305	200860174	0
1	200860175	200884861	2
1	200884862	200938518	0
1	200938519	200992826	1
1	200992827	201008640	0
1	201008641	201081692	1
1	201081693	201083079	0
1	201083080	201096310	1
1	201096311	201103898	0
1	201103899	201140700	1
1	201140701	201159951	0
1	201159952	201198078	2
1	201198079	201252578	0
1	201252579	201302119	2
1	201302120	201328134	0
1	201328135	201368734	1
1	201368735	201373623	0
1	201373624	201398992	1
1	201398993	201434618	0
1	201434619	201438363	1
1	201438364	201452656	0
1	201452657	201478582	1
1	201478583	201592011	0
1	201592012	201796100	2
1	201796101	201798267	0
1	201798268	201853420	2
1	201853421	201857834	0
1	201857835	201861432	2
1	201861433	201865578	0
1	201865579	201915713	1
1	201915714	201924617	0
1	201924618	201939787	2
1	201939788	201951750	0
1	201951751	201975273	2
1	201975274	201977071	0
1	201977072	201986314	2
1	201986315	202091984	0
1	202091985	202102530	2
1	202102531	202102718	3
1	202102719	202113867	1
1	202113868	202116139	0
1	202116140	202130714	1
1	202130715	202163027	0
1	202163028	202288907	2
1	202288908	202300783	0
1	202300784	202311106	1
1	202311107	202317825	0
1	202317826	202559722	2
1	202559723	202561832	3
1	202561833	202679543	1
1	202679544	202696524	0
1	202696525	202778596	1
1	202778597	202789392	0
1	202789393	202796351	2
1	202796352	202848083	0
1	202848084	202858261	1
1	202858262	202860226	0
1	202860227	202897762	1
1	202897763	202909949	0
1	202909950	202927698	1
1	202927699	202930995	0
1	202930996	202936406	1
1	202936407	202976512	0
1	202976513	202993974	2
1	202993975	202995624	0
1	202995625	203047866	2
1	203047867	203052258	0
1	203052259	203055162	1
1	203055163	203059780	0
1	203059781	203136531	2
1	203136532	203136937	0
1	203136938	203144939	1
1	203144940	203148057	0
1	203148058	203155875	1
1	203155876	203185205	0
1	203185206	203198797	1
1	203198798	203274662	0
1	203274663	203278728	2
1	203278729	203309754	0
1	203309755	203320615	1
1	203320616	203444954	0
1	203444955	203460478	2
1	203460479	203463269	0
1	203463270	203477990	2
1	203477991	203595687	0
1	203595688	203713207	2
1	203713208	203734302	0
1	203734303	203745243	2
1	203745244	203764780	0
1	203764781	203823250	2
1	203823251	203830741	0
1	203830742	203839676	2
1	203839677	204042730	0
1	204042731	204096861	2
1	204096862	204100188	0
1	204100189	204121305	1
1	204121306	204123942	0
1	204123943	204135463	1
1	204135464	204159467	0
1	204159468	204165612	1
1	204165613	204167286	0
1	204167287	204183218	1
1	204183219	204187977	0
1	204187978	204329042	1
1	204329043	204372513	0
1	204372514	204380917	1
1	204380918	204391754	0
1	204391755	204463850	1
1	204463851	204485509	0
1	204485510	204542869	2
1	204542870	204586296	0
1	204586297	204654859	1
1	204654860	204797780	0
1	204797781	204991948	2
1	204991949	205012323	0
1	205012324	205047625	2
1	205047626	205052256	0
1	205052257	205053643	1
1	205053644	205055268	0
1	205055269	205091141	1
1	205091142	205111630	0
1	205111631	205180725	1
1	205180726	205197302	0
1	205197303	205242469	2
1	205242470	205271185	0
1	205271186	205290881	1
1	205290882	205305218	0
1	205305219	205326216	1
1	205326217	205350504	0
1	205350505	205419057	1
1	205419058	205473721	0
1	205473722	205501919	2
1	205501920	205538103	0
1	205538104	205572044	2
1	205572045	205577069	0
1	205577070	205601088	1
1	205601089	205626977	0
1	205626978	205649585	1
1	205649586	205681945	0
1	205681946	205682495	1
1	205682496	205684151	3
1	205684152	205719402	1
1	205719403	205737112	0
1	205737113	205744585	1
1	205744586	205758219	0
1	205758220	205782302	1
1	205782303	205797148	0
1	205797149	205819243	1
1	205819244	205882174	0
1	205882175	205912586	1
1	205912587	206137235	0
1	206137236	206155149	2
1	206155150	206223974	0
1	206223975	206231637	2
1	206231638	206238870	0
1	206238871	206288645	1
1	206288646	206317457	0
1	206317458	206332102	2
1	206332103	206516198	0
1	206516199	206637781	2
1	206637782	206643789	0
1	206643790	206664447	2
1	206664448	206670221	3
1	206670222	206671059	1
1	206671060	206680877	0
1	206680878	206762597	2
1	206762598	206764972	0
1	206764973	206785902	1
1	206785903	206808879	0
1	206808880	206822540	2
1	206822541	206858287	0
1	206858288	206907626	2
1	206907627	206940945	0
1	206940946	206945837	1
1	206945838	206972213	0
1	206972214	207016322	2
1	207016323	207038697	0
1	207038698	207042566	2
1	207042567	207070786	0
1	207070787	207077482	2
1	207077483	207077729	0
1	207077730	207096590	1
1	207096591	207101861	0
1	207101862	207119809	1
1	207119810	207131310	0
1	207131311	207143968	1
1	207143969	207191864	0
1	207191865	207206099	1
1	207206100	207217192	0
1	207217193	207222799	1
1	207222800	207224420	3
1	207224421	207226323	1
1	207226324	207254367	2
1	207254368	207262185	0
1	207262186	207273336	2
1	207273337	207277605	0
1	207277606	207318315	2
1	207318316	207494851	0
1	207494852	207534309	2
1	207534310	207627573	0
1	207627574	207663238	2
1	207663239	207669500	0
1	207669501	207813990	2
1	207813991	207818517	0
1	207818518	207897046	2
1	207897047	207925400	0
1	207925401	207968856	2
1	207968857	208059882	0
1	208059883	208084745	1
1	208084746	208195585	0
1	208195586	208417663	1
1	208417664	209757060	0
1	209757061	209787281	2
1	209787282	209788213	0
1	209788214	209825809	1
1	209825810	209848763	0
1	209848764	209849731	2
1	209849732	209859508	0
1	209859509	209908293	2
1	209908294	209929375	0
1	209929376	209955659	2
1	209955660	209955663	3
1	209955664	209957902	1
1	209957903	209959034	0
1	209959035	209979463	1
1	209979464	210001350	0
1	210001351	210030908	2
1	210030909	210111536	0
1	210111537	210337634	2
1	210337635	210406142	0
1	210406143	210419598	2
1	210419599	210501594	0
1	210501595	210849636	2
1	210849637	210856553	0
1	210856554	211307455	1
1	211307456	211431717	0
1	211431718	211489725	2
1	211489726	211499955	0
1	211499956	211548286	2
1	211548287	211649862	0
1	211649863	211666257	1
1	211666258	211744908	0
1	211744909	211752082	1
1	211752083	211836112	0
1	211836113	211848958	1
1	211848959	211916797	0
1	211916798	212004112	1
1	212004113	212113741	0
1	212113742	212208882	1
1	212208883	212208917	0
1	212208918	212278346	2
1	212278347	212458877	0
1	212458878	212535198	2
1	212535199	212537271	0
1	212537272	212588241	1
1	212588242	212606227	0
1	212606228	212619712	2
1	212619713	212738674	0
1	212738675	212794117	2
1	212794118	212797787	0
1	212797788	212800118	2
1	212800119	212859758	0
1	212859759	212873325	1
1	212873326	212899493	0
1	212899494	212965122	1
1	212965123	212965168	0
1	212965169	212989966	2
1	212989967	213003481	0
1	213003482	213020989	1
1	213020990	213031595	0
1	213031596	213072703	2
1	213072704	213123860	0
1	213123861	213164925	2
1	213164926	213165522	0
1	213165523	213189166	1
1	213189167	213224587	0
1	213224588	213448114	2
1	213448115	214156522	0
1	214156523	214214593	2
1	214214594	214454574	0
1	214454575	214510472	2
1	214510473	214522037	0
1	214522038	214724564	1
1	214724565	214776536	0
1	214776537	214837929	2
1	214837930	215179196	0
1	215179197	215410434	2
1	215410435	215740733	0
1	215740734	215795147	2
1	215795148	215796234	0
1	215796235	216596736	1
1	216596737	216676586	0
1	216676587	217311095	1
1	217311096	217600332	0
1	217600333	217804422	1
1	217804423	217804664	0
1	217804665	218045036	2
1	218045037	218458627	0
1	218458628	218511323	2
1	218511324	218519575	0
1	218519576	218617959	2
1	218617960	218683436	0
1	218683437	218699318	2
1	218699319	219347184	0
1	219347185	219386205	2
1	219386206	220088494	0
1	220088495	220131987	1
1	220131988	220141941	0
1	220141942	220219998	1
1	220219999	220230822	0
1	220230823	220263802	1
1	220263803	220267442	0
1	220267443	220321378	2
1	220321379	220321633	0
1	220321634	220445794	1
1	220445795	220603284	0
1	220603285	220608021	1
1	220608022	220701566	0
1	220701567	220837801	2
1	220837802	220863185	0
1	220863186	220872497	2
1	220872498	220921609	0
1	220921610	220958148	2
1	220958149	220960099	0
1	220960100	220987728	2
1	220987729	221051697	0
1	221051698	221058399	2
1	221058400	221874764	0
1	221874765	221915516	1
1	221915517	222695600	0
1	222695601	222721443	1
1	222721444	222731242	0
1	222731243	222763273	1
1	222763274	222791426	0
1	222791427	222841352	2
1	222841353	222841353	0
1	222841354	222885893	1
1	222885894	222886524	3
1	222886525	222908536	2
1	222908537	222910547	0
1	222910548	222924000	2
1	222924001	223045611	0
1	223045612	223179335	2
1	223179336	223282746	0
1	223282747	223316622	1
1	223316623	223394159	0
1	223394160	223537542	1
1	223537543	223566713	0
1	223566714	223568810	2
1	223568811	223711348	0
1	223711349	223853434	1
1	223853435	223889293	0
1	223889294	223963718	2
1	223963719	223967599	0
1	223967600	224033672	1
1	224033673	224215758	0
1	224215759	224216369	1
1	224216370	224301787	0
1	224301788	224349747	2
1	224349748	224363456	0
1	224363457	224381141	2
1	224381142	224415034	0
1	224415035	224518087	1
1	224518088	224544550	0
1	224544551	224567152	2
1	224567153	224572843	0
1	224572844	224624733	1
1	224624734	224803993	0
1	224803994	224928249	2
1	224928250	225083962	0
1	225083963	225586994	2
1	225586995	225589202	0
1	225589203	225600402	1
1	225600403	225602038	3
1	225602039	225616625	1
1	225616626	225674535	0
1	225674536	225840842	1
1	225840843	225965529	0
1	225965530	225978166	2
1	225978167	225997792	0
1	225997793	226033235	2
1	226033236	226033258	3
1	226033259	226070067	1
1	226070068	226073980	0
1	226073981	226111976	1
1	226111977	226124296	0
1	226124297	226129187	1
1	226129188	226170401	0
1	226170402	226187030	1
1	226187031	226249550	0
1	226249551	226259700	2
1	226259701	226332378	0
1	226332379	226374429	1
1	226374430	226411317	0
1	226411318	226414753	2
1	226414754	226418848	0
1	226418849	226497568	1
1	226497569	226548390	0
1	226548391	226595778	1
1	226595779	226736499	0
1	226736500	226796913	2
1	226796914	226819389	0
1	226819390	226927022	1
1	226927023	227057883	0
1	227057884	227083804	2
1	227083805	227085235	0
1	227085236	227175244	2
1	227175245	227177564	0
1	227177565	227506173	1
1	227506174	227751242	0
1	227751243	227865142	2
1	227865143	227916356	0
1	227916357	227918888	2
1	227918889	227923110	3
1	227923111	227968925	2
1	227968926	228003392	0
1	228003393	228034169	2
1	228034170	228106355	0
1	228106356	228135597	1
1	228135598	228194750	0
1	228194751	228248959	2
1	228248960	228270359	0
1	228270360	228286910	2
1	228286911	228288430	0
1	228288431	228291161	1
1	228291162	228294378	0
1	228294379	228297011	1
1	228297012	228327661	0
1	228327662	228336683	2
1	228336684	228337551	0
1	228337552	228347525	2
1	228347526	228351785	0
1	228351786	228353211	1
1	228353212	228353514	0
1	228353515	228369956	2
1	228369957	228391205	0
1	228391206	228395829	1
1	228395830	228401359	3
1	228401360	228566575	2
1	228566576	228581372	0
1	228581373	228594539	1
1	228594540	228595639	0
1	228595640	228604560	1
1	228604561	228612544	0
1	228612545	228613024	1
1	228613025	228645063	0
1	228645064	228645558	1
1	228645559	228645806	0
1	228645807	228646257	2
1	228646258	228674760	0
1	228674761	228683465	2
1	228683466	228870822	0
1	228870823	228882414	2
1	228882415	229385381	0
1	229385382	229387555	2
1	229387556	229406877	0
1	229406878	229441639	2
1	229441640	229456756	0
1	229456757	229478733	1
1	229478734	229566990	0
1	229566991	229569843	1
1	229569844	229577043	0
1	229577044	229644101	1
1	229644102	229652327	0
1	229652328	229694440	1
1	229694441	229728856	0
1	229728857	229761792	1
1	229761793	229761979	0
1	229761980	229795944	2
1	229795945	230193534	0
1	230193535	230417868	2
1	230417869	230457390	0
1	230457391	230561473	1
1	230561474	230778236	0
1	230778237	230829726	2
1	230829727	230838267	0
1	230838268	230850041	1
1	230850042	230883128	0
1	230883129	230937747	2
1	230937748	230972863	0
1	230972864	231005333	1
1	231005334	231041987	0
1	231041988	231114605	1
1	231114606	231114793	0
1	231114794	231136339	2
1	231136340	231154702	0
1	231154703	231175990	1
1	231175991	231297856	0
1	231297857	231357300	2
1	231357301	231359507	0
1	231359508	231376922	1
1	231376923	231376951	0
1	231376952	231413717	2
1	231413718	231468478	0
1	231468479	231472848	1
1	231472849	231473576	3
1	231473577	231473596	1
1	231473597	231490767	2
1	231490768	231499495	0
1	231499496	231560788	1
1	231560789	231664397	0
1	231664398	231702268	2
1	231702269	231762559	0
1	231762560	232177016	2
1	232177017	232533709	0
1	232533710	232697302	1
1	232697303	232940641	0
1	232940642	232946090	2
1	232946091	233086368	0
1	233086369	233119179	2
1	233119180	233119626	3
1	233119627	233431457	1
1	233431458	233463512	0
1	233463513	233520892	2
1	233520893	233749748	0
1	233749749	233808256	2
1	233808257	234040677	0
1	234040678	234460260	2
1	234460261	234509200	0
1	234509201	234519793	2
1	234519794	234527057	0
1	234527058	234614847	1
1	234614848	234740013	0
1	234740014	234745269	1
1	234745270	235272649	0
1	235272650	235292249	1
1	235292250	235294496	0
1	235294497	235324770	1
1	235324771	235330208	0
1	235330209	235490663	1
1	235490664	235490800	3
1	235490801	235491532	1
1	235491533	235507845	2
1	235507846	235530673	0
1	235530674	235612281	2
1	235612282	235613236	0
1	235613237	235667779	1
1	235667780	235710985	0
1	235710986	235814052	1
1	235814053	235824339	0
1	235824340	236046870	1
1	236046871	236139128	0
1	236139129	236228460	1
1	236228461	236305830	0
1	236305831	236372204	2
1	236372205	236378853	0
1	236378854	236445317	1
1	236445318	236511560	0
1	236511561	236648212	2
1	236648213	236681298	0
1	236681299	236712303	2
1	236712304	236716279	3
1	236716280	236767802	1
1	236767803	236849752	0
1	236849753	236927929	2
1	236927930	236958608	0
1	236958609	237067279	2
1	237067280	237167401	0
1	237167402	237167716	1
1	237167717	237205503	0
1	237205504	237997286	2
1	237997287	238045703	0
1	238045704	238054092	1
1	238054093	238107022	0
1	238107023	238108573	1
1	238108574	239792371	0
1	239792372	240078748	2
1	240078749	240177646	0
1	240177647	240629181	2
1	240629182	240638487	3
1	240638488	240643502	1
1	240643503	240652871	0
1	240652872	240775447	1
1	240775448	240931552	0
1	240931553	241520528	1
1	241520529	241660901	0
1	241660902	241683059	1
1	241683060	241695432	0
1	241695433	241756424	2
1	241756425	241758942	3
1	241758943	241803699	1
1	241803700	241815578	0
1	241815579	241965433	2
1	241965434	242011267	0
1	242011268	242053239	2
1	242053240	242158790	0
1	242158791	242162373	1
1	242162374	242246286	0
1	242246287	242687996	1
1	242687997	243287728	0
1	243287729	243388056	1
1	243388057	243395909	3
1	243395910	243418648	1
1	243418649	243419318	0
1	243419319	243651533	2
1	243651534	243663386	3
1	243663387	243663392	2
1	243663393	244014379	1
1	244014380	244214583	0
1	244214584	244220776	2
1	244220777	244227630	0
1	244227631	244231209	2
1	244231210	244515935	0
1	244515936	244552391	2
1	244552392	244571794	0
1	244571795	244615434	1
1	244615435	244624676	0
1	244624677	244803804	2
1	244803805	244816235	0
1	244816236	244872333	2
1	244872334	244998622	0
1	244998623	245008357	2
1	245008358	245014466	0
1	245014467	245027842	1
1	245027843	245132650	0
1	245132651	245133169	1
1	245133170	245134388	3
1	245134389	245290464	2
1	245290465	245318285	0
1	245318286	245872731	2
1	245872732	245912640	0
1	245912641	246670612	1
1	246670613	246703860	0
1	246703861	246729624	1
1	246729625	246729746	0
1	246729747	246831884	2
1	246831885	246887347	0
1	246887348	246931437	2
1	246931438	247002398	0
1	247002399	247095278	1
1	247095279	247108975	0
1	247108976	247171393	1
1	247171394	247200084	0
1	247200085	247242055	1
1	247242056	247263262	0
1	247263263	247267672	1
1	247267673	247273460	0
1	247273461	247275717	1
1	247275718	247285275	0
1	247285276	247335316	1
1	247335317	247460712	0
1	247460713	247495043	1
1	247495044	247579456	0
1	247579457	247612408	2
1	247612409	247614253	0
1	247614254	247615306	1
1	247615307	247670358	0
1	247670359	247693432	2
1	247693433	247697139	3
1	247697140	247740990	2
1	247740991	247751660	0
1	247751661	247752613	2
1	247752614	247768854	0
1	247768855	247769836	2
1	247769837	247835318	0
1	247835319	247836363	1
1	247836364	247875043	0
1	247875044	247876103	1
1	247876104	247886399	0
1	247886400	247887343	1
1	247887344	247901915	0
1	247901916	247902859	2
1	247902860	247920674	0
1	247920675	247921980	1
1	247921981	247978100	0
1	247978101	247979029	1
1	247979030	248004197	0
1	248004198	248005252	1
1	248005253	248020499	0
1	248020500	248060447	2
1	248060448	248084318	0
1	248084319	248085256	2
1	248085257	248097069	0
1	248097070	248098055	2
1	248098056	248100491	0
1	248100492	248264222	2
1	248264223	248308448	0
1	248308449	248309386	2
1	248309387	248343286	0
1	248343287	248344329	2
1	248344330	248366330	0
1	248366331	248367390	2
1	248367391	248402229	0
1	248402230	248403164	2
1	248403165	248436071	0
1	248436072	248437136	1
1	248437137	248457916	0
1	248457917	248458878	1
1	248458879	248486892	0
1	248486893	248487897	1
1	248487898	248512075	0
1	248512076	248513013	2
1	248513014	248524881	0
1	248524882	248525927	2
1	248525928	248550908	0
1	248550909	248551834	2
1	248551835	248569294	0
1	248569295	248570403	2
1	248570404	248604506	0
1	248604507	248605432	2
1	248605433	248616075	0
1	248616076	248617128	2
1	248617129	248636625	0
1	248636626	248637632	2
1	248637633	248651883	0
1	248651884	248652896	2
1	248652897	248684914	0
1	248684915	248685962	2
1	248685963	248721782	0
1	248721783	248722795	1
1	248722796	248737020	0
1	248737021	248738078	1
1	248738079	248756050	0
1	248756051	248757098	1
1	248757099	248789418	0
1	248789419	248790489	1
1	248790490	248801586	0
1	248801587	248802557	1
1	248802558	248813230	0
1	248813231	248814183	1
1	248814184	248844626	0
1	248844627	248845627	1
1	248845628	248902714	0
1	248902715	248903148	1
1	248903149	249104648	0
1	249104649	249120830	1
1	249120831	249132477	0
1	249132478	249143714	2
1	249143715	249144203	0
1	249144204	249153282	1
1	249153283	249200393	0
1	249200394	249214143	2
