<CHROM>	<START>	<END>	<TSB>
2	0	38812	0
2	38813	46383	1
2	46384	218134	0
2	218135	264822	1
2	264823	264867	0
2	264868	278281	2
2	278282	279556	0
2	279557	288849	1
2	288850	667333	0
2	667334	677437	1
2	677438	946552	0
2	946553	1371383	2
2	1371384	1417231	0
2	1417232	1547481	2
2	1547482	1635657	0
2	1635658	1748276	1
2	1748277	1792883	0
2	1792884	2334964	1
2	2334965	3192694	0
2	3192695	3381651	1
2	3381652	3383444	0
2	3383445	3488863	2
2	3488864	3501130	0
2	3501131	3523505	1
2	3523506	3579572	0
2	3579573	3606204	1
2	3606205	3622793	0
2	3622794	3628507	2
2	3628508	3642543	0
2	3642544	3692046	2
2	3692047	3705783	0
2	3705784	3750259	2
2	3750260	3751451	0
2	3751452	3826455	2
2	3826456	5832797	0
2	5832798	5841514	2
2	5841515	6111710	0
2	6111711	6114372	2
2	6114373	6980699	0
2	6980700	7005934	1
2	7005935	7005957	0
2	7005958	7038368	2
2	7038369	7057521	0
2	7057522	7208415	2
2	7208416	8818973	0
2	8818974	8824581	2
2	8824582	8865688	0
2	8865689	8977758	1
2	8977759	8992818	0
2	8992819	9143940	1
2	9143941	9346892	0
2	9346893	9543602	2
2	9543603	9545805	3
2	9545806	9545810	2
2	9545811	9563674	1
2	9563675	9563695	0
2	9563696	9613228	2
2	9613229	9613785	0
2	9613786	9628613	2
2	9628614	9628938	3
2	9628939	9636670	2
2	9636671	9695919	1
2	9695920	9724099	0
2	9724100	9771141	1
2	9771142	9983481	0
2	9983482	10074543	2
2	10074544	10085339	0
2	10085340	10142409	2
2	10142410	10182974	0
2	10182975	10194961	2
2	10194962	10196905	0
2	10196906	10220536	1
2	10220537	10223906	0
2	10223907	10226226	2
2	10226227	10262453	0
2	10262454	10271543	2
2	10271544	10281507	0
2	10281508	10351849	2
2	10351850	10443013	0
2	10443014	10567741	2
2	10567742	10580092	0
2	10580093	10588628	1
2	10588629	10710890	0
2	10710891	10830099	1
2	10830100	10861773	0
2	10861774	10923515	2
2	10923516	10923559	3
2	10923560	10923985	2
2	10923986	10925234	3
2	10925235	10978101	1
2	10978102	10987701	0
2	10987702	10995079	2
2	10995080	11052061	0
2	11052062	11054348	2
2	11054349	11273177	0
2	11273178	11286914	2
2	11286915	11295322	0
2	11295323	11318998	2
2	11318999	11319885	0
2	11319886	11484709	1
2	11484710	11584499	0
2	11584500	11603925	1
2	11603926	11606272	3
2	11606273	11606273	1
2	11606274	11674240	0
2	11674241	11782912	2
2	11782913	11798302	0
2	11798303	11810288	1
2	11810289	11817719	0
2	11817720	11967533	2
2	11967534	12857013	0
2	12857014	12882858	2
2	12882859	14772808	0
2	14772809	14790931	2
2	14790932	15307030	0
2	15307031	15701452	1
2	15701453	15731300	0
2	15731301	15771233	2
2	15771234	15840523	0
2	15840524	15884461	2
2	15884462	16080684	0
2	16080685	16087127	2
2	16087128	16730725	0
2	16730726	16847597	1
2	16847598	17691849	0
2	17691850	17699704	1
2	17699705	17720391	0
2	17720392	17838283	2
2	17838284	17845077	0
2	17845078	17935123	1
2	17935124	17966074	3
2	17966075	17981507	1
2	17981508	17997761	0
2	17997762	17998366	2
2	17998367	18059112	0
2	18059113	18114226	2
2	18114227	18735987	0
2	18735988	18770836	1
2	18770837	19551244	0
2	19551245	19558412	1
2	19558413	20096402	0
2	20096403	20101745	1
2	20101746	20110019	0
2	20110020	20189890	1
2	20189891	20191870	0
2	20191871	20212453	1
2	20212454	20232409	0
2	20232410	20251787	1
2	20251788	20400556	0
2	20400557	20425192	1
2	20425193	20448450	0
2	20448451	20551981	1
2	20551982	20646833	0
2	20646834	20649198	2
2	20649199	20792375	0
2	20792376	20850847	1
2	20850848	20866422	0
2	20866423	20873416	2
2	20873417	20883786	0
2	20883787	21022880	1
2	21022881	21224299	0
2	21224300	21266943	1
2	21266944	21346787	0
2	21346788	21366142	2
2	21366143	23608086	0
2	23608087	23729911	2
2	23729912	23747212	3
2	23747213	23931474	2
2	23931475	23971532	0
2	23971533	24149982	1
2	24149983	24150180	0
2	24150181	24227777	2
2	24227778	24232949	0
2	24232950	24249643	2
2	24249644	24252208	0
2	24252209	24272443	1
2	24272444	24272569	0
2	24272570	24286549	2
2	24286550	24290452	0
2	24290453	24299311	1
2	24299312	24300301	0
2	24300302	24308083	1
2	24308084	24338239	0
2	24338240	24346345	1
2	24346346	24346348	0
2	24346349	24392504	2
2	24392505	24397970	0
2	24397971	24423716	2
2	24423717	24425731	0
2	24425732	24583581	1
2	24583582	24714799	0
2	24714800	24993569	2
2	24993570	25012601	0
2	25012602	25016012	1
2	25016013	25016249	3
2	25016250	25042036	2
2	25042037	25045243	3
2	25045244	25142706	1
2	25142707	25166503	0
2	25166504	25194961	1
2	25194962	25264997	0
2	25264998	25378241	2
2	25378242	25383720	0
2	25383721	25391770	1
2	25391771	25455843	0
2	25455844	25565457	1
2	25565458	25600065	0
2	25600066	25896501	1
2	25896502	25956620	0
2	25956621	26101383	1
2	26101384	26149469	0
2	26149470	26205616	1
2	26205617	26251072	0
2	26251073	26251479	1
2	26251480	26256977	0
2	26256978	26360321	2
2	26360322	26395958	0
2	26395959	26412530	2
2	26412531	26413502	0
2	26413503	26466036	1
2	26466037	26467592	3
2	26467593	26513334	2
2	26513335	26531042	0
2	26531043	26531413	1
2	26531414	26569609	3
2	26569610	26569683	1
2	26569684	26618757	2
2	26618758	26624782	0
2	26624783	26679577	2
2	26679578	26680069	0
2	26680070	26781564	1
2	26781565	26785448	0
2	26785449	26802398	2
2	26802399	26804068	0
2	26804069	26864234	1
2	26864235	26915617	0
2	26915618	26956286	2
2	26956287	26987154	0
2	26987155	27004097	2
2	27004098	27008863	0
2	27008864	27017459	2
2	27017460	27070613	0
2	27070614	27173217	2
2	27173218	27193478	0
2	27193479	27250062	2
2	27250063	27255820	0
2	27255821	27264561	2
2	27264562	27265230	0
2	27265231	27293338	2
2	27293339	27293486	3
2	27293487	27294639	1
2	27294640	27301433	0
2	27301434	27309269	2
2	27309270	27309613	0
2	27309614	27321755	2
2	27321756	27323617	3
2	27323618	27323638	2
2	27323639	27341993	1
2	27341994	27346701	0
2	27346702	27353622	2
2	27353623	27353678	3
2	27353679	27357541	1
2	27357542	27359721	0
2	27359722	27362276	1
2	27362277	27371870	0
2	27371871	27376376	2
2	27376377	27422453	0
2	27422454	27434893	1
2	27434894	27435152	3
2	27435153	27435177	1
2	27435178	27435816	3
2	27435817	27435824	1
2	27435825	27440044	2
2	27440045	27440256	0
2	27440257	27466809	2
2	27466810	27477438	0
2	27477439	27498287	1
2	27498288	27498683	3
2	27498684	27504365	2
2	27504366	27505258	0
2	27505259	27530266	2
2	27530267	27530301	3
2	27530302	27530305	2
2	27530306	27531311	1
2	27531312	27532358	0
2	27532359	27548545	1
2	27548546	27548714	0
2	27548715	27579866	1
2	27579867	27587217	0
2	27587218	27593351	1
2	27593352	27593387	0
2	27593388	27599993	2
2	27599994	27600096	0
2	27600097	27603655	1
2	27603656	27604059	0
2	27604060	27632552	1
2	27632553	27650655	0
2	27650656	27665124	2
2	27665125	27665231	0
2	27665232	27667236	2
2	27667237	27669346	3
2	27669347	27712654	1
2	27712655	27714748	0
2	27714749	27718110	1
2	27718111	27719707	0
2	27719708	27746552	2
2	27746553	27760251	0
2	27760252	27790009	2
2	27790010	27799387	0
2	27799388	27805586	2
2	27805587	27805895	0
2	27805896	27848504	2
2	27848505	27851877	3
2	27851878	27873677	2
2	27873678	27873709	3
2	27873710	27874373	2
2	27874374	27886336	1
2	27886337	27886674	3
2	27886675	27917834	2
2	27917835	27928651	0
2	27928652	27938597	1
2	27938598	27994582	0
2	27994583	27998849	2
2	27998850	28002599	3
2	28002600	28002606	2
2	28002607	28112806	1
2	28112807	28113963	3
2	28113964	28561766	2
2	28561767	28615667	0
2	28615668	28640177	2
2	28640178	28680010	0
2	28680011	28866652	2
2	28866653	28974504	0
2	28974505	29025804	2
2	29025805	29033683	0
2	29033684	29072685	2
2	29072686	29073475	3
2	29073476	29093165	1
2	29093166	29117507	0
2	29117508	29171086	2
2	29171087	29179475	0
2	29179476	29284237	2
2	29284238	29284556	0
2	29284557	29297125	1
2	29297126	29320569	0
2	29320570	29412507	2
2	29412508	29415638	0
2	29415639	30144430	1
2	30144431	30369805	0
2	30369806	30383397	2
2	30383398	30454395	0
2	30454396	30546594	2
2	30546595	30670090	0
2	30670091	30867089	2
2	30867090	30945635	0
2	30945636	31030310	1
2	31030311	31133331	0
2	31133332	31361590	1
2	31361591	31395922	0
2	31395923	31440409	1
2	31440410	31456878	0
2	31456879	31492311	2
2	31492312	31557185	0
2	31557186	31637579	1
2	31637580	32090127	0
2	32090128	32236297	1
2	32236298	32248959	0
2	32248960	32264879	1
2	32264880	32288678	0
2	32288679	32382704	2
2	32382705	32390931	0
2	32390932	32449446	2
2	32449447	32449520	0
2	32449521	32490921	1
2	32490922	32502977	0
2	32502978	32541661	2
2	32541662	32582094	0
2	32582095	32843964	2
2	32843965	32853097	0
2	32853098	33046116	2
2	33046117	33172037	0
2	33172038	33624574	2
2	33624575	33661389	0
2	33661390	33789815	2
2	33789816	33808723	0
2	33808724	33824427	1
2	33824428	36583067	0
2	36583068	36758946	2
2	36758947	36778276	3
2	36778277	36873228	1
2	36873229	36923831	0
2	36923832	37041933	2
2	37041934	37068325	0
2	37068326	37068528	1
2	37068529	37070781	0
2	37070782	37193613	1
2	37193614	37195524	0
2	37195525	37311483	1
2	37311484	37311592	0
2	37311593	37326351	2
2	37326352	37326385	3
2	37326386	37384206	1
2	37384207	37394961	0
2	37394962	37423629	1
2	37423630	37423739	3
2	37423740	37428753	2
2	37428754	37431882	3
2	37431883	37440866	2
2	37440867	37458807	1
2	37458808	37458854	3
2	37458855	37476301	2
2	37476302	37477643	0
2	37477644	37551949	1
2	37551950	37571715	0
2	37571716	37600463	2
2	37600464	37869030	0
2	37869031	37965609	1
2	37965610	38150328	0
2	38150329	38294278	2
2	38294279	38294650	0
2	38294651	38303321	1
2	38303322	38522020	0
2	38522021	38604425	1
2	38604426	38789118	0
2	38789119	38830176	1
2	38830177	38893050	0
2	38893051	38968377	2
2	38968378	38970739	0
2	38970740	38978634	1
2	38978635	38978674	0
2	38978675	39012140	2
2	39012141	39024869	0
2	39024870	39103073	1
2	39103074	39103101	0
2	39103102	39109848	2
2	39109849	39117019	0
2	39117020	39186762	2
2	39186763	39187481	3
2	39187482	39202588	2
2	39202589	39208535	0
2	39208536	39351484	1
2	39351485	39402785	0
2	39402786	39456671	1
2	39456672	39476405	0
2	39476406	39664451	1
2	39664452	39893057	0
2	39893058	39945101	2
2	39945102	39963443	0
2	39963444	40006405	1
2	40006406	40324408	0
2	40324409	40488145	1
2	40488146	40490115	3
2	40490116	40838191	1
2	40838192	42162506	0
2	42162507	42180941	1
2	42180942	42275158	0
2	42275159	42285666	2
2	42285667	42396488	0
2	42396489	42559686	2
2	42559687	42560684	0
2	42560685	42596148	1
2	42596149	42669155	0
2	42669156	42721235	1
2	42721236	42721707	0
2	42721708	42984085	2
2	42984086	42989640	0
2	42989641	42991399	1
2	42991400	42994227	0
2	42994228	43019730	1
2	43019731	43393798	0
2	43393799	43823183	1
2	43823184	43864410	0
2	43864411	43995124	2
2	43995125	44001176	0
2	44001177	44037147	2
2	44037148	44039609	0
2	44039610	44065956	1
2	44065957	44066101	0
2	44066102	44105603	2
2	44105604	44113645	0
2	44113646	44223142	1
2	44223143	44395106	0
2	44395107	44461783	2
2	44461784	44502597	0
2	44502598	44544748	2
2	44544749	44548631	3
2	44548632	44588999	1
2	44589000	44589087	0
2	44589088	44999729	2
2	44999730	45168900	0
2	45168901	45173214	2
2	45173215	45232298	0
2	45232299	45236567	1
2	45236568	45615817	0
2	45615818	45838418	1
2	45838419	45878482	0
2	45878483	46415127	2
2	46415128	46523745	0
2	46523746	46613834	2
2	46613835	46706723	0
2	46706724	46711562	2
2	46711563	46738984	0
2	46738985	46769694	1
2	46769695	46769865	0
2	46769866	46808074	2
2	46808075	46810258	3
2	46810259	46844256	1
2	46844257	46844288	0
2	46844289	46852879	2
2	46852880	46926089	0
2	46926090	46990266	2
2	46990267	47043820	0
2	47043821	47085347	2
2	47085348	47129007	0
2	47129008	47143294	1
2	47143295	47168992	3
2	47168993	47303272	2
2	47303273	47314128	0
2	47314129	47382515	1
2	47382516	47387219	0
2	47387220	47403738	1
2	47403739	47572295	0
2	47572296	47614171	2
2	47614172	47630106	0
2	47630107	47740371	2
2	47740372	47743718	0
2	47743719	47798076	1
2	47798077	47799599	0
2	47799600	47801996	2
2	47801997	47922956	0
2	47922957	48016459	2
2	48016460	48018253	3
2	48018254	48034057	2
2	48034058	48037238	3
2	48037239	48132930	1
2	48132931	48541774	0
2	48541775	48606431	2
2	48606432	48667906	0
2	48667907	48742523	2
2	48742524	48757062	0
2	48757063	48913912	2
2	48913913	48982830	3
2	48982831	49003652	2
2	49003653	49189294	0
2	49189295	49381674	1
2	49381675	50145641	0
2	50145642	51259672	1
2	51259673	53759808	0
2	53759809	53994927	1
2	53994928	54002331	3
2	54002332	54014215	1
2	54014216	54045355	3
2	54045356	54087295	1
2	54087296	54091202	0
2	54091203	54197973	1
2	54197974	54197975	3
2	54197976	54480313	2
2	54480314	54483407	3
2	54483408	54532435	2
2	54532436	54557169	0
2	54557170	54610329	2
2	54610330	54683420	0
2	54683421	54896810	2
2	54896811	54951677	0
2	54951678	55199152	2
2	55199153	55199323	0
2	55199324	55339755	1
2	55339756	55401925	0
2	55401926	55459037	1
2	55459038	55459408	3
2	55459409	55459536	1
2	55459537	55459697	3
2	55459698	55462987	2
2	55462988	55463729	0
2	55463730	55496481	1
2	55496482	55514976	0
2	55514977	55647055	1
2	55647056	55746738	0
2	55746739	55773013	2
2	55773014	55774426	0
2	55774427	55844756	1
2	55844757	55861398	0
2	55861399	55921043	1
2	55921044	56093100	0
2	56093101	56151272	1
2	56151273	56411256	0
2	56411257	56613306	2
2	56613307	58134784	0
2	58134785	58386376	2
2	58386377	58387000	3
2	58387001	58387053	2
2	58387054	58468505	1
2	58468506	60678300	0
2	60678301	60780700	1
2	60780701	60983363	0
2	60983364	61029218	2
2	61029219	61108654	0
2	61108655	61158743	2
2	61158744	61169102	0
2	61169103	61244358	1
2	61244359	61245387	3
2	61245388	61279123	2
2	61279124	61293066	0
2	61293067	61365167	2
2	61365168	61372241	0
2	61372242	61391962	2
2	61391963	61404551	0
2	61404552	61414596	2
2	61414597	61414684	3
2	61414685	61418336	2
2	61418337	61697902	1
2	61697903	61704982	0
2	61704983	61765759	1
2	61765760	62051989	0
2	62051990	62081276	1
2	62081277	62095222	0
2	62095223	62115937	1
2	62115938	62132780	0
2	62132781	62374380	2
2	62374381	62423246	0
2	62423247	62451864	2
2	62451865	62727354	0
2	62727355	62733474	1
2	62733475	62900984	0
2	62900985	63273620	2
2	63273621	63277190	0
2	63277191	63284969	2
2	63284970	63348516	0
2	63348517	63815741	1
2	63815742	63815931	3
2	63815932	63834329	2
2	63834330	64068072	0
2	64068073	64118694	2
2	64118695	64119278	0
2	64119279	64246204	1
2	64246205	64319784	0
2	64319785	64371586	1
2	64371587	64681101	0
2	64681102	64688513	2
2	64688514	64751463	0
2	64751464	64820137	2
2	64820138	64858753	0
2	64858754	64881045	1
2	64881046	65215622	0
2	65215623	65250997	2
2	65250998	65283504	0
2	65283505	65313987	2
2	65313988	65314136	3
2	65314137	65357238	1
2	65357239	65454885	0
2	65454886	65498385	2
2	65498386	65537983	0
2	65537984	65659769	1
2	65659770	66662263	0
2	66662264	66800999	2
2	66801000	67624449	0
2	67624450	67637675	2
2	67637676	68268260	0
2	68268261	68290155	1
2	68290156	68356933	0
2	68356934	68384690	1
2	68384691	68384974	0
2	68384975	68403368	2
2	68403369	68405987	0
2	68405988	68483367	1
2	68483368	68511301	0
2	68511302	68547136	1
2	68547137	68592303	0
2	68592304	68624583	2
2	68624584	68686549	0
2	68686550	68694388	1
2	68694389	68694691	0
2	68694692	68807292	2
2	68807293	68870719	0
2	68870720	68882706	2
2	68882707	68937632	0
2	68937633	69053963	2
2	69053964	69092611	0
2	69092612	69098647	1
2	69098648	69172362	0
2	69172363	69180100	1
2	69180101	69201703	0
2	69201704	69208104	2
2	69208105	69240308	0
2	69240309	69476457	2
2	69476458	69546903	0
2	69546904	69614380	1
2	69614381	69622880	0
2	69622881	69664758	1
2	69664759	69688530	0
2	69688531	69870847	1
2	69870848	69969104	0
2	69969105	70053594	2
2	70053595	70056772	0
2	70056773	70108526	2
2	70108527	70120690	0
2	70120691	70129480	2
2	70129481	70129839	3
2	70129840	70170075	2
2	70170076	70187224	0
2	70187225	70189395	1
2	70189396	70314583	0
2	70314584	70316330	2
2	70316331	70377010	0
2	70377011	70418201	1
2	70418202	70436574	0
2	70436575	70475790	1
2	70475791	70484516	0
2	70484517	70508321	2
2	70508322	70508492	0
2	70508493	70520901	1
2	70520902	70523105	0
2	70523106	70529220	1
2	70529221	70674410	0
2	70674411	70781145	1
2	70781146	70883914	0
2	70883915	70995342	1
2	70995343	71004440	0
2	71004441	71017773	1
2	71017774	71035773	0
2	71035774	71047730	1
2	71047731	71057345	0
2	71057346	71062950	1
2	71062951	71127718	0
2	71127719	71160574	2
2	71160575	71163010	0
2	71163011	71166446	2
2	71166447	71192525	3
2	71192526	71192529	2
2	71192530	71205508	1
2	71205509	71212624	3
2	71212625	71222464	1
2	71222465	71295429	0
2	71295430	71306933	2
2	71306934	71336812	0
2	71336813	71357367	1
2	71357368	71357442	0
2	71357443	71377229	2
2	71377230	71409867	0
2	71409868	71454211	1
2	71454212	71558856	0
2	71558857	71662189	2
2	71662190	71680850	0
2	71680851	71913896	2
2	71913897	72356365	0
2	72356366	72375165	1
2	72375166	72403111	0
2	72403112	73053168	1
2	73053169	73114487	0
2	73114488	73119285	2
2	73119286	73144602	0
2	73144603	73162018	2
2	73162019	73169163	0
2	73169164	73298963	1
2	73298964	73300508	0
2	73300509	73340144	1
2	73340145	73429384	0
2	73429385	73439639	2
2	73439640	73441348	0
2	73441349	73454363	2
2	73454364	73455132	0
2	73455133	73460354	1
2	73460355	73461362	0
2	73461363	73480147	2
2	73480148	73481808	0
2	73481809	73511557	1
2	73511558	73518056	0
2	73518057	73520831	1
2	73520832	73612884	0
2	73612885	73837044	2
2	73837045	73867957	0
2	73867958	73869518	1
2	73869519	73956955	0
2	73956956	73964525	1
2	73964526	73989309	0
2	73989310	74007282	1
2	74007283	74011314	0
2	74011315	74044272	2
2	74044273	74056084	0
2	74056085	74100758	2
2	74100759	74120092	0
2	74120093	74146990	2
2	74146991	74153951	0
2	74153952	74186086	2
2	74186087	74229838	0
2	74229839	74335301	2
2	74335302	74361597	0
2	74361598	74362519	2
2	74362520	74362523	0
2	74362524	74375119	1
2	74375120	74379653	0
2	74379654	74405993	1
2	74405994	74418515	0
2	74418516	74418625	2
2	74418626	74425687	0
2	74425688	74443367	2
2	74443368	74444690	3
2	74444691	74570539	1
2	74570540	74588279	0
2	74588280	74619212	1
2	74619213	74641302	0
2	74641303	74648716	1
2	74648717	74648854	0
2	74648855	74652880	2
2	74652881	74652961	0
2	74652962	74669024	1
2	74669025	74682148	0
2	74682149	74685085	2
2	74685086	74685454	0
2	74685455	74688016	2
2	74688017	74688182	0
2	74688183	74692535	1
2	74692536	74699083	0
2	74699084	74700447	1
2	74700448	74700915	0
2	74700916	74710212	1
2	74710213	74710359	3
2	74710360	74722011	2
2	74722012	74724642	0
2	74724643	74730441	1
2	74730442	74732168	0
2	74732169	74735705	1
2	74735706	74741609	0
2	74741610	74744272	2
2	74744273	74745256	0
2	74745257	74753461	1
2	74753462	74753773	0
2	74753774	74756502	1
2	74756503	74757064	3
2	74757065	74759563	2
2	74759564	74760470	3
2	74760471	74776151	1
2	74776152	74781060	3
2	74781061	74781211	1
2	74781212	74782815	3
2	74782816	74784679	2
2	74784680	74785008	0
2	74785009	74875455	1
2	74875456	74881353	0
2	74881354	74909184	2
2	74909185	75061106	0
2	75061107	75120484	2
2	75120485	75185617	0
2	75185618	75197253	2
2	75197254	75273588	0
2	75273589	75426824	1
2	75426825	75719442	0
2	75719443	75796846	1
2	75796847	75873907	0
2	75873908	75889830	2
2	75889831	75917883	3
2	75917884	75917975	2
2	75917976	75938113	1
2	75938114	76974843	0
2	76974844	77820320	1
2	77820321	79252810	0
2	79252811	79255629	2
2	79255630	79312154	0
2	79312155	79315117	1
2	79315118	79347582	0
2	79347583	79350543	2
2	79350544	79384130	0
2	79384131	79386877	1
2	79386878	79412355	0
2	79412356	80529001	2
2	80529002	80531872	3
2	80531873	80875903	2
2	80875904	84650645	0
2	84650646	84686602	1
2	84686603	84743577	0
2	84743578	85046711	2
2	85046712	85048772	0
2	85048773	85108367	1
2	85108368	85122207	0
2	85122208	85122343	1
2	85122344	85132747	0
2	85132748	85133793	2
2	85133794	85198214	0
2	85198215	85286593	2
2	85286594	85360531	0
2	85360532	85537509	2
2	85537510	85545145	0
2	85545146	85555546	1
2	85555547	85569209	0
2	85569210	85581741	1
2	85581742	85581841	0
2	85581842	85618871	2
2	85618872	85621869	0
2	85621870	85645553	1
2	85645554	85646052	0
2	85646053	85664150	2
2	85664151	85766286	0
2	85766287	85771844	2
2	85771845	85772401	3
2	85772402	85788653	1
2	85788654	85788683	0
2	85788684	85809152	2
2	85809153	85811529	0
2	85811530	85820533	2
2	85820534	85822846	0
2	85822847	85824734	2
2	85824735	85825669	0
2	85825670	85829819	1
2	85829820	85833775	0
2	85833776	85839153	1
2	85839154	85839224	0
2	85839225	85876401	2
2	85876402	85884435	0
2	85884436	85895862	1
2	85895863	85921412	0
2	85921413	85925975	2
2	85925976	85981015	0
2	85981016	86015187	2
2	86015188	86066265	0
2	86066266	86116135	1
2	86116136	86247337	0
2	86247338	86333276	1
2	86333277	86333303	0
2	86333304	86369278	2
2	86369279	86371053	0
2	86371054	86422891	1
2	86422892	86426476	0
2	86426477	86440915	2
2	86440916	86441114	0
2	86441115	86565204	1
2	86565205	86667768	0
2	86667769	86719837	2
2	86719838	86730552	0
2	86730553	86947294	1
2	86947295	86948243	3
2	86948244	87005162	2
2	87005163	87011727	0
2	87011728	87035517	1
2	87035518	87042460	0
2	87042461	87089021	1
2	87089022	87089045	3
2	87089046	87092825	2
2	87092826	87135074	0
2	87135075	87229680	2
2	87229681	87241097	3
2	87241098	87241102	2
2	87241103	87248973	1
2	87248974	88047604	0
2	88047605	88055472	2
2	88055473	88057150	3
2	88057151	88285307	1
2	88285308	88326722	0
2	88326723	88355246	1
2	88355247	88367297	0
2	88367298	88412904	2
2	88412905	88422508	0
2	88422509	88427633	1
2	88427634	88469833	0
2	88469834	88486144	2
2	88486145	88824167	0
2	88824168	88829100	2
2	88829101	88856257	0
2	88856258	88927092	1
2	88927093	88991160	0
2	88991161	89050450	2
2	89050451	90458199	0
2	90458200	90458669	2
2	90458670	90537837	0
2	90537838	90538395	1
2	90538396	95537186	0
2	95537187	95542572	2
2	95542573	95691427	0
2	95691428	95719735	2
2	95719736	95752950	0
2	95752951	95787743	1
2	95787744	95813680	0
2	95813681	95831156	1
2	95831157	95831175	0
2	95831176	95850063	2
2	95850064	95940199	0
2	95940200	95957054	2
2	95957055	95963050	0
2	95963051	96051823	2
2	96051824	96068467	0
2	96068468	96082362	2
2	96082363	96257764	0
2	96257765	96265524	2
2	96265525	96514585	0
2	96514586	96657539	1
2	96657540	96687692	0
2	96687693	96701720	1
2	96701721	96778705	0
2	96778706	96781982	1
2	96781983	96789587	0
2	96789588	96804173	1
2	96804174	96808903	0
2	96808904	96811177	1
2	96811178	96850595	0
2	96850596	96874561	1
2	96874562	96914252	0
2	96914253	96931730	1
2	96931731	96931868	0
2	96931869	96937381	2
2	96937382	96940072	0
2	96940073	96971295	1
2	96971296	96991067	0
2	96991068	96994089	2
2	96994090	97001523	0
2	97001524	97039581	2
2	97039582	97202484	0
2	97202485	97218373	2
2	97218374	97258907	0
2	97258908	97304113	1
2	97304114	97371664	0
2	97371665	97405799	1
2	97405800	97426637	0
2	97426638	97477626	2
2	97477627	97481980	0
2	97481981	97499646	2
2	97499647	97503647	0
2	97503648	97509769	1
2	97509770	97513720	0
2	97513721	97523830	1
2	97523831	97525451	0
2	97525452	97536492	1
2	97536493	97541618	0
2	97541619	97684173	1
2	97684174	97749318	0
2	97749319	97760617	1
2	97760618	97779231	0
2	97779232	97930256	2
2	97930257	98262501	0
2	98262502	98264844	2
2	98264845	98272429	0
2	98272430	98280568	1
2	98280569	98330021	0
2	98330022	98356321	2
2	98356322	98372801	0
2	98372802	98612386	1
2	98612387	98703593	0
2	98703594	98929401	2
2	98929402	98947850	0
2	98947851	98962616	1
2	98962617	98972466	3
2	98972467	99015062	2
2	99015063	99061315	0
2	99061316	99210851	2
2	99210852	99215771	0
2	99215772	99224976	1
2	99224977	99225040	0
2	99225041	99234976	2
2	99234977	99235567	0
2	99235568	99347587	1
2	99347588	99410307	0
2	99410308	99552720	1
2	99552721	99613722	0
2	99613723	99757946	1
2	99757947	99767948	3
2	99767949	99771378	1
2	99771379	99771416	0
2	99771417	99778408	2
2	99778409	99779609	3
2	99779610	99785724	2
2	99785725	99797519	3
2	99797520	99814087	2
2	99814088	99858707	0
2	99858708	99871743	1
2	99871744	99900699	0
2	99900700	99921203	1
2	99921204	99935443	0
2	99935444	99953814	1
2	99953815	99957163	3
2	99957164	100016936	2
2	100016937	100017787	3
2	100017788	100106495	1
2	100106496	100162321	0
2	100162322	100759043	1
2	100759044	100889751	0
2	100889752	100939193	1
2	100939194	100986703	0
2	100986704	100987005	1
2	100987006	101008325	0
2	101008326	101034116	1
2	101034117	101086942	0
2	101086943	101099740	2
2	101099741	101179150	0
2	101179151	101193195	2
2	101193196	101436612	0
2	101436613	101613289	2
2	101613290	101618175	0
2	101618176	101624077	2
2	101624078	101636188	3
2	101636189	101640492	2
2	101640493	101767844	1
2	101767845	101869262	0
2	101869263	101886776	2
2	101886777	101892551	0
2	101892552	101925156	1
2	101925157	101962011	0
2	101962012	102004055	1
2	102004056	102013821	0
2	102013822	102091163	1
2	102091164	102313310	0
2	102313311	102511148	2
2	102511149	102608304	0
2	102608305	102645004	2
2	102645005	102681002	0
2	102681003	102796332	2
2	102796333	102803431	0
2	102803432	102856460	2
2	102856461	102927960	0
2	102927961	103015216	2
2	103015217	103035147	0
2	103035148	103069023	2
2	103069024	103089760	0
2	103089761	103150429	2
2	103150430	103236164	0
2	103236165	103327775	2
2	103327776	103332297	0
2	103332298	103353311	1
2	103353312	103353365	0
2	103353366	103434123	2
2	103434124	105471967	0
2	105471968	105476927	2
2	105476928	105654439	0
2	105654440	105716416	2
2	105716417	105858198	0
2	105858199	105859922	2
2	105859923	105867757	0
2	105867758	105869599	2
2	105869600	105880869	0
2	105880870	105946489	1
2	105946490	105953814	0
2	105953815	105965666	2
2	105965667	105974167	0
2	105974168	106054968	1
2	106054969	106361352	0
2	106361353	106510728	2
2	106510729	106679748	0
2	106679749	106694613	2
2	106694614	106709757	0
2	106709758	106810793	1
2	106810794	107021444	0
2	107021445	107084830	1
2	107084831	107099726	0
2	107099727	107103846	1
2	107103847	107418054	0
2	107418055	107503562	1
2	107503563	108443386	0
2	108443387	108507295	2
2	108507296	108602977	0
2	108602978	108630448	2
2	108630449	108863649	0
2	108863650	108881805	2
2	108881806	108905093	0
2	108905094	108926369	2
2	108926370	108994466	0
2	108994467	109004511	2
2	109004512	109065015	0
2	109065016	109125852	2
2	109125853	109150855	0
2	109150856	109303700	2
2	109303701	109335935	0
2	109335936	109402265	2
2	109402266	109403211	0
2	109403212	109501931	2
2	109501932	109510925	0
2	109510926	109605826	1
2	109605827	109745802	0
2	109745803	110262205	2
2	110262206	110300557	0
2	110300558	110371781	1
2	110371782	110371909	0
2	110371910	110376561	2
2	110376562	110550333	0
2	110550334	110615268	2
2	110615269	110656003	0
2	110656004	110677178	2
2	110677179	110841445	0
2	110841446	110874141	1
2	110874142	110879886	0
2	110879887	110962641	1
2	110962642	111209479	0
2	111209480	111230391	1
2	111230392	111271396	0
2	111271397	111334760	1
2	111334761	111395273	0
2	111395274	111435689	1
2	111435690	111490148	0
2	111490149	111875797	2
2	111875798	111876953	0
2	111876954	111926022	2
2	111926023	112523846	0
2	112523847	112642265	1
2	112642266	112656054	0
2	112656055	112787136	2
2	112787137	112812798	0
2	112812799	112876893	2
2	112876894	112895960	0
2	112895961	112945789	2
2	112945790	112969100	0
2	112969101	113012686	1
2	113012687	113033169	0
2	113033170	113097638	2
2	113097639	113127667	0
2	113127668	113192063	1
2	113192064	113239729	0
2	113239730	113299314	2
2	113299315	113299490	0
2	113299491	113334633	2
2	113334634	113342016	0
2	113342017	113346850	2
2	113346851	113403432	0
2	113403433	113421402	2
2	113421403	113479061	0
2	113479062	113493928	2
2	113493929	113500454	3
2	113500455	113522252	1
2	113522253	113531490	0
2	113531491	113542165	1
2	113542166	113587326	0
2	113587327	113594478	1
2	113594479	113670546	0
2	113670547	113676457	2
2	113676458	113730778	0
2	113730779	113743240	2
2	113743241	113763036	0
2	113763037	113765619	2
2	113765620	113779666	0
2	113779667	113810442	1
2	113810443	113816213	0
2	113816214	113822957	2
2	113822958	113825545	0
2	113825546	113833425	2
2	113833426	113868691	0
2	113868692	113891591	2
2	113891592	113931546	0
2	113931547	113966971	2
2	113966972	113973572	0
2	113973573	114036525	1
2	114036526	114195266	0
2	114195267	114204990	2
2	114204991	114205427	3
2	114205428	114253764	2
2	114253765	114256659	0
2	114256660	114258726	2
2	114258727	114384804	0
2	114384805	114400971	2
2	114400972	114470367	0
2	114470368	114514398	1
2	114514399	114647535	0
2	114647536	114720171	2
2	114720172	115199874	0
2	115199875	116603326	2
2	116603327	118572224	0
2	118572225	118589953	2
2	118589954	118673052	0
2	118673053	118771707	1
2	118771708	118846048	0
2	118846049	118867602	2
2	118867603	119599745	0
2	119599746	119605252	1
2	119605253	119699740	0
2	119699741	119752234	2
2	119752235	119913817	0
2	119913818	119916463	1
2	119916464	119981382	0
2	119981383	120023226	2
2	120023227	120059799	0
2	120059800	120124402	1
2	120124403	120124495	0
2	120124496	120130124	2
2	120130125	120187475	0
2	120187476	120196094	2
2	120196095	120197417	0
2	120197418	120282068	1
2	120282069	120302023	0
2	120302024	120419825	2
2	120419826	120436741	0
2	120436742	120444081	2
2	120444082	120517205	0
2	120517206	120741392	2
2	120741393	120770579	0
2	120770580	120936693	2
2	120936694	120978852	0
2	120978853	120980982	1
2	120980983	120997638	0
2	120997639	121052287	2
2	121052288	121103717	0
2	121103718	121109382	2
2	121109383	121221909	0
2	121221910	121223695	1
2	121223696	121493821	0
2	121493822	121750227	2
2	121750228	121974161	0
2	121974162	122042781	1
2	122042782	122095350	0
2	122095351	122407161	1
2	122407162	122484519	0
2	122484520	122494497	1
2	122494498	122494677	0
2	122494678	122525427	2
2	122525428	124782862	0
2	124782863	125672862	2
2	125672863	127413507	0
2	127413508	127454244	2
2	127454245	127656470	0
2	127656471	127659671	2
2	127659672	127805601	0
2	127805602	127864929	1
2	127864930	127941694	0
2	127941695	127977652	1
2	127977653	128014864	0
2	128014865	128051750	1
2	128051751	128056304	0
2	128056305	128146039	1
2	128146040	128176001	0
2	128176002	128186820	2
2	128186821	128238380	0
2	128238381	128284460	1
2	128284461	128293376	0
2	128293377	128395301	2
2	128395302	128395954	0
2	128395955	128403437	1
2	128403438	128410210	3
2	128410211	128439358	1
2	128439359	128458594	0
2	128458595	128458595	1
2	128458596	128461383	3
2	128461384	128568759	1
2	128568760	128603838	0
2	128603839	128615729	1
2	128615730	128619202	0
2	128619203	128643494	1
2	128643495	128698789	0
2	128698790	128785692	1
2	128785693	128848780	0
2	128848781	128953249	2
2	128953250	129023052	0
2	129023053	129076149	1
2	129076150	130737233	0
2	130737234	130740309	2
2	130740310	130831106	0
2	130831107	130886793	1
2	130886794	130896858	0
2	130896859	130902705	1
2	130902706	130908979	0
2	130908980	130939308	1
2	130939309	130940321	3
2	130940322	130948300	2
2	130948301	130949316	0
2	130949317	130956032	1
2	130956033	131095812	0
2	131095813	131099796	1
2	131099797	131099920	3
2	131099921	131104195	2
2	131104196	131113578	0
2	131113579	131132980	2
2	131132981	131217026	0
2	131217027	131267237	1
2	131267238	131278768	0
2	131278769	131285577	2
2	131285578	131296666	0
2	131296667	131307454	1
2	131307455	131328400	0
2	131328401	131339977	2
2	131339978	131350337	0
2	131350338	131357121	1
2	131357122	131369052	0
2	131369053	131415662	2
2	131415663	131486641	0
2	131486642	131487907	2
2	131487908	131513006	0
2	131513007	131525705	2
2	131525706	131595026	0
2	131595027	131804834	2
2	131804835	131805447	0
2	131805448	131851031	1
2	131851032	131862418	0
2	131862419	132111280	2
2	132111281	132233664	0
2	132233665	132240505	2
2	132240506	132241531	0
2	132241532	132249993	1
2	132249994	132285404	0
2	132285405	132291237	2
2	132291238	132479946	0
2	132479947	132524971	2
2	132524972	132552532	0
2	132552533	132559232	1
2	132559233	132905478	0
2	132905479	132919526	1
2	132919527	133174145	0
2	133174146	133402424	2
2	133402425	133404130	3
2	133404131	133429150	1
2	133429151	133429372	0
2	133429373	133874575	1
2	133874576	133876623	3
2	133876624	134326032	1
2	134326033	134877751	0
2	134877752	135212190	2
2	135212191	135213328	0
2	135213329	135476568	1
2	135476569	135596115	0
2	135596116	135659602	2
2	135659603	135675809	0
2	135675810	135716910	2
2	135716911	135722059	0
2	135722060	135805026	1
2	135805027	135809833	0
2	135809834	135933962	2
2	135933963	135954537	0
2	135954538	136288804	1
2	136288805	136289069	0
2	136289070	136482838	2
2	136482839	136499187	0
2	136499188	136542623	2
2	136542624	136545408	0
2	136545409	136594748	1
2	136594749	136597194	0
2	136597195	136633994	1
2	136633995	136664245	0
2	136664246	136743668	1
2	136743669	136871917	0
2	136871918	136875733	1
2	136875734	137523113	0
2	137523114	138435285	2
2	138435286	138721588	0
2	138721589	138773928	2
2	138773929	139259369	0
2	139259370	139331115	2
2	139331116	139428340	0
2	139428341	139537916	1
2	139537917	140988990	0
2	140988991	142889268	1
2	142889269	143635065	0
2	143635066	143799888	2
2	143799889	143848929	0
2	143848930	144525919	2
2	144525920	144695633	0
2	144695634	145090081	1
2	145090082	145141646	0
2	145141647	145278619	1
2	145278620	148602084	0
2	148602085	148687966	2
2	148687967	148688391	3
2	148688392	148778578	1
2	148778579	148779145	3
2	148779146	149275803	2
2	149275804	149402007	0
2	149402008	149545128	2
2	149545129	149632817	0
2	149632818	149883271	2
2	149883272	149894979	0
2	149894980	150071774	2
2	150071775	150186497	0
2	150186498	150330660	2
2	150330661	150426146	0
2	150426147	150444328	1
2	150444329	151324707	0
2	151324708	151395523	1
2	151395524	151857732	0
2	151857733	151905286	1
2	151905287	152104452	0
2	152104453	152118391	1
2	152118392	152126977	0
2	152126978	152146569	1
2	152146570	152214104	0
2	152214105	152236558	2
2	152236559	152266395	0
2	152266396	152338684	2
2	152338685	152341848	0
2	152341849	152590999	1
2	152591000	152655314	0
2	152655315	152685000	1
2	152685001	152689288	0
2	152689289	152955591	1
2	152955592	152973313	0
2	152973314	153032504	1
2	153032505	153191749	0
2	153191750	153506346	2
2	153506347	153508105	0
2	153508106	153574426	1
2	153574427	153574493	3
2	153574494	153617765	2
2	153617766	154333850	0
2	154333851	154335320	1
2	154335321	154728424	0
2	154728425	155310359	2
2	155310360	155554809	0
2	155554810	155714861	2
2	155714862	157180942	0
2	157180943	157198858	1
2	157198859	157291800	0
2	157291801	157352595	2
2	157352596	157352653	3
2	157352654	157442913	2
2	157442914	158114108	0
2	158114109	158170721	2
2	158170722	158175135	0
2	158175136	158184223	1
2	158184224	158271129	0
2	158271130	158345471	1
2	158345472	158383277	0
2	158383278	158485515	1
2	158485516	158592956	0
2	158592957	158732372	1
2	158732373	158733212	0
2	158733213	158992664	2
2	158992665	159027591	0
2	159027592	159313263	1
2	159313264	159313609	0
2	159313610	159539389	2
2	159539390	159651827	0
2	159651828	159719291	2
2	159719292	159825144	0
2	159825145	160089168	2
2	160089169	160092302	0
2	160092303	160143308	1
2	160143309	160175488	0
2	160175489	160473201	1
2	160473202	160568998	0
2	160568999	160625362	2
2	160625363	160627536	3
2	160627537	160761219	1
2	160761220	160794360	0
2	160794361	160919119	1
2	160919120	160956175	0
2	160956176	161056813	1
2	161056814	161128660	0
2	161128661	161350303	1
2	161350304	161993417	0
2	161993418	162092730	2
2	162092731	162164547	0
2	162164548	162268226	2
2	162268227	162272603	0
2	162272604	162282379	2
2	162282380	162480843	0
2	162480844	162841790	2
2	162841791	162848749	0
2	162848750	162931050	1
2	162931051	162999390	0
2	162999391	163008912	1
2	163008913	163027198	0
2	163027199	163100043	1
2	163100044	163123587	0
2	163123588	163175211	1
2	163175212	163175392	0
2	163175393	163227915	2
2	163227916	163228103	3
2	163228104	163695238	1
2	163695239	164449904	0
2	164449905	164592520	1
2	164592521	165349324	0
2	165349325	165478356	1
2	165478357	165536696	0
2	165536697	165700187	1
2	165700188	165752694	0
2	165752695	165812033	1
2	165812034	165944030	0
2	165944031	166060575	1
2	166060576	166095910	0
2	166095911	166248816	2
2	166248817	166326155	0
2	166326156	166545915	2
2	166545916	166604099	0
2	166604100	166651190	1
2	166651191	166713986	0
2	166713987	166810351	1
2	166810352	166845668	0
2	166845669	166930147	1
2	166930148	167051693	0
2	167051694	167232501	1
2	167232502	167260081	0
2	167260082	167350755	1
2	167350756	167744995	0
2	167744996	168116261	2
2	168116262	168675180	0
2	168675181	168730549	2
2	168730550	168810528	0
2	168810529	169104649	1
2	169104650	169312370	0
2	169312371	169631642	2
2	169631643	169643047	0
2	169643048	169722022	2
2	169722023	169727402	0
2	169727403	169757748	1
2	169757749	169764641	3
2	169764642	169769785	1
2	169769786	169779446	0
2	169779447	169887830	1
2	169887831	169921297	0
2	169921298	169952675	2
2	169952676	169983617	0
2	169983618	170219193	1
2	170219194	170335686	0
2	170335687	170382770	2
2	170382771	170386257	0
2	170386258	170430383	1
2	170430384	170440848	0
2	170440849	170497914	2
2	170497915	170501933	0
2	170501934	170550941	1
2	170550942	170550973	0
2	170550974	170633497	2
2	170633498	170648441	0
2	170648442	170666589	2
2	170666590	170668572	3
2	170668573	170681439	1
2	170681440	170683966	0
2	170683967	170940639	2
2	170940640	171034653	0
2	171034654	171511660	2
2	171511661	171568959	0
2	171568960	171571075	1
2	171571076	171571859	0
2	171571860	171574586	2
2	171574587	171640294	0
2	171640295	171655479	2
2	171655480	171669721	0
2	171669722	171717659	2
2	171717660	171785034	0
2	171785035	171823637	2
2	171823638	171847331	0
2	171847332	172087822	1
2	172087823	172173917	0
2	172173918	172290759	1
2	172290760	172291288	3
2	172291289	172341560	2
2	172341561	172378755	0
2	172378756	172414641	2
2	172414642	172543917	0
2	172543918	172560842	2
2	172560843	172567312	3
2	172567313	172604928	2
2	172604929	172640878	0
2	172640879	172750760	1
2	172750761	172778956	0
2	172778957	172848597	2
2	172848598	172864488	0
2	172864489	172947156	2
2	172947157	172949466	0
2	172949467	172954403	2
2	172954404	172964165	0
2	172964166	172967626	1
2	172967627	173292080	0
2	173292081	173371179	2
2	173371180	173420099	0
2	173420100	173489821	2
2	173489822	173600523	0
2	173600524	173917619	2
2	173917620	173940161	0
2	173940162	174132736	2
2	174132737	174219546	0
2	174219547	174233723	2
2	174233724	174771185	0
2	174771186	174830428	1
2	174830429	174937173	0
2	174937174	175113424	1
2	175113425	175199672	0
2	175199673	175200599	2
2	175200600	175202149	3
2	175202150	175203218	2
2	175203219	175212748	0
2	175212749	175260441	1
2	175260442	175260467	0
2	175260468	175294301	2
2	175294302	175296964	0
2	175296965	175351820	1
2	175351821	175424298	0
2	175424299	175547625	1
2	175547626	175612318	0
2	175612319	175629198	1
2	175629199	175664089	0
2	175664090	175870095	1
2	175870096	175936976	0
2	175936977	176033108	1
2	176033109	176040984	0
2	176040985	176049333	1
2	176049334	176788618	0
2	176788619	176867565	1
2	176867566	176942198	0
2	176942199	176948639	1
2	176948640	176957617	0
2	176957618	176960664	2
2	176960665	176964456	0
2	176964457	176966406	2
2	176966407	176972012	0
2	176972013	176974720	2
2	176974721	176981305	0
2	176981306	176984668	2
2	176984669	176987086	0
2	176987087	176989851	2
2	176989852	176994420	0
2	176994421	176997421	2
2	176997422	177001683	0
2	177001684	177037828	2
2	177037829	177053305	0
2	177053306	177055686	2
2	177055687	177134145	0
2	177134146	177202751	2
2	177202752	178077289	0
2	178077290	178088684	2
2	178088685	178092321	0
2	178092322	178257370	1
2	178257371	178257423	3
2	178257424	178408562	2
2	178408563	178413724	0
2	178413725	178417740	1
2	178417741	178477718	0
2	178477719	178483692	1
2	178483693	178487978	0
2	178487979	178973064	1
2	178973065	178977180	0
2	178977181	179003736	2
2	179003737	179059206	0
2	179059207	179264158	2
2	179264159	179296139	0
2	179296140	179315956	1
2	179315957	179316161	0
2	179316162	179326115	2
2	179326116	179328389	0
2	179328390	179343283	1
2	179343284	179345193	0
2	179345194	179381187	2
2	179381188	179390714	0
2	179390715	179914811	1
2	179914812	179966417	0
2	179966418	180129515	1
2	180129516	180306707	0
2	180306708	180726230	1
2	180726231	180809601	0
2	180809602	180871838	1
2	180871839	181831973	0
2	181831974	181928166	2
2	181928167	182321932	0
2	182321933	182400912	2
2	182400913	182401401	0
2	182401402	182521832	1
2	182521833	182541192	0
2	182541193	182545601	1
2	182545602	182756613	0
2	182756614	182795463	2
2	182795464	182850549	0
2	182850550	182996123	2
2	182996124	183004761	0
2	183004762	183387463	1
2	183387464	183580997	0
2	183580998	183659189	2
2	183659190	183698000	0
2	183698001	183731888	1
2	183731889	183773841	0
2	183773842	183903584	1
2	183903585	183943285	0
2	183943286	183964731	2
2	183964732	183982239	0
2	183982240	184026406	2
2	184026407	185463091	0
2	185463092	185804217	2
2	185804218	186603353	0
2	186603354	186698015	2
2	186698016	187350881	0
2	187350882	187367217	2
2	187367218	187367354	3
2	187367355	187374088	2
2	187374089	187454790	0
2	187454791	187545626	2
2	187545627	187558696	0
2	187558697	187630683	2
2	187630684	187692560	0
2	187692561	187713895	1
2	187713896	188207854	0
2	188207855	188313185	1
2	188313186	188328955	0
2	188328956	188430485	1
2	188430486	189156394	0
2	189156395	189460651	2
2	189460652	189598880	0
2	189598881	189654829	1
2	189654830	189839044	0
2	189839045	189877470	2
2	189877471	189896620	0
2	189896621	190044603	1
2	190044604	190306157	0
2	190306158	190340289	2
2	190340290	190425303	0
2	190425304	190448482	1
2	190448483	190526109	0
2	190526110	190535555	2
2	190535556	190540709	0
2	190540710	190611373	2
2	190611374	190611384	0
2	190611385	190627951	1
2	190627952	190635047	0
2	190635048	190649095	1
2	190649096	190649105	0
2	190649106	190742353	2
2	190742354	190920421	0
2	190920422	190927453	1
2	190927454	190954300	0
2	190954301	191054459	2
2	191054460	191064674	3
2	191064675	191068208	2
2	191068209	191208194	1
2	191208195	191208917	3
2	191208918	191236389	2
2	191236390	191273079	0
2	191273080	191367039	2
2	191367040	191369066	0
2	191369067	191399446	1
2	191399447	191511470	0
2	191511471	191557490	2
2	191557491	191745551	0
2	191745552	191830276	2
2	191830277	191833758	0
2	191833759	191885684	1
2	191885685	191894300	0
2	191894301	192016320	1
2	192016321	192109909	0
2	192109910	192290113	2
2	192290114	192542860	0
2	192542861	192561383	2
2	192561384	192699026	0
2	192699027	192711979	1
2	192711980	192813767	0
2	192813768	193060433	1
2	193060434	196440699	0
2	196440700	196602424	2
2	196602425	196602425	0
2	196602426	196933534	1
2	196933535	196998288	0
2	196998289	197041225	1
2	197041226	197059092	0
2	197059093	197458414	1
2	197458415	197504276	0
2	197504277	197597528	2
2	197597529	197627754	0
2	197627755	197664423	1
2	197664424	197669724	0
2	197669725	197674998	1
2	197674999	197697726	0
2	197697727	197792517	1
2	197792518	197831739	0
2	197831740	198175895	1
2	198175896	198254506	0
2	198254507	198299813	1
2	198299814	198318145	0
2	198318146	198340030	2
2	198340031	198351303	0
2	198351304	198364716	1
2	198364717	198364769	3
2	198364770	198364862	1
2	198364863	198364996	3
2	198364997	198365101	1
2	198365102	198368104	3
2	198368105	198380293	1
2	198380294	198381459	3
2	198381460	198418421	2
2	198418422	198432946	0
2	198432947	198540767	1
2	198540768	198557828	0
2	198557829	198591601	2
2	198591602	198639545	3
2	198639546	198651296	1
2	198651297	198669424	0
2	198669425	199013123	2
2	199013124	200134221	0
2	200134222	200335987	1
2	200335988	200625265	0
2	200625266	200715894	1
2	200715895	200775977	0
2	200775978	200792994	2
2	200792995	200794696	0
2	200794697	200820038	1
2	200820039	200820457	3
2	200820458	200873261	2
2	200873262	201170602	0
2	201170603	201346984	2
2	201346985	201353673	0
2	201353674	201374729	1
2	201374730	201374784	3
2	201374785	201374789	1
2	201374790	201448503	2
2	201448504	201450589	0
2	201450590	201541785	2
2	201541786	201675315	0
2	201675316	201688567	2
2	201688568	201717730	0
2	201717731	201729420	1
2	201729421	201735628	0
2	201735629	201754024	1
2	201754025	201754048	0
2	201754049	201768653	2
2	201768654	201773694	0
2	201773695	201828401	1
2	201828402	201838439	0
2	201838440	201936154	1
2	201936155	201936390	3
2	201936391	201950471	2
2	201950472	201980825	0
2	201980826	202041408	2
2	202041409	202047602	0
2	202047603	202094127	2
2	202094128	202098164	0
2	202098165	202152432	2
2	202152433	202152992	0
2	202152993	202222119	1
2	202222120	202241928	0
2	202241929	202252579	1
2	202252580	202316300	3
2	202316301	202345567	2
2	202345568	202352146	0
2	202352147	202483899	1
2	202483900	202484905	0
2	202484906	202508238	1
2	202508239	202509591	0
2	202509592	202563415	1
2	202563416	202565275	0
2	202565276	202645910	1
2	202645911	202655182	0
2	202655183	202760271	2
2	202760272	202899308	0
2	202899309	202903158	2
2	202903159	202937976	0
2	202937977	203059072	2
2	203059073	203070901	0
2	203070902	203103329	1
2	203103330	203104290	0
2	203104291	203104433	2
2	203104434	203130437	0
2	203130438	203168387	2
2	203168388	203241657	0
2	203241658	203432472	2
2	203432473	203499899	0
2	203499900	203634478	2
2	203634479	203640688	0
2	203640689	203736706	1
2	203736707	203739503	0
2	203739504	203776935	1
2	203776936	203776947	3
2	203776948	203851784	2
2	203851785	203879600	0
2	203879601	204091099	2
2	204091100	204103661	0
2	204103662	204162066	2
2	204162067	204192940	0
2	204192941	204259066	2
2	204259067	204312444	3
2	204312445	204400131	1
2	204400132	204571196	0
2	204571197	204603633	2
2	204603634	204732507	0
2	204732508	204738681	2
2	204738682	204801469	0
2	204801470	204826298	2
2	204826299	205410514	0
2	205410515	206484884	2
2	206484885	206547222	0
2	206547223	206662855	2
2	206662856	206858443	0
2	206858444	206951025	1
2	206951026	206979539	0
2	206979540	207024307	1
2	207024308	207024325	3
2	207024326	207027650	2
2	207027651	207040038	0
2	207040039	207082769	1
2	207082770	207139385	0
2	207139386	207179146	2
2	207179147	207220461	0
2	207220462	207220841	2
2	207220842	207308261	0
2	207308262	207485849	2
2	207485850	207516343	0
2	207516344	207583118	1
2	207583119	207602485	0
2	207602486	207630079	1
2	207630080	207630269	3
2	207630270	207657231	2
2	207657232	207804276	0
2	207804277	207834196	2
2	207834197	207938859	0
2	207938860	208031989	1
2	208031990	208394459	0
2	208394460	208445353	2
2	208445354	208462511	3
2	208462512	208468153	2
2	208468154	208490649	1
2	208490650	208576262	0
2	208576263	208626561	2
2	208626562	208627308	0
2	208627309	208634285	1
2	208634286	208693025	0
2	208693026	208890282	1
2	208890283	208986329	0
2	208986330	208989223	1
2	208989224	208992859	0
2	208992860	208994552	1
2	208994553	209007295	0
2	209007296	209010890	1
2	209010891	209025462	0
2	209025463	209028298	1
2	209028299	209030065	0
2	209030066	209054795	1
2	209054796	209100949	0
2	209100950	209130796	1
2	209130797	209130989	0
2	209130990	209223473	2
2	209223474	209271554	0
2	209271555	209359229	2
2	209359230	210288780	0
2	210288781	210598840	2
2	210598841	210636715	0
2	210636716	210864022	2
2	210864023	210867287	0
2	210867288	210886145	2
2	210886146	210886298	3
2	210886299	211036105	1
2	211036106	211052661	0
2	211052662	211090213	1
2	211090214	211154872	0
2	211154873	211179912	1
2	211179913	211295971	0
2	211295972	211342374	1
2	211342375	211342404	0
2	211342405	211543829	2
2	211543830	212240444	0
2	212240445	213403563	1
2	213403564	213864427	0
2	213864428	214017149	1
2	214017150	214149111	0
2	214149112	215275223	2
2	215275224	215275787	0
2	215275788	215443681	2
2	215443682	215590368	0
2	215590369	215674426	1
2	215674427	215796264	0
2	215796265	216003149	1
2	216003150	216176538	0
2	216176539	216214485	2
2	216214486	216225161	0
2	216225162	216300893	1
2	216300894	216809211	0
2	216809212	216898817	1
2	216898818	216903130	0
2	216903131	216946537	1
2	216946538	216946587	0
2	216946588	216967504	2
2	216967505	216972185	0
2	216972186	217071024	2
2	217071025	217122586	0
2	217122587	217236748	1
2	217236749	217277135	0
2	217277136	217347774	2
2	217347775	217362910	0
2	217362911	217443901	2
2	217443902	217497549	0
2	217497550	217529157	2
2	217529158	217536826	0
2	217536827	217560246	1
2	217560247	217724179	0
2	217724180	217724785	1
2	217724786	217735493	0
2	217735494	217736360	2
2	217736361	218568621	0
2	218568622	218621276	1
2	218621277	218664510	0
2	218664511	218867716	1
2	218867717	218933736	0
2	218933737	218955301	2
2	218955302	218990010	0
2	218990011	219001974	2
2	219001975	219027566	0
2	219027567	219031716	1
2	219031717	219081815	0
2	219081816	219119077	2
2	219119078	219124217	0
2	219124218	219128580	2
2	219128581	219128848	0
2	219128849	219134978	1
2	219134979	219135113	0
2	219135114	219138913	2
2	219138914	219157298	3
2	219157299	219211514	2
2	219211515	219221577	0
2	219221578	219232815	2
2	219232816	219246750	0
2	219246751	219261615	2
2	219261616	219263059	0
2	219263060	219270662	2
2	219270663	219283813	0
2	219283814	219314972	2
2	219314973	219318016	3
2	219318017	219433082	1
2	219433083	219433301	0
2	219433302	219461801	2
2	219461802	219472486	0
2	219472487	219501902	2
2	219501903	219502637	0
2	219502638	219523485	1
2	219523486	219524245	3
2	219524246	219524261	1
2	219524262	219528164	2
2	219528165	219528585	0
2	219528586	219536747	1
2	219536748	219537132	3
2	219537133	219567436	2
2	219567437	219575566	0
2	219575567	219620137	2
2	219620138	219646477	0
2	219646478	219680014	2
2	219680015	219687104	0
2	219687105	219696807	1
2	219696808	219724542	0
2	219724543	219738953	2
2	219738954	219745083	0
2	219745084	219758651	2
2	219758652	219824375	0
2	219824376	219826874	2
2	219826875	219845807	0
2	219845808	219850377	1
2	219850378	219854909	0
2	219854910	219858141	1
2	219858142	219867566	0
2	219867567	219906243	1
2	219906244	219919140	0
2	219919141	219925187	1
2	219925188	219940037	0
2	219940038	220025573	1
2	220025574	220026179	0
2	220026180	220034815	1
2	220034816	220036617	0
2	220036618	220040945	1
2	220040946	220041686	3
2	220041687	220042643	1
2	220042644	220042826	3
2	220042827	220050199	2
2	220050200	220059957	0
2	220059958	220074371	2
2	220074372	220074488	0
2	220074489	220083710	1
2	220083711	220084100	0
2	220084101	220094437	1
2	220094438	220094477	0
2	220094478	220101326	2
2	220101327	220101389	3
2	220101390	220110175	1
2	220110176	220110192	3
2	220110193	220110198	1
2	220110199	220114431	2
2	220114432	220115057	3
2	220115058	220142890	1
2	220142891	220143987	0
2	220143988	220151620	2
2	220151621	220154343	0
2	220154344	220174368	1
2	220174369	220192129	0
2	220192130	220197897	1
2	220197898	220238266	0
2	220238267	220264742	1
2	220264743	220283097	0
2	220283098	220291459	2
2	220291460	220299566	0
2	220299567	220362964	2
2	220362965	220363587	0
2	220363588	220371708	2
2	220371709	220379050	0
2	220379051	220403492	2
2	220403493	220403667	0
2	220403668	220408383	1
2	220408384	220408507	3
2	220408508	220415315	2
2	220415316	220415449	0
2	220415450	220436266	1
2	220436267	220436915	0
2	220436916	220440433	2
2	220440434	220462580	0
2	220462581	220481171	2
2	220481172	220492047	0
2	220492048	220506700	2
2	220506701	222282747	0
2	222282748	222438920	1
2	222438921	223064605	0
2	223064606	223162864	1
2	223162865	223163698	3
2	223163699	223163713	1
2	223163714	223169934	2
2	223169935	223289234	0
2	223289235	223425665	2
2	223425666	223435253	0
2	223435254	223521054	1
2	223521055	223536503	0
2	223536504	223574647	2
2	223574648	223725650	0
2	223725651	223809355	2
2	223809356	223916530	0
2	223916531	223920353	2
2	223920354	224461656	0
2	224461657	224467219	1
2	224467220	224616401	0
2	224616402	224702742	1
2	224702743	224740062	0
2	224740063	224810102	1
2	224810103	224822119	0
2	224822120	224832429	2
2	224832430	224839827	0
2	224839828	224904034	1
2	224904035	225243413	0
2	225243414	225266800	1
2	225266801	225334865	0
2	225334866	225450108	1
2	225450109	225629805	0
2	225629806	225907157	1
2	225907158	226265362	0
2	226265363	226518732	2
2	226518733	227596031	0
2	227596032	227664473	1
2	227664474	227700295	0
2	227700296	227863929	2
2	227863930	227867425	0
2	227867426	228028827	1
2	228028828	228029279	0
2	228029280	228179506	2
2	228179507	228189865	0
2	228189866	228222548	2
2	228222549	228226870	0
2	228226871	228246709	1
2	228246710	228336866	0
2	228336867	228425928	2
2	228425929	228474804	0
2	228474805	228498034	1
2	228498035	228550569	0
2	228550570	228582726	1
2	228582727	228678556	0
2	228678557	228682270	2
2	228682271	228735768	0
2	228735769	228789058	2
2	228789059	228844664	0
2	228844665	229046359	1
2	229046360	229888688	0
2	229888689	230135999	1
2	230136000	230222343	0
2	230222344	230579272	1
2	230579273	230628552	0
2	230628553	230787016	1
2	230787017	230787953	3
2	230787954	230877823	2
2	230877824	230899696	0
2	230899697	230933713	1
2	230933714	231033632	0
2	231033633	231067824	1
2	231067825	231084663	3
2	231084664	231090442	1
2	231090443	231268445	2
2	231268446	231280655	0
2	231280656	231408803	2
2	231408804	231577558	0
2	231577559	231685788	2
2	231685789	231729352	0
2	231729353	231743961	2
2	231743962	231772041	0
2	231772042	231825779	1
2	231825780	231860834	0
2	231860835	231889768	2
2	231889769	231902203	0
2	231902204	231914427	2
2	231914428	231921576	0
2	231921577	231972942	2
2	231972943	231989830	3
2	231989831	232037539	2
2	232037540	232063258	0
2	232063259	232209912	2
2	232209913	232260252	0
2	232260253	232265873	2
2	232265874	232316904	0
2	232316905	232317862	2
2	232317863	232318240	0
2	232318241	232329303	1
2	232329304	232387869	0
2	232387870	232395204	1
2	232395205	232457573	0
2	232457574	232458992	2
2	232458993	232571515	0
2	232571516	232571619	1
2	232571620	232572392	0
2	232572393	232578249	2
2	232578250	232597133	0
2	232597134	232646379	1
2	232646380	232650980	3
2	232650981	232673961	2
2	232673962	232786528	0
2	232786529	232791111	1
2	232791112	232825953	0
2	232825954	233209058	2
2	233209059	233243242	0
2	233243243	233247597	2
2	233247598	233271551	0
2	233271552	233275422	2
2	233275423	233320831	0
2	233320832	233324740	2
2	233324741	233344535	0
2	233344536	233352536	1
2	233352537	233385171	0
2	233385172	233390420	2
2	233390421	233390868	0
2	233390869	233400546	2
2	233400547	233404435	0
2	233404436	233411111	2
2	233411112	233412777	0
2	233412778	233414760	1
2	233414761	233415224	3
2	233415225	233448352	2
2	233448353	233470765	0
2	233470766	233547489	2
2	233547490	233562013	0
2	233562014	233631172	2
2	233631173	233641276	3
2	233641277	233741114	2
2	233741115	233743394	0
2	233743395	233877322	1
2	233877323	233877980	3
2	233877981	233880593	2
2	233880594	233897380	0
2	233897381	233899765	2
2	233899766	233924675	0
2	233924676	234116547	2
2	234116548	234118695	0
2	234118696	234204318	2
2	234204319	234216460	0
2	234216461	234255699	2
2	234255700	234263151	0
2	234263152	234380744	2
2	234380745	234384164	0
2	234384165	234475426	1
2	234475427	234526289	0
2	234526290	234681954	2
2	234681955	234684368	0
2	234684369	234742067	2
2	234742068	234745347	0
2	234745348	234763210	1
2	234763211	234826041	0
2	234826042	234928164	2
2	234928165	234959321	0
2	234959322	234985776	2
2	234985777	235401683	0
2	235401684	235405695	1
2	235405696	235860615	0
2	235860616	235964356	2
2	235964357	236402731	0
2	236402732	236682497	2
2	236682498	236684436	3
2	236684437	237040442	2
2	237040443	237073877	0
2	237073878	237077010	1
2	237077011	237102093	0
2	237102094	237173050	1
2	237173051	237232792	0
2	237232793	237416183	1
2	237416184	237476428	0
2	237476429	237490999	2
2	237491000	237993953	0
2	237993954	238009107	2
2	238009108	238165732	0
2	238165733	238166317	2
2	238166318	238232653	0
2	238232654	238323016	1
2	238323017	238330061	0
2	238330062	238333917	1
2	238333918	238394069	0
2	238394070	238463959	2
2	238463960	238475215	0
2	238475216	238475816	2
2	238475817	238482963	0
2	238482964	238499734	1
2	238499735	238499810	0
2	238499811	238504622	2
2	238504623	238536217	0
2	238536218	238688956	2
2	238688957	238707386	0
2	238707387	238751448	2
2	238751449	238767534	0
2	238767535	238820754	2
2	238820755	238875595	0
2	238875596	238951234	2
2	238951235	238969528	0
2	238969529	239008052	2
2	239008053	239008796	0
2	239008797	239041926	2
2	239041927	239047361	0
2	239047362	239061586	2
2	239061587	239067647	0
2	239067648	239077514	2
2	239077515	239079040	0
2	239079041	239112368	1
2	239112369	239133752	0
2	239133753	239140316	1
2	239140317	239146906	0
2	239146907	239149301	1
2	239149302	239152677	0
2	239152678	239192327	1
2	239192328	239192496	3
2	239192497	239198741	1
2	239198742	239229080	0
2	239229081	239309539	2
2	239309540	239335463	0
2	239335464	239360889	2
2	239360890	239756671	0
2	239756672	239795891	2
2	239795892	239969862	0
2	239969863	240322703	1
2	240322704	240323128	0
2	240323129	240324056	2
2	240324057	240499993	0
2	240499994	240507786	2
2	240507787	240684552	0
2	240684553	240724575	2
2	240724576	240831865	0
2	240831866	240964817	1
2	240964818	240968839	0
2	240968840	240969904	1
2	240969905	240981228	0
2	240981229	240982397	1
2	240982398	240984492	0
2	240984493	240985487	1
2	240985488	241053905	0
2	241053906	241064302	2
2	241064303	241065978	0
2	241065979	241076222	1
2	241076223	241078444	0
2	241078445	241083977	1
2	241083978	241375086	0
2	241375087	241388833	2
2	241388834	241396129	3
2	241396130	241407491	2
2	241407492	241418837	0
2	241418838	241499469	1
2	241499470	241500525	3
2	241500526	241505219	1
2	241505220	241508592	3
2	241508593	241508624	1
2	241508625	241520787	2
2	241520788	241526131	0
2	241526132	241570674	2
2	241570675	241615853	0
2	241615854	241622315	1
2	241622316	241624476	0
2	241624477	241624703	1
2	241624704	241631260	0
2	241631261	241637898	2
2	241637899	241653179	0
2	241653180	241759723	1
2	241759724	241807894	0
2	241807895	241818535	2
2	241818536	241825463	0
2	241825464	241836304	1
2	241836305	241858200	0
2	241858201	241905217	2
2	241905218	241906847	0
2	241906848	241932726	2
2	241932727	241938253	0
2	241938254	242028582	2
2	242028583	242032481	3
2	242032482	242033819	2
2	242033820	242034976	3
2	242034977	242034979	2
2	242034980	242034981	3
2	242034982	242041745	1
2	242041746	242045512	0
2	242045513	242088989	1
2	242088990	242089677	3
2	242089678	242123065	2
2	242123066	242127922	0
2	242127923	242164789	2
2	242164790	242166677	0
2	242166678	242167317	1
2	242167318	242168848	3
2	242168849	242254513	1
2	242254514	242254705	3
2	242254706	242254768	1
2	242254769	242255255	3
2	242255256	242255274	1
2	242255275	242256474	3
2	242256475	242293440	2
2	242293441	242295656	0
2	242295657	242432087	2
2	242432088	242434254	3
2	242434255	242449143	1
2	242449144	242498134	0
2	242498135	242513544	2
2	242513545	242523818	0
2	242523819	242576626	1
2	242576627	242576862	3
2	242576863	242613270	2
2	242613271	242615155	0
2	242615156	242626404	1
2	242626405	242641453	0
2	242641454	242668891	2
2	242668892	242673992	0
2	242673993	242708224	2
2	242708225	242716238	0
2	242716239	242743621	2
2	242743622	242749918	0
2	242749919	242758737	2
2	242758738	242792031	0
2	242792032	242801058	1
2	242801059	242811879	0
2	242811880	242815973	2
2	242815974	242836134	0
2	242836135	242844700	1
