<CHROM>	<START>	<END>	<TSB>
15	0	3268545	0
15	3268546	3280068	2
15	3280069	3280506	3
15	3280507	3303524	1
15	3303525	3317758	0
15	3317759	3583228	1
15	3583229	3965443	0
15	3965444	3979571	1
15	3979572	3982033	0
15	3982034	3995742	1
15	3995743	4026381	0
15	4026382	4155342	2
15	4155343	4375502	0
15	4375503	4575551	2
15	4575552	4727173	0
15	4727174	4814965	2
15	4814966	4899140	0
15	4899141	4962203	2
15	4962204	4988760	0
15	4988761	5063738	1
15	5063739	5095979	0
15	5095980	5108537	1
15	5108538	5116643	0
15	5116644	5119138	2
15	5119139	5143859	0
15	5143860	5181897	2
15	5181898	5185523	0
15	5185524	5218334	2
15	5218335	5233397	0
15	5233398	5244185	1
15	5244186	6299786	0
15	6299787	6440710	2
15	6440711	6445325	0
15	6445326	6498749	2
15	6498750	6522851	0
15	6522852	6663302	2
15	6663303	6708381	0
15	6708382	6800399	2
15	6800400	6813575	0
15	6813576	6874967	1
15	6874968	7090612	0
15	7090613	7197487	2
15	7197488	7206118	0
15	7206119	7398349	1
15	7398350	7810844	0
15	7810845	7837573	2
15	7837574	7873060	0
15	7873061	8099207	1
15	8099208	8109271	0
15	8109272	8161245	2
15	8161246	8169104	0
15	8169105	8271156	2
15	8271157	8290615	0
15	8290616	8444461	1
15	8444462	8518681	0
15	8518682	8519951	1
15	8519952	8634122	0
15	8634123	8710762	1
15	8710763	8968000	0
15	8968001	9067333	2
15	9067334	9071258	0
15	9071259	9110485	2
15	9110486	9111983	0
15	9111984	9140548	1
15	9140549	9155422	3
15	9155423	9202481	2
15	9202482	9279827	0
15	9279828	9315030	2
15	9315031	9335548	0
15	9335549	9370953	2
15	9370954	9436026	0
15	9436027	9466036	2
15	9466037	9505786	0
15	9505787	9529833	1
15	9529834	9578191	0
15	9578192	9748866	1
15	9748867	10177653	0
15	10177654	10349178	2
15	10349179	10358535	0
15	10358536	10410151	2
15	10410152	10446754	0
15	10446755	10470514	1
15	10470515	10474777	0
15	10474778	10485945	1
15	10485946	10486016	0
15	10486017	10499061	2
15	10499062	10500100	0
15	10500101	10558666	1
15	10558667	10568967	0
15	10568968	10714565	1
15	10714566	10952330	0
15	10952331	10980148	2
15	10980149	10981754	0
15	10981755	10996624	2
15	10996625	11000719	0
15	11000720	11029231	2
15	11029232	11033715	0
15	11033716	11037989	1
15	11037990	11064807	0
15	11064808	11349229	2
15	11349230	11382299	0
15	11382300	11399663	1
15	11399664	11839894	0
15	11839895	11907285	1
15	11907286	11981337	0
15	11981338	11996981	1
15	11996982	12117829	0
15	12117830	12185681	2
15	12185682	12205026	0
15	12205027	12274494	2
15	12274495	12321436	0
15	12321437	12321448	1
15	12321449	12321897	3
15	12321898	12351589	2
15	12351590	12359709	0
15	12359710	12592554	1
15	12592555	12808175	0
15	12808176	12824647	1
15	12824648	12824813	0
15	12824814	12935289	2
15	12935290	13028699	0
15	13028700	13173673	1
15	13173674	16728754	0
15	16728755	16857092	2
15	16857093	18818945	0
15	18818946	19014234	2
15	19014235	20665212	0
15	20665213	20666748	1
15	20666749	21110123	0
15	21110124	21589531	2
15	21589532	22549020	0
15	22549021	23474416	2
15	23474417	25363275	0
15	25363276	25413762	1
15	25413763	25622523	0
15	25622524	25813671	2
15	25813672	25843178	0
15	25843179	25973685	2
15	25973686	25984364	0
15	25984365	25998479	2
15	25998480	26309046	0
15	26309047	26409574	2
15	26409575	26540457	0
15	26540458	26895578	1
15	26895579	27466675	0
15	27466676	27542633	2
15	27542634	27594907	3
15	27594908	27630691	1
15	27630692	27655067	0
15	27655068	27681577	1
15	27681578	27730649	0
15	27730650	28025846	1
15	28025847	28203750	0
15	28203751	28472050	2
15	28472051	30172591	0
15	30172592	31029339	2
15	31029340	31224312	0
15	31224313	31274339	2
15	31274340	31291476	0
15	31291477	31367724	1
15	31367725	31441209	0
15	31441210	31453735	1
15	31453736	31455889	0
15	31455890	31531051	1
15	31531052	31565387	0
15	31565388	31590117	2
15	31590118	31590798	0
15	31590799	31601802	1
15	31601803	31602116	0
15	31602117	31618607	2
15	31618608	32177287	0
15	32177288	32178292	2
15	32178293	32244811	0
15	32244812	32696339	2
15	32696340	32920721	0
15	32920722	33034933	2
15	33034934	33083127	0
15	33083128	33594550	2
15	33594551	33683873	0
15	33683874	33687882	1
15	33687883	34082717	0
15	34082718	34145622	2
15	34145623	34238026	0
15	34238027	34284300	2
15	34284301	34306678	0
15	34306679	34349049	2
15	34349050	34357870	3
15	34357871	34436271	2
15	34436272	34440503	0
15	34440504	34443638	1
15	34443639	34453303	0
15	34453304	34473890	2
15	34473891	34484019	0
15	34484020	34495253	1
15	34495254	34495302	0
15	34495303	34530646	2
15	34530647	34572797	0
15	34572798	34679210	1
15	34679211	34837353	0
15	34837354	34843405	2
15	34843406	34875494	0
15	34875495	35178919	1
15	35178920	35296096	0
15	35296097	35303303	2
15	35303304	35371158	0
15	35371159	35931227	2
15	35931228	35931974	0
15	35931975	35938244	1
15	35938245	36009477	0
15	36009478	36140398	1
15	36140399	36150058	0
15	36150059	36164882	1
15	36164883	36174008	0
15	36174009	36177008	2
15	36177009	36178097	0
15	36178098	36235619	2
15	36235620	36239931	0
15	36239932	36283145	1
15	36283146	36477666	0
15	36477667	36496818	1
15	36496819	36504060	0
15	36504061	36555571	1
15	36555572	36595659	0
15	36595660	36609666	1
15	36609667	36770768	0
15	36770769	36796927	1
15	36796928	36997025	0
15	36997026	37007771	1
15	37007772	37233034	0
15	37233035	37363567	2
15	37363568	37366173	0
15	37366174	37425552	1
15	37425553	37440642	3
15	37440643	37792568	1
15	37792569	37923950	0
15	37923951	37961316	1
15	37961317	37967857	0
15	37967858	38078852	1
15	38078853	38219201	0
15	38219202	38226733	2
15	38226734	38291461	0
15	38291462	38300704	1
15	38300705	38487425	0
15	38487426	38519264	1
15	38519265	38661931	0
15	38661932	38692444	2
15	38692445	38933142	0
15	38933143	38952910	2
15	38952911	39006032	0
15	39006033	39038186	2
15	39038187	39076930	0
15	39076931	39087119	2
15	39087120	39091229	0
15	39091230	39112714	1
15	39112715	39112863	0
15	39112864	39146854	2
15	39146855	39198330	0
15	39198331	39684370	2
15	39684371	39745930	0
15	39745931	39760936	2
15	39760937	39768485	0
15	39768486	39857468	1
15	39857469	39870587	0
15	39870588	39943992	1
15	39943993	40134363	0
15	40134364	40150008	2
15	40150009	40655033	0
15	40655034	41104590	2
15	41104591	41447480	0
15	41447481	41861046	2
15	41861047	41864074	0
15	41864075	41869718	1
15	41869719	42424721	0
15	42424722	42676975	1
15	42676976	43020792	0
15	43020793	43170824	1
15	43170825	43250056	0
15	43250057	43282717	1
15	43282718	43477227	0
15	43477228	43527761	2
15	43527762	43864644	0
15	43864645	43870034	1
15	43870035	44196133	0
15	44196134	44235542	2
15	44235543	44373161	0
15	44373162	44428090	1
15	44428091	44428305	3
15	44428306	44438254	2
15	44438255	44457551	0
15	44457552	44601367	2
15	44601368	44619173	0
15	44619174	44641513	2
15	44641514	44671854	0
15	44671855	44788061	1
15	44788062	45106282	0
15	45106283	45114825	1
15	45114826	47580635	0
15	47580636	48792061	1
15	48792062	50654750	0
15	50654751	50890461	1
15	50890462	51786556	0
15	51786557	51865521	1
15	51865522	51877427	0
15	51877428	51884612	2
15	51884613	51962238	0
15	51962239	51991745	1
15	51991746	52040105	0
15	52040106	52045720	2
15	52045721	52295551	0
15	52295552	52335796	2
15	52335797	52712440	0
15	52712441	52730562	2
15	52730563	53064036	0
15	53064037	53346157	1
15	53346158	53453808	0
15	53453809	53884904	1
15	53884905	53886595	3
15	53886596	53902528	1
15	53902529	54250617	0
15	54250618	54278482	1
15	54278483	54410772	0
15	54410773	54466356	2
15	54466357	54571190	0
15	54571191	54602845	2
15	54602846	54745700	0
15	54745701	54754037	2
15	54754038	54838899	0
15	54838900	54952890	1
15	54952891	55015129	0
15	55015130	55072150	1
15	55072151	55076097	0
15	55076098	55090489	1
15	55090490	55112315	0
15	55112316	55259269	2
15	55259270	55307748	0
15	55307749	55520801	2
15	55520802	55534092	0
15	55534093	55557406	1
15	55557407	55557746	3
15	55557747	55626421	2
15	55626422	55636386	0
15	55636387	55906947	1
15	55906948	56665625	0
15	56665626	56694537	1
15	56694538	57243765	0
15	57243766	57477623	1
15	57477624	57694663	0
15	57694664	57839830	2
15	57839831	57869500	0
15	57869501	57892446	1
15	57892447	57912197	0
15	57912198	57970065	2
15	57970066	57985417	0
15	57985418	58011007	2
15	58011008	58022257	0
15	58022258	58076487	1
15	58076488	58094044	0
15	58094045	58135080	1
15	58135081	58141375	0
15	58141376	58158663	2
15	58158664	58175877	0
15	58175878	58214930	1
15	58214931	58314571	0
15	58314572	58324167	1
15	58324168	58415466	0
15	58415467	58457738	2
15	58457739	58510046	0
15	58510047	58662931	2
15	58662932	58782267	0
15	58782268	58823528	1
15	58823529	58872672	0
15	58872673	58877125	2
15	58877126	58889227	0
15	58889228	58890153	2
15	58890154	58902388	3
15	58902389	58933728	1
15	58933729	58933754	0
15	58933755	58939486	2
15	58939487	58941232	0
15	58941233	59081987	1
15	59081988	59315079	0
15	59315080	59331190	2
15	59331191	59331995	0
15	59331996	59374165	1
15	59374166	59374245	0
15	59374246	59601682	2
15	59601683	59648348	0
15	59648349	59657097	2
15	59657098	60014864	0
15	60014865	60016611	1
15	60016612	60818992	0
15	60818993	60825078	1
15	60825079	60917585	0
15	60917586	60923010	1
15	60923011	61985389	0
15	61985390	61990372	2
15	61990373	63775966	0
15	63775967	63808757	1
15	63808758	63824344	0
15	63824345	63845175	1
15	63845176	63857722	0
15	63857723	63878556	1
15	63878557	63891262	0
15	63891263	63912295	1
15	63912296	63929095	0
15	63929096	64060476	1
15	64060477	64086855	0
15	64086856	64382917	1
15	64382918	64697082	0
15	64697083	64817692	1
15	64817693	64922294	3
15	64922295	64937994	2
15	64937995	64979542	0
15	64979543	65014902	1
15	65014903	65787038	0
15	65787039	65873814	2
15	65873815	65876051	0
15	65876052	65912395	1
15	65912396	65922441	0
15	65922442	65976802	1
15	65976803	65986385	0
15	65986386	66286640	1
15	66286641	66379856	0
15	66379857	66500908	1
15	66500909	66526210	0
15	66526211	66561101	1
15	66561102	66577558	0
15	66577559	66647974	2
15	66647975	66670751	0
15	66670752	66780817	2
15	66780818	66831644	3
15	66831645	66850719	2
15	66850720	66891318	0
15	66891319	66923199	2
15	66923200	66929316	0
15	66929317	66969638	1
15	66969639	67102873	0
15	67102874	67176828	1
15	67176829	68083762	0
15	68083763	68258854	1
15	68258855	68928418	0
15	68928419	69093510	2
15	69093511	71431607	0
15	71431608	71727836	1
15	71727837	71795793	0
15	71795794	72034225	1
15	72034226	72501087	0
15	72501088	72546338	1
15	72546339	72589618	0
15	72589619	73061202	1
15	73061203	73090390	0
15	73090391	73095842	2
15	73095843	73097552	3
15	73097553	73184933	1
15	73184934	73205100	0
15	73205101	73423278	1
15	73423279	73512558	0
15	73512559	73572240	2
15	73572241	73577422	0
15	73577423	73645760	1
15	73645761	73694602	0
15	73694603	73707503	1
15	73707504	73723143	0
15	73723144	73758764	2
15	73758765	73786410	0
15	73786411	73834559	1
15	73834560	73839669	3
15	73839670	73839906	2
15	73839907	74516193	0
15	74516194	74589462	2
15	74589463	74606027	0
15	74606028	74636351	1
15	74636352	74669081	0
15	74669082	74672568	1
15	74672569	74702299	0
15	74702300	74709533	1
15	74709534	74714837	0
15	74714838	74717067	2
15	74717068	74721202	0
15	74721203	74724316	2
15	74724317	74724637	3
15	74724638	74728032	1
15	74728033	74732245	0
15	74732246	74734327	1
15	74734328	74742762	0
15	74742763	74746691	1
15	74746692	74747850	0
15	74747851	74753044	1
15	74753045	74762054	0
15	74762055	74763618	1
15	74763619	74770906	0
15	74770907	74778857	1
15	74778858	74796872	0
15	74796873	74799984	1
15	74799985	74813450	0
15	74813451	74818813	1
15	74818814	74819069	0
15	74819070	74834123	2
15	74834124	74834869	3
15	74834870	74841641	1
15	74841642	74851008	0
15	74851009	74856316	1
15	74856317	74878337	0
15	74878338	74881702	1
15	74881703	74955049	0
15	74955050	74959903	2
15	74959904	74979532	0
15	74979533	74983428	1
15	74983429	74994875	0
15	74994876	74998029	1
15	74998030	75044016	0
15	75044017	75048828	1
15	75048829	75108159	0
15	75108160	75111968	1
15	75111969	75155238	0
15	75155239	75159124	2
15	75159125	75216374	0
15	75216375	75222659	2
15	75222660	75268419	0
15	75268420	75272233	2
15	75272234	75449455	0
15	75449456	75451404	2
15	75451405	75551266	0
15	75551267	75567253	1
15	75567254	75596626	0
15	75596627	75599479	2
15	75599480	75616677	0
15	75616678	75629825	2
15	75629826	75657033	0
15	75657034	75678798	1
15	75678799	75704278	0
15	75704279	75715483	2
15	75715484	75745488	0
15	75745489	75748226	1
15	75748227	75754428	0
15	75754429	75841913	1
15	75841914	75862325	0
15	75862326	75867406	2
15	75867407	75884135	0
15	75884136	75888768	1
15	75888769	75890954	0
15	75890955	75909554	1
15	75909555	75909733	0
15	75909734	75914533	2
15	75914534	75916475	0
15	75916476	75921558	1
15	75921559	75924674	0
15	75924675	75929830	1
15	75929831	75940950	0
15	75940951	75949398	2
15	75949399	75969121	0
15	75969122	75975747	2
15	75975748	75979870	0
15	75979871	75982453	1
15	75982454	75993767	0
15	75993768	75999152	2
15	75999153	76001091	0
15	76001092	76009888	1
15	76009889	76014334	3
15	76014335	76046979	2
15	76046980	76047156	0
15	76047157	76069782	1
15	76069783	76070180	0
15	76070181	76080911	1
15	76080912	76085516	0
15	76085517	76091625	1
15	76091626	76101479	0
15	76101480	76126554	1
15	76126555	76170972	0
15	76170973	76232568	1
15	76232569	76233001	0
15	76233002	76243439	1
15	76243440	76246762	0
15	76246763	76249902	2
15	76249903	76268087	0
15	76268088	76292570	2
15	76292571	76294346	0
15	76294347	76296599	2
15	76296600	76296894	3
15	76296895	76327395	1
15	76327396	76328013	3
15	76328014	76330675	2
15	76330676	76331229	0
15	76331230	76334905	2
15	76334906	76343521	0
15	76343522	76346258	2
15	76346259	76347038	0
15	76347039	76351109	1
15	76351110	76351292	0
15	76351293	76354378	2
15	76354379	76354430	0
15	76354431	76365199	2
15	76365200	76368896	0
15	76368897	76371435	2
15	76371436	76371952	0
15	76371953	76374936	1
15	76374937	76380259	0
15	76380260	76452987	2
15	76452988	76453036	3
15	76453037	76457518	1
15	76457519	76459447	3
15	76459448	76477275	1
15	76477276	76477433	0
15	76477434	76500970	2
15	76500971	76502013	0
15	76502014	76511949	1
15	76511950	76516201	0
15	76516202	76522497	1
15	76522498	76533211	0
15	76533212	76534929	1
15	76534930	76535719	0
15	76535720	76538733	1
15	76538734	76538830	0
15	76538831	76544606	2
15	76544607	76576356	0
15	76576357	76595804	2
15	76595805	76595814	3
15	76595815	76607589	1
15	76607590	76612381	0
15	76612382	76617382	1
15	76617383	76622107	0
15	76622108	76639956	1
15	76639957	76643393	0
15	76643394	76659856	1
15	76659857	76660059	3
15	76660060	76660115	1
15	76660116	76668194	2
15	76668195	76668223	0
15	76668224	76669946	1
15	76669947	76671613	0
15	76671614	76694917	2
15	76694918	76695714	0
15	76695715	76699684	2
15	76699685	76701463	0
15	76701464	76703551	2
15	76703552	76704237	3
15	76704238	76710531	1
15	76710532	76710621	0
15	76710622	76715274	2
15	76715275	76717697	3
15	76717698	76723838	1
15	76723839	76723983	0
15	76723984	76818168	1
15	76818169	76851607	0
15	76851608	76871433	1
15	76871434	76879257	0
15	76879258	76901303	2
15	76901304	76904076	0
15	76904077	76906312	2
15	76906313	76910369	0
15	76910370	76925446	1
15	76925447	76948504	0
15	76948505	76950977	2
15	76950978	77015485	0
15	77015486	77045073	1
15	77045074	77050668	3
15	77050669	77057104	2
15	77057105	77078988	0
15	77078989	77307002	1
15	77307003	77388217	0
15	77388218	77399108	1
15	77399109	77403787	0
15	77403788	77411133	1
15	77411134	77422207	0
15	77422208	77447458	1
15	77447459	77477045	0
15	77477046	77491067	2
15	77491068	77508269	0
15	77508270	77518049	2
15	77518050	77524850	0
15	77524851	77533314	1
15	77533315	77558237	0
15	77558238	77561890	1
15	77561891	77583817	0
15	77583818	77596123	1
15	77596124	77599256	0
15	77599257	77602852	2
15	77602853	77633944	0
15	77633945	77643284	1
15	77643285	77698903	0
15	77698904	77719283	2
15	77719284	77729037	0
15	77729038	77736380	2
15	77736381	77747796	0
15	77747797	77757001	1
15	77757002	77760585	0
15	77760586	77842173	1
15	77842174	77915045	0
15	77915046	77929004	1
15	77929005	77940520	0
15	77940521	77956720	1
15	77956721	77958996	0
15	77958997	77970811	1
15	77970812	77991746	0
15	77991747	78120026	1
15	78120027	78159461	0
15	78159462	78174105	1
15	78174106	78191112	0
15	78191113	78206398	1
15	78206399	78244799	0
15	78244800	78262578	2
15	78262579	78282505	0
15	78282506	78305719	1
15	78305720	78325750	0
15	78325751	78353845	2
15	78353846	78378398	0
15	78378399	78395910	1
15	78395911	78399554	0
15	78399555	78405905	1
15	78405906	78406414	0
15	78406415	78414011	2
15	78414012	78428562	0
15	78428563	78439301	2
15	78439302	78439665	0
15	78439666	78468632	1
15	78468633	78479254	0
15	78479255	78495269	1
15	78495270	78523344	0
15	78523345	78531414	1
15	78531415	78537006	0
15	78537007	78544683	1
15	78544684	78559165	0
15	78559166	78572781	1
15	78572782	78597045	0
15	78597046	78622017	2
15	78622018	78667329	0
15	78667330	78718769	1
15	78718770	78755880	0
15	78755881	78773473	1
15	78773474	78775136	0
15	78775137	78803040	1
15	78803041	78842622	0
15	78842623	78850858	2
15	78850859	78850895	3
15	78850896	78855527	1
15	78855528	78877188	0
15	78877189	78894583	2
15	78894584	78899665	0
15	78899666	78919515	2
15	78919516	78926723	0
15	78926724	78930463	2
15	78930464	78934931	0
15	78934932	78943636	2
15	78943637	78947722	0
15	78947723	79005867	2
15	79005868	79028448	0
15	79028449	79030502	2
15	79030503	79030872	0
15	79030873	79043556	2
15	79043557	79053092	0
15	79053093	79062883	1
15	79062884	79075177	0
15	79075178	79094403	2
15	79094404	79108962	0
15	79108963	79134653	2
15	79134654	79136898	3
15	79136899	79141007	1
15	79141008	79141185	3
15	79141186	79141251	1
15	79141252	79151772	2
15	79151773	79154906	0
15	79154907	79165238	1
15	79165239	79229171	0
15	79229172	79251012	2
15	79251013	79254759	3
15	79254760	79256672	2
15	79256673	79258193	0
15	79258194	79285535	1
15	79285536	79286226	0
15	79286227	79328388	1
15	79328389	79346619	0
15	79346620	79359074	2
15	79359075	79360682	0
15	79360683	79403567	1
15	79403568	79417854	0
15	79417855	79455564	1
15	79455565	79483712	0
15	79483713	79505239	1
15	79505240	79516409	0
15	79516410	79527734	2
15	79527735	79527737	3
15	79527738	79546739	1
15	79546740	79561495	0
15	79561496	79605106	1
15	79605107	79609574	0
15	79609575	79658954	1
15	79658955	79659197	0
15	79659198	79667658	2
15	79667659	79670859	0
15	79670860	79673398	2
15	79673399	79674249	0
15	79674250	79687917	1
15	79687918	79690843	0
15	79690844	79721477	2
15	79721478	79724068	0
15	79724069	79742534	1
15	79742535	79761451	0
15	79761452	79776970	1
15	79776971	79786349	0
15	79786350	79834686	1
15	79834687	79891657	0
15	79891658	79908434	2
15	79908435	79915805	0
15	79915806	79971117	1
15	79971118	79995872	0
15	79995873	80014806	1
15	80014807	80077789	0
15	80077790	80091332	1
15	80091333	80091866	3
15	80091867	80119499	2
15	80119500	80133125	0
15	80133126	80161705	2
15	80161706	80173719	0
15	80173720	80215517	2
15	80215518	80234016	0
15	80234017	80253369	2
15	80253370	80255182	0
15	80255183	80257539	2
15	80257540	80260613	0
15	80260614	80264313	1
15	80264314	80287236	0
15	80287237	80398277	2
15	80398278	80452238	0
15	80452239	80565154	1
15	80565155	80572592	0
15	80572593	80652852	2
15	80652853	80671845	0
15	80671846	80700423	2
15	80700424	80711311	0
15	80711312	80941083	2
15	80941084	80948488	0
15	80948489	80970944	2
15	80970945	80977763	0
15	80977764	81012279	2
15	81012280	81012288	3
15	81012289	81190755	1
15	81190756	81235497	0
15	81235498	81238962	2
15	81238963	81318909	0
15	81318910	81360810	1
15	81360811	81363667	0
15	81363668	81400075	1
15	81400076	81400136	0
15	81400137	81406924	2
15	81406925	81408297	3
15	81408298	81457480	2
15	81457481	81466294	0
15	81466295	81476367	2
15	81476368	81585395	0
15	81585396	81652075	2
15	81652076	81663887	0
15	81663888	81686163	2
15	81686164	81688313	3
15	81688314	81697285	1
15	81697286	81704246	0
15	81704247	81745055	1
15	81745056	81745528	3
15	81745529	81796258	2
15	81796259	81802419	0
15	81802420	81826861	2
15	81826862	81848270	0
15	81848271	81858520	1
15	81858521	81864518	0
15	81864519	81871909	1
15	81871910	81872307	0
15	81872308	81915027	2
15	81915028	81915131	3
15	81915132	81926238	1
15	81926239	81936757	0
15	81936758	81950939	2
15	81950940	81951106	0
15	81951107	81960928	1
15	81960929	81980538	0
15	81980539	81981561	2
15	81981562	81987833	0
15	81987834	81992521	2
15	81992522	82016161	3
15	82016162	82040083	2
15	82040084	82040523	0
15	82040524	82047596	1
15	82047597	82059149	0
15	82059150	82066538	2
15	82066539	82069994	0
15	82069995	82126812	2
15	82126813	82127920	0
15	82127921	82142201	2
15	82142202	82147179	0
15	82147180	82205377	2
15	82205378	82206166	0
15	82206167	82212813	1
15	82212814	82221741	0
15	82221742	82224367	1
15	82224368	82233777	0
15	82233778	82244746	1
15	82244747	82252395	0
15	82252396	82260751	2
15	82260752	82274891	0
15	82274892	82294572	2
15	82294573	82298952	0
15	82298953	82314621	2
15	82314622	82329530	0
15	82329531	82338923	1
15	82338924	82338957	0
15	82338958	82349088	2
15	82349089	82350138	0
15	82350139	82354320	1
15	82354321	82370525	0
15	82370526	82380255	1
15	82380256	82389152	0
15	82389153	82394020	1
15	82394021	82402844	0
15	82402845	82407193	1
15	82407194	82433435	0
15	82433436	82456843	2
15	82456844	82555070	0
15	82555071	82559432	2
15	82559433	82615963	0
15	82615964	82620943	1
15	82620944	82759831	0
15	82759832	82764181	1
15	82764182	82790099	0
15	82790100	82794292	1
15	82794293	82808434	0
15	82808435	82987870	1
15	82987871	82992971	0
15	82992972	83033304	1
15	83033305	83089506	0
15	83089507	83113431	2
15	83113432	83116672	3
15	83116673	83122799	1
15	83122800	83125974	0
15	83125975	83149382	1
15	83149383	83153492	0
15	83153493	83172590	1
15	83172591	83226720	0
15	83226721	83251772	1
15	83251773	83299737	0
15	83299738	83350245	1
15	83350246	83375605	0
15	83375606	83464604	1
15	83464605	83483767	0
15	83483768	83510891	1
15	83510892	83526860	0
15	83526861	83544632	2
15	83544633	83546795	0
15	83546796	83555733	1
15	83555734	83563590	0
15	83563591	83574201	2
15	83574202	83575088	0
15	83575089	83595155	1
15	83595156	83605001	0
15	83605002	83725019	1
15	83725020	83779465	0
15	83779466	83858482	2
15	83858483	83866710	0
15	83866711	84065347	1
15	84065348	84076095	0
15	84076096	84105752	1
15	84105753	84112354	0
15	84112355	84123173	1
15	84123174	84167835	0
15	84167836	84186204	2
15	84186205	84192239	0
15	84192240	84217265	2
15	84217266	84232041	0
15	84232042	84315686	2
15	84315687	84324718	0
15	84324719	84342976	2
15	84342977	84379201	0
15	84379202	84447095	1
15	84447096	84553396	0
15	84553397	84557821	1
15	84557822	84669618	0
15	84669619	84703671	2
15	84703672	84720050	0
15	84720051	84772205	2
15	84772206	84785379	0
15	84785380	84856047	1
15	84856048	84910436	0
15	84910437	84920036	1
15	84920037	84923409	0
15	84923410	84942961	2
15	84942962	84943934	0
15	84943935	84987998	1
15	84987999	85017139	0
15	85017140	85022545	2
15	85022546	85037087	0
15	85037088	85062828	2
15	85062829	85064687	0
15	85064688	85131962	1
15	85131963	85132076	0
15	85132077	85144568	2
15	85144569	85205947	0
15	85205948	85286533	2
15	85286534	85336243	0
15	85336244	85463210	2
15	85463211	85492734	0
15	85492735	85503225	1
15	85503226	85535435	0
15	85535436	85582471	1
15	85582472	85735562	0
15	85735563	85802817	2
15	85802818	85806970	0
15	85806971	85811695	1
15	85811696	85814668	0
15	85814669	85821732	1
15	85821733	85832304	0
15	85832305	85858820	2
15	85858821	85859743	0
15	85859744	85876571	2
15	85876572	85879318	0
15	85879319	85897390	2
15	85897391	85898927	0
15	85898928	86033775	1
15	86033776	86057693	0
15	86057694	86137632	2
15	86137633	86139127	0
15	86139128	86186139	1
15	86186140	86214457	0
15	86214458	86498501	2
15	86498502	87544297	0
15	87544298	87759362	2
15	87759363	88600300	0
15	88600301	88601667	2
15	88601668	88687032	0
15	88687033	88734231	1
15	88734232	88751658	0
15	88751659	88784514	2
15	88784515	88805242	0
15	88805243	88819316	1
15	88819317	88819644	0
15	88819645	88826681	2
15	88826682	88862184	0
15	88862185	88865724	2
15	88865725	88913896	0
15	88913897	88954408	1
15	88954409	88955882	0
15	88955883	88979005	1
15	88979006	88982907	0
15	88982908	89055150	2
15	89055151	89059732	0
15	89059733	89073565	2
15	89073566	89075122	0
15	89075123	89087075	2
15	89087076	89089082	0
15	89089083	89098355	2
15	89098356	89100338	3
15	89100339	89123085	1
15	89123086	89123305	0
15	89123306	89128698	1
15	89128699	89130582	0
15	89130583	89140619	1
15	89140620	89142485	0
15	89142486	89149626	1
15	89149627	89155547	0
15	89155548	89180786	1
15	89180787	89182211	0
15	89182212	89196446	1
15	89196447	89211551	0
15	89211552	89286262	2
15	89286263	89288234	0
15	89288235	89315309	1
15	89315310	89322718	0
15	89322719	89324729	2
15	89324730	89334396	0
15	89334397	89337013	2
15	89337014	89351002	0
15	89351003	89355657	1
15	89355658	89355717	0
15	89355718	89371635	2
15	89371636	89372824	3
15	89372825	89377037	1
15	89377038	89377447	0
15	89377448	89379280	1
15	89379281	89384915	0
15	89384916	89388865	2
15	89388866	89390172	0
15	89390173	89410501	1
15	89410502	89416403	0
15	89416404	89425861	1
15	89425862	89426365	0
15	89426366	89429587	1
15	89429588	89429897	3
15	89429898	89430866	2
15	89430867	89453911	0
15	89453912	89464466	2
15	89464467	89472474	0
15	89472475	89477423	1
15	89477424	89499621	0
15	89499622	89560259	2
15	89560260	89568324	0
15	89568325	89574583	2
15	89574584	89582531	0
15	89582532	89591921	1
15	89591922	89782391	0
15	89782392	89841858	1
15	89841859	90224309	0
15	90224310	90233469	2
15	90233470	90487481	0
15	90487482	90679430	1
15	90679431	90933274	0
15	90933275	91049946	1
15	91049947	91145869	0
15	91145870	91191797	1
15	91191798	91199492	0
15	91199493	91260892	2
15	91260893	91267694	0
15	91267695	91573259	1
15	91573260	91673173	0
15	91673174	91816118	2
15	91816119	91838263	0
15	91838264	91861436	2
15	91861437	92051163	0
15	92051164	92341965	2
15	92341966	92396879	0
15	92396880	92771817	2
15	92771818	93239740	0
15	93239741	93275177	1
15	93275178	93284276	0
15	93284277	93336806	1
15	93336807	93386095	0
15	93386096	93398332	1
15	93398333	93398348	0
15	93398349	93491508	2
15	93491509	93499112	0
15	93499113	93595889	1
15	93595890	94270161	0
15	94270162	94404256	1
15	94404257	94522686	0
15	94522687	94543545	1
15	94543546	94543641	0
15	94543642	94577949	2
15	94577950	94581813	3
15	94581814	94589887	1
15	94589888	94629248	0
15	94629249	95075228	2
15	95075229	95096096	3
15	95096097	95528557	1
15	95528558	95623561	0
15	95623562	95655958	1
15	95655959	95790841	0
15	95790842	95974749	2
15	95974750	96287516	0
15	96287517	96404990	2
15	96404991	96411697	0
15	96411698	96460841	1
15	96460842	96571416	0
15	96571417	96642911	1
15	96642912	96687390	0
15	96687391	96699728	1
15	96699729	96994818	0
15	96994819	97055954	1
15	97055955	97244123	0
15	97244124	97247105	1
15	97247106	97247120	3
15	97247121	97247285	1
15	97247286	97385678	2
15	97385679	97675095	0
15	97675096	97705823	1
15	97705824	97711013	0
15	97711014	97731337	1
15	97731338	97744768	0
15	97744769	97767970	1
15	97767971	97784353	0
15	97784354	97792662	2
15	97792663	97792690	3
15	97792691	97844500	1
15	97844501	97854423	0
15	97854424	97910628	1
15	97910629	97964198	0
15	97964199	97970273	2
15	97970274	97975600	0
15	97975601	98004693	1
15	98004694	98038742	0
15	98038743	98092587	1
15	98092588	98093742	3
15	98093743	98132449	2
15	98132450	98134635	0
15	98134636	98165623	1
15	98165624	98167156	0
15	98167157	98170132	2
15	98170133	98186011	0
15	98186012	98221054	1
15	98221055	98224306	0
15	98224307	98234448	1
15	98234449	98255984	0
15	98255985	98257291	1
15	98257292	98285583	0
15	98285584	98296159	1
15	98296160	98309201	0
15	98309202	98317351	1
15	98317352	98340020	0
15	98340021	98340985	1
15	98340986	98377697	0
15	98377698	98380944	1
15	98380945	98431223	0
15	98431224	98438636	2
15	98438637	98452586	0
15	98452587	98460393	2
15	98460394	98469894	0
15	98469895	98478980	2
15	98478981	98480398	0
15	98480399	98482719	1
15	98482720	98492400	0
15	98492401	98502635	2
15	98502636	98517656	0
15	98517657	98534262	1
15	98534263	98538687	0
15	98538688	98570921	1
15	98570922	98571002	0
15	98571003	98589578	2
15	98589579	98589971	0
15	98589972	98610074	1
15	98610075	98632374	0
15	98632375	98644527	2
15	98644528	98645132	0
15	98645133	98662887	1
15	98662888	98663419	0
15	98663420	98677459	1
15	98677460	98708205	0
15	98708206	98723334	2
15	98723335	98724368	0
15	98724369	98728196	1
15	98728197	98736632	0
15	98736633	98763209	1
15	98763210	98770710	0
15	98770711	98778148	1
15	98778149	98789855	0
15	98789856	98793835	2
15	98793836	98803775	0
15	98803776	98809488	1
15	98809489	98812795	0
15	98812796	98831519	1
15	98831520	98831667	0
15	98831668	98871202	1
15	98871203	98877776	0
15	98877777	98898538	1
15	98898539	98903915	0
15	98903916	98918229	1
15	98918230	98931423	0
15	98931424	98953701	1
15	98953702	99029889	0
15	99029890	99038108	2
15	99038109	99055172	0
15	99055173	99058976	2
15	99058977	99074573	0
15	99074574	99083407	2
15	99083408	99084084	0
15	99084085	99087815	1
15	99087816	99099410	0
15	99099411	99104735	2
15	99104736	99125914	0
15	99125915	99213213	2
15	99213214	99224859	0
15	99224860	99242815	2
15	99242816	99251959	1
15	99251960	99271016	0
15	99271017	99295085	1
15	99295086	99295886	3
15	99295887	99317016	2
15	99317017	99317223	0
15	99317224	99370480	1
15	99370481	99392880	0
15	99392881	99410047	2
15	99410048	99422033	0
15	99422034	99457746	1
15	99457747	99470077	0
15	99470078	99474728	1
15	99474729	99497010	0
15	99497011	99528163	1
15	99528164	99579053	0
15	99579054	99584545	2
15	99584546	99590780	0
15	99590781	99594827	2
15	99594828	99601398	0
15	99601399	99605475	2
15	99605476	99620494	0
15	99620495	99651654	1
15	99651655	99670366	0
15	99670367	99701126	2
15	99701127	99702127	0
15	99702128	99702174	2
15	99702175	99705488	3
15	99705489	99713989	2
15	99713990	99717513	0
15	99717514	99725003	2
15	99725004	99725616	0
15	99725617	99728134	2
15	99728135	99734879	0
15	99734880	99772883	1
15	99772884	99778468	0
15	99778469	99875454	1
15	99875455	99918346	0
15	99918347	99967059	1
15	99967060	99970063	0
15	99970064	100016356	2
15	100016357	100154394	0
15	100154395	100215664	2
15	100215665	100227817	0
15	100227818	100261242	2
15	100261243	100280835	0
15	100280836	100293064	2
15	100293065	100304138	0
15	100304139	100328660	2
15	100328661	100334927	0
15	100334928	100340373	2
15	100340374	100353147	0
15	100353148	100384434	2
15	100384435	100387896	0
15	100387897	100422145	1
15	100422146	100423053	3
15	100423054	100423191	1
15	100423192	100425070	3
15	100425071	100428148	2
15	100428149	100469021	0
15	100469022	100479162	2
15	100479163	100479568	0
15	100479569	100495486	1
15	100495487	100498010	0
15	100498011	100552006	1
15	100552007	100575316	0
15	100575317	100599982	1
15	100599983	100615347	0
15	100615348	100620759	2
15	100620760	100621337	0
15	100621338	100636938	1
15	100636939	100641075	0
15	100641076	100669551	1
15	100669552	100674419	0
15	100674420	100687919	1
15	100687920	100691811	0
15	100691812	100729374	1
15	100729375	100761745	0
15	100761746	100823966	2
15	100823967	100869856	0
15	100869857	101045936	2
15	101045937	101046340	0
15	101046341	101047395	1
15	101047396	101050192	0
15	101050193	101078565	1
15	101078566	101115753	0
15	101115754	101120038	2
15	101120039	101128520	0
15	101128521	101145334	2
15	101145335	101174065	0
15	101174066	101213682	2
15	101213683	101224186	0
15	101224187	101232754	2
15	101232755	101254267	0
15	101254268	101274793	2
15	101274794	101284270	0
15	101284271	101290943	2
15	101290944	101293210	0
15	101293211	101297424	2
15	101297425	101347442	0
15	101347443	101370160	1
15	101370161	101411101	0
15	101411102	101430311	2
15	101430312	101431036	0
15	101431037	101438802	1
15	101438803	101447742	0
15	101447743	101453905	2
15	101453906	101459059	0
15	101459060	101463749	1
15	101463750	101473476	0
15	101473477	101479984	2
15	101479985	101485128	0
15	101485129	101491510	1
15	101491511	101515918	0
15	101515919	101517259	1
15	101517260	101525024	0
15	101525025	101532818	1
15	101532819	101541212	0
15	101541213	101550665	1
15	101550666	101552354	0
15	101552355	101562948	1
15	101562949	101563343	0
15	101563344	101573902	1
15	101573903	101624026	0
15	101624027	101628186	1
15	101628187	101643018	0
15	101643019	101647378	1
15	101647379	101676021	0
15	101676022	101680285	1
15	101680286	101689908	0
15	101689909	101694305	1
15	101694306	101707068	0
15	101707069	101712896	1
15	101712897	101733947	0
15	101733948	101743107	1
15	101743108	101776170	0
15	101776171	101786458	1
15	101786459	101793306	0
15	101793307	101802344	1
15	101802345	101810687	0
15	101810688	101818167	1
15	101818168	101845424	0
15	101845425	101850792	1
15	101850793	101858729	0
15	101858730	101869703	1
15	101869704	101884349	0
15	101884350	101892918	1
15	101892919	101918533	0
15	101918534	101924733	1
15	101924734	101929330	0
15	101929331	101940322	1
15	101940323	101945999	0
15	101946000	101954285	1
15	101954286	101996696	0
15	101996697	102004480	1
15	102004481	102028178	0
15	102028179	102032025	2
15	102032026	102073771	0
15	102073772	102097171	2
15	102097172	102100411	0
15	102100412	102116399	2
15	102116400	102116526	0
15	102116527	102136232	1
15	102136233	102144360	0
15	102144361	102149509	2
15	102149510	102150524	0
15	102150525	102163467	2
15	102163468	102176997	0
15	102176998	102203646	1
15	102203647	102204243	3
15	102204244	102204254	1
15	102204255	102215604	2
15	102215605	102215993	0
15	102215994	102231942	1
15	102231943	102234936	0
15	102234937	102257515	1
15	102257516	102270561	0
15	102270562	102274119	2
15	102274120	102279452	0
15	102279453	102281752	2
15	102281753	102296264	0
15	102296265	102324355	2
15	102324356	102326114	0
15	102326115	102338137	2
15	102338138	102338250	0
15	102338251	102350757	1
15	102350758	102356604	0
15	102356605	102366966	1
15	102366967	102406141	0
15	102406142	102436402	2
15	102436403	102445365	0
15	102445366	102454631	2
15	102454632	102459026	0
15	102459027	102462804	2
15	102462805	102470548	0
15	102470549	102497644	2
15	102497645	102500059	3
15	102500060	102503720	1
15	102503721	102503884	3
15	102503885	102517062	1
15	102517063	102518355	0
15	102518356	102523674	2
15	102523675	102523837	0
15	102523838	102524619	1
15	102524620	102525944	0
15	102525945	102625451	1
15	102625452	102662862	0
15	102662863	102672350	1
15	102672351	102706775	0
15	102706776	102722176	1
15	102722177	102921101	0
15	102921102	102928812	2
15	102928813	102936755	0
15	102936756	102938607	2
15	102938608	102954425	0
15	102954426	102957706	2
15	102957707	102966794	0
15	102966795	102971891	2
15	102971892	102976437	0
15	102976438	102985097	2
15	102985098	102990605	0
15	102990606	102993819	2
15	102993820	103009571	0
15	103009572	103011879	2
15	103011880	103013813	0
15	103013814	103017427	2
15	103017428	103018932	0
15	103018933	103036850	2
15	103036851	103153288	0
15	103153289	103167090	1
15	103167091	103191542	0
15	103191543	103239814	1
15	103239815	103240430	0
15	103240431	103244953	2
15	103244954	103248210	0
15	103248211	103258401	1
15	103258402	103272908	0
15	103272909	103299866	2
15	103299867	103308233	0
15	103308234	103310610	1
15	103310611	103313893	0
15	103313894	103340091	1
15	103340092	103344284	0
15	103344285	103366761	1
15	103366762	103402403	0
15	103402404	103430468	1
15	103430469	103438955	0
15	103438956	103448457	1
15	103448458	103453825	0
15	103453826	103498808	2
15	103498809	103503032	0
15	103503033	103530050	2
15	103530051	103530277	0
15	103530278	103538001	1
15	103538002	103562760	0
15	103562761	103565079	1
15	103565080	103751917	0
15	103751918	103755467	1
15	103755468	103895853	0
15	103895854	103899310	1
