<CHROM>	<START>	<END>	<TSB>
3	0	3508028	0
3	3508029	3658050	2
3	3658051	5218524	0
3	5218525	5415855	2
3	5415856	5560186	0
3	5560187	5576237	1
3	5576238	5750804	0
3	5750805	5751293	2
3	5751294	6615416	0
3	6615417	6620441	1
3	6620442	7366667	0
3	7366668	7445364	2
3	7445365	7503481	0
3	7503482	7553834	2
3	7553835	7569992	0
3	7569993	7613758	1
3	7613759	8509358	0
3	8509359	8561604	2
3	8561605	8663357	0
3	8663358	8667254	1
3	8667255	8802144	0
3	8802145	8923916	1
3	8923917	8925591	0
3	8925592	9004721	1
3	9004722	9250600	0
3	9250601	9285331	2
3	9285332	9427018	0
3	9427019	9610083	1
3	9610084	9687477	0
3	9687478	9833677	1
3	9833678	10088108	0
3	10088109	10092563	2
3	10092564	10179849	0
3	10179850	10183927	1
3	10183928	10193619	0
3	10193620	10197281	1
3	10197282	10204086	0
3	10204087	10208574	1
3	10208575	10244207	0
3	10244208	10301181	1
3	10301182	10311954	0
3	10311955	10331437	1
3	10331438	10331732	0
3	10331733	10335654	1
3	10335655	10339951	0
3	10339952	10351315	1
3	10351316	10366905	0
3	10366906	10395335	2
3	10395336	10417815	0
3	10417816	10440100	1
3	10440101	13471653	0
3	13471654	14182285	2
3	14182286	14480695	0
3	14480696	14505828	2
3	14505829	14533786	0
3	14533787	14572656	2
3	14572657	14578639	0
3	14578640	14606282	2
3	14606283	14606307	3
3	14606308	14611283	1
3	14611284	14641725	0
3	14641726	14663000	2
3	14663001	14766214	0
3	14766215	14808366	1
3	14808367	14863536	0
3	14863537	14872521	2
3	14872522	14886271	0
3	14886272	14900768	2
3	14900769	15296549	0
3	15296550	15332300	1
3	15332301	15371651	0
3	15371652	15426518	1
3	15426519	15495749	0
3	15495750	15575063	1
3	15575064	15795143	0
3	15795144	15848526	1
3	15848527	15946868	0
3	15946869	16006435	1
3	16006436	16183210	0
3	16183211	16217035	2
3	16217036	17948408	0
3	17948409	17948957	2
3	17948958	18054172	0
3	18054173	18057515	2
3	18057516	18071948	0
3	18071949	18243336	1
3	18243337	19131400	0
3	19131401	19163063	1
3	19163064	19187325	0
3	19187326	19220815	2
3	19220816	19223106	0
3	19223107	19311320	1
3	19311321	19508593	0
3	19508594	19610366	2
3	19610367	19610730	3
3	19610731	19610860	2
3	19610861	19628675	1
3	19628676	19644472	0
3	19644473	19692419	2
3	19692420	19693399	0
3	19693400	19695394	1
3	19695395	19957052	0
3	19957053	19995943	2
3	19995944	20007607	3
3	20007608	20009143	2
3	20009144	20035313	1
3	20035314	20057809	0
3	20057810	20118488	2
3	20118489	20122082	0
3	20122083	20155315	1
3	20155316	20215618	0
3	20215619	20242179	1
3	20242180	20248262	0
3	20248263	20275731	1
3	20275732	20314471	0
3	20314472	20367175	1
3	20367176	22076650	0
3	22076651	22216592	2
3	22216593	23798100	0
3	23798101	24783620	1
3	24783621	25426213	0
3	25426214	26332458	1
3	26332459	26637618	0
3	26637619	26983210	2
3	26983211	27097220	0
3	27097221	27153876	1
3	27153877	27182963	0
3	27182964	27284606	2
3	27284607	27317026	0
3	27317027	27342425	2
3	27342426	27371349	0
3	27371350	27378008	2
3	27378009	27416160	0
3	27416161	27711237	1
3	27711238	27866064	0
3	27866065	27896366	1
3	27896367	27938693	0
3	27938694	28133360	2
3	28133361	28263213	0
3	28263214	28675856	2
3	28675857	28697901	0
3	28697902	28731357	2
3	28731358	28781274	0
3	28781275	28798844	2
3	28798845	28805434	0
3	28805435	28807422	2
3	28807423	28892615	0
3	28892616	28926722	2
3	28926723	29082021	0
3	29082022	29691207	2
3	29691208	29951294	0
3	29951295	30509820	1
3	30509821	30597071	0
3	30597072	30599937	1
3	30599938	30602063	0
3	30602064	30619871	2
3	30619872	30624265	0
3	30624266	30644505	1
3	30644506	30647867	3
3	30647868	30672429	2
3	30672430	30679056	0
3	30679057	30699841	1
3	30699842	30746338	0
3	30746339	30767172	2
3	30767173	30792873	0
3	30792874	30821261	2
3	30821262	30855948	0
3	30855949	30897190	2
3	30897191	30899369	0
3	30899370	30969413	1
3	30969414	30995745	0
3	30995746	31052957	2
3	31052958	31095056	0
3	31095057	31122575	2
3	31122576	31149918	0
3	31149919	31164322	2
3	31164323	31202856	0
3	31202857	31310376	1
3	31310377	31902505	0
3	31902506	32200178	2
3	32200179	32334790	0
3	32334791	32365676	1
3	32365677	32397669	0
3	32397670	32468484	2
3	32468485	32471586	0
3	32471587	32492229	1
3	32492230	32510257	0
3	32510258	32520831	2
3	32520832	32529463	0
3	32529464	32579237	2
3	32579238	32580330	0
3	32580331	32616583	1
3	32616584	32706296	0
3	32706297	32725395	2
3	32725396	32726971	3
3	32726972	32736988	1
3	32736989	32737145	3
3	32737146	32751564	2
3	32751565	32817544	0
3	32817545	32938069	2
3	32938070	32949406	0
3	32949407	33143080	1
3	33143081	33799830	0
3	33799831	33812360	2
3	33812361	33814858	3
3	33814859	33844299	1
3	33844300	34019941	0
3	34019942	34056018	2
3	34056019	34069340	3
3	34069341	34070320	2
3	34070321	34081319	1
3	34081320	34650403	0
3	34650404	34652459	2
3	34652460	35754132	0
3	35754133	35856274	2
3	35856275	35892103	0
3	35892104	35937443	1
3	35937444	35959831	0
3	35959832	36000676	1
3	36000677	36007242	0
3	36007243	36053545	1
3	36053546	36065977	0
3	36065978	36092851	2
3	36092852	36151015	0
3	36151016	36170340	2
3	36170341	36179422	0
3	36179423	36222311	1
3	36222312	36448921	0
3	36448922	36475892	1
3	36475893	36475935	0
3	36475936	36482297	2
3	36482298	36515055	0
3	36515056	36521811	1
3	36521812	36552604	0
3	36552605	36564863	2
3	36564864	36565725	3
3	36565726	36572148	1
3	36572149	36573140	0
3	36573141	36613475	1
3	36613476	36620480	0
3	36620481	36690165	1
3	36690166	36863104	0
3	36863105	37053031	2
3	37053032	37063525	0
3	37063526	37120521	2
3	37120522	37121928	3
3	37121929	37125957	1
3	37125958	37222757	0
3	37222758	37232616	1
3	37232617	37307747	0
3	37307748	37312552	1
3	37312553	37312706	3
3	37312707	37321451	2
3	37321452	37348344	0
3	37348345	37404908	2
3	37404909	37405375	3
3	37405376	37410106	2
3	37410107	37419894	1
3	37419895	37420184	3
3	37420185	37420209	1
3	37420210	37579094	2
3	37579095	37639945	0
3	37639946	37644596	2
3	37644597	37714188	0
3	37714189	37724488	1
3	37724489	38449257	0
3	38449258	38484842	1
3	38484843	38886938	0
3	38886939	39011983	2
3	39011984	40531284	0
3	40531285	40704772	2
3	40704773	40708853	0
3	40708854	40726094	2
3	40726095	40744493	0
3	40744494	40796101	2
3	40796102	40800017	0
3	40800018	40816881	2
3	40816882	40818101	0
3	40818102	40846883	1
3	40846884	40846968	0
3	40846969	40900194	2
3	40900195	40902541	3
3	40902542	40938136	2
3	40938137	40949826	0
3	40949827	40977791	2
3	40977792	41024371	0
3	41024372	41040194	2
3	41040195	41066324	0
3	41066325	41083044	1
3	41083045	41555729	0
3	41555730	41616862	2
3	41616863	41626718	0
3	41626719	41742512	1
3	41742513	41742609	0
3	41742610	41803318	2
3	41803319	45378396	0
3	45378397	45435621	2
3	45435622	46442195	0
3	46442196	46448217	1
3	46448218	49743294	0
3	49743295	49757314	1
3	49757315	49892524	0
3	49892525	50443612	1
3	50443613	51224445	0
3	51224446	51251642	2
3	51251643	51252718	0
3	51252719	51340661	1
3	51340662	51388410	0
3	51388411	51396736	1
3	51396737	51404675	0
3	51404676	51408986	1
3	51408987	51415146	0
3	51415147	51476505	2
3	51476506	51483928	0
3	51483929	51496230	2
3	51496231	51515317	0
3	51515318	51560877	1
3	51560878	51661177	0
3	51661178	51682673	2
3	51682674	51685905	0
3	51685906	52105074	1
3	52105075	52268334	0
3	52268335	52353219	2
3	52353220	52981873	0
3	52981874	53017235	1
3	53017236	53041526	0
3	53041527	53261677	2
3	53261678	53448581	0
3	53448582	53463330	1
3	53463331	53463664	0
3	53463665	53481753	2
3	53481754	53488725	0
3	53488726	53508500	2
3	53508501	53513936	0
3	53513937	53657353	1
3	53657354	53845084	0
3	53845085	53845276	2
3	53845277	53853374	0
3	53853375	53863828	1
3	53863829	54156055	0
3	54156056	54318469	2
3	54318470	54361107	0
3	54361108	54391035	2
3	54391036	54692805	0
3	54692806	54713174	2
3	54713175	54714351	3
3	54714352	54728676	2
3	54728677	54728760	3
3	54728761	54735391	1
3	54735392	54735537	0
3	54735538	54749793	2
3	54749794	54755580	0
3	54755581	54801255	2
3	54801256	54803113	0
3	54803114	54807789	1
3	54807790	54897066	0
3	54897067	54915885	1
3	54915886	55045467	0
3	55045468	55055499	1
3	55055500	55112106	0
3	55112107	55137320	2
3	55137321	55137337	0
3	55137338	55172933	2
3	55172934	55182026	0
3	55182027	55209955	2
3	55209956	55242362	0
3	55242363	55461983	2
3	55461984	55472208	3
3	55472209	55539066	2
3	55539067	55625193	0
3	55625194	55782508	1
3	55782509	55784999	3
3	55785000	56183699	1
3	56183700	57285609	0
3	57285610	57301986	1
3	57301987	57425312	0
3	57425313	57441675	2
3	57441676	57455647	0
3	57455648	57575908	1
3	57575909	57644347	0
3	57644348	57651713	1
3	57651714	57664633	0
3	57664634	57692535	1
3	57692536	57736060	0
3	57736061	57835231	2
3	57835232	57841893	0
3	57841894	57848077	1
3	57848078	58414713	0
3	58414714	58466781	2
3	58466782	58519815	0
3	58519816	58525819	1
3	58525820	58525890	3
3	58525891	58557499	2
3	58557500	58576634	0
3	58576635	58593131	2
3	58593132	58616298	0
3	58616299	58637205	1
3	58637206	58674936	0
3	58674937	58692398	1
3	58692399	58790118	0
3	58790119	58822309	1
3	58822310	58844026	0
3	58844027	58885338	1
3	58885339	59005823	0
3	59005824	59096446	2
3	59096447	59101819	3
3	59101820	59113853	2
3	59113854	59130760	3
3	59130761	59178921	2
3	59178922	59195102	3
3	59195103	59207890	2
3	59207891	59210880	3
3	59210881	59216270	2
3	59216271	59227579	3
3	59227580	59316733	2
3	59316734	59318680	3
3	59318681	59344392	1
3	59344393	59729788	0
3	59729789	59752331	2
3	59752332	59861049	0
3	59861050	59877311	2
3	59877312	59925212	0
3	59925213	59937947	2
3	59937948	60006741	0
3	60006742	60025418	2
3	60025419	60031759	0
3	60031760	60040158	2
3	60040159	60081867	0
3	60081868	60087564	2
3	60087565	60472828	0
3	60472829	60629748	2
3	60629749	61002793	0
3	61002794	61008980	2
3	61008981	61361636	0
3	61361637	61362248	2
3	61362249	61365949	3
3	61365950	61368428	2
3	61368429	62338342	0
3	62338343	62462219	2
3	62462220	62468011	0
3	62468012	62507002	1
3	62507003	62529075	0
3	62529076	62605138	1
3	62605139	63241535	0
3	63241536	63386028	2
3	63386029	63481110	0
3	63481111	63483877	1
3	63483878	63696232	0
3	63696233	63899470	1
3	63899471	63914682	0
3	63914683	63929470	1
3	63929471	63933505	0
3	63933506	63964766	1
3	63964767	63976104	0
3	63976105	64022577	2
3	64022578	64081545	0
3	64081546	64109482	2
3	64109483	64115276	0
3	64115277	64141926	1
3	64141927	64257213	0
3	64257214	64289707	1
3	64289708	64383043	0
3	64383044	64415366	1
3	64415367	64488607	0
3	64488608	64509840	1
3	64509841	64531308	0
3	64531309	64565828	1
3	64565829	64685042	0
3	64685043	64844763	1
3	64844764	65109382	0
3	65109383	65378217	2
3	65378218	65379653	0
3	65379654	65392621	1
3	65392622	65528408	0
3	65528409	65555516	2
3	65555517	65666226	0
3	65666227	65686177	2
3	65686178	65946149	0
3	65946150	65958247	1
3	65958248	66053556	0
3	66053557	66219908	1
3	66219909	66225803	3
3	66225804	66296835	1
3	66296836	66971725	0
3	66971726	66981388	1
3	66981389	66981769	3
3	66981770	67358394	2
3	67358395	67365459	0
3	67365460	67374095	1
3	67374096	67375161	3
3	67375162	67400001	2
3	67400002	67430094	0
3	67430095	67457996	2
3	67457997	67463924	3
3	67463925	67476527	2
3	67476528	67478970	0
3	67478971	67515521	1
3	67515522	67582739	0
3	67582740	67604235	2
3	67604236	67892218	0
3	67892219	68626479	2
3	68626480	68690642	0
3	68690643	68698545	2
3	68698546	68869584	0
3	68869585	68872161	2
3	68872162	68892497	0
3	68892498	69004568	1
3	69004569	69004736	0
3	69004737	69034621	2
3	69034622	69035286	0
3	69035287	69044753	1
3	69044754	69067147	0
3	69067148	69127111	1
3	69127112	69222417	0
3	69222418	69223616	2
3	69223617	69316859	0
3	69316860	69560800	2
3	69560801	69574156	0
3	69574157	69598958	1
3	69598959	69721983	0
3	69721984	69756371	2
3	69756372	69819540	0
3	69819541	69859938	1
3	69859939	70007611	0
3	70007612	70028706	2
3	70028707	72888555	0
3	72888556	72967861	1
3	72967862	73047263	0
3	73047264	73057801	1
3	73057802	73635806	0
3	73635807	73708413	1
3	73708414	75037905	0
3	75037906	75165032	1
3	75165033	75242368	0
3	75242369	75270076	1
3	75270077	75274986	0
3	75274987	75481739	1
3	75481740	75516488	0
3	75516489	75556854	1
3	75556855	75557545	0
3	75557546	75643493	2
3	75643494	75748195	0
3	75748196	75787651	2
3	75787652	75875082	0
3	75875083	75956947	1
3	75956948	76074268	0
3	76074269	76710017	2
3	76710018	79062514	0
3	79062515	79286515	1
3	79286516	79336659	0
3	79336660	79455972	2
3	79455973	79464127	3
3	79464128	79567794	1
3	79567795	79591363	0
3	79591364	79603648	2
3	79603649	79603786	0
3	79603787	79628861	1
3	79628862	79629077	0
3	79629078	79632818	2
3	79632819	79641609	0
3	79641610	79737792	1
3	79737793	79812562	0
3	79812563	79852771	1
3	79852772	79884531	0
3	79884532	79946278	2
3	79946279	80681448	0
3	80681449	80802833	1
3	80802834	80843597	0
3	80843598	80913658	1
3	80913659	81036414	0
3	81036415	81214038	2
3	81214039	81932599	0
3	81932600	81956723	2
3	81956724	81957088	0
3	81957089	81976200	1
3	81976201	81996920	0
3	81996921	82021231	2
3	82021232	82032004	0
3	82032005	82074687	1
3	82074688	82092425	0
3	82092426	82145785	1
3	82145786	82358042	0
3	82358043	82395266	2
3	82395267	82538381	0
3	82538382	82548082	1
3	82548083	82837226	0
3	82837227	82876481	1
3	82876482	82892577	0
3	82892578	82903971	1
3	82903972	83007722	0
3	83007723	83015047	2
3	83015048	83026074	0
3	83026075	83033625	2
3	83033626	83040139	0
3	83040140	83049861	1
3	83049862	83055520	0
3	83055521	83072353	2
3	83072354	83127946	0
3	83127947	83357207	2
3	83357208	83766319	0
3	83766320	83774314	2
3	83774315	83836270	0
3	83836271	83841765	1
3	83841766	83897653	0
3	83897654	84040173	1
3	84040174	84087931	0
3	84087932	84155784	1
3	84155785	84160437	0
3	84160438	84174102	1
3	84174103	84175130	3
3	84175131	84305444	1
3	84305445	84442196	0
3	84442197	84480427	1
3	84480428	84496091	0
3	84496092	84593572	1
3	84593573	84597030	3
3	84597031	84666190	1
3	84666191	84704573	3
3	84704574	84815266	1
3	84815267	84979196	3
3	84979197	85574117	1
3	85574118	85646577	3
3	85646578	85887514	1
3	85887515	85993808	0
3	85993809	86002489	1
3	86002490	86070913	0
3	86070914	86130524	2
3	86130525	86137938	0
3	86137939	86142700	1
3	86142701	86224678	0
3	86224679	86545579	2
3	86545580	86548281	3
3	86548282	86782690	2
3	86782691	86786149	0
3	86786150	86920850	1
3	86920851	86995832	0
3	86995833	86999439	1
3	86999440	87078591	0
3	87078592	87174745	1
3	87174746	87250756	0
3	87250757	87263736	1
3	87263737	87357879	0
3	87357880	87371071	2
3	87371072	87376385	0
3	87376386	87402932	2
3	87402933	87435771	0
3	87435772	87500676	2
3	87500677	87525405	0
3	87525406	87540154	2
3	87540155	87617573	0
3	87617574	87736921	2
3	87736922	87738031	3
3	87738032	87748621	1
3	87748622	87749095	0
3	87749096	87796949	1
3	87796950	87816099	3
3	87816100	87824304	1
3	87824305	87846753	0
3	87846754	87855720	2
3	87855721	87858901	0
3	87858902	87885606	1
3	87885607	87906319	0
3	87906320	87916130	2
3	87916131	87919504	0
3	87919505	87922903	2
3	87922904	87923660	3
3	87923661	87923670	2
3	87923671	87930312	1
3	87930313	87930581	3
3	87930582	87940684	2
3	87940685	87948664	0
3	87948665	87953374	2
3	87953375	87971091	0
3	87971092	87980449	2
3	87980450	87987529	0
3	87987530	88000228	1
3	88000229	88022059	0
3	88022060	88027476	1
3	88027477	88043106	0
3	88043107	88055991	2
3	88055992	88056518	0
3	88056519	88058493	1
3	88058494	88069408	0
3	88069409	88078302	1
3	88078303	88081969	0
3	88081970	88121046	2
3	88121047	88142370	0
3	88142371	88172084	2
3	88172085	88242872	0
3	88242873	88296997	1
3	88296998	88297114	0
3	88297115	88321765	2
3	88321766	88325021	0
3	88325022	88328653	2
3	88328654	88331311	3
3	88331312	88336146	1
3	88336147	88336258	0
3	88336259	88362336	2
3	88362337	88364582	0
3	88364583	88368539	2
3	88368540	88368614	0
3	88368615	88372741	1
3	88372742	88377734	0
3	88377735	88378697	1
3	88378698	88383499	0
3	88383500	88384431	1
3	88384432	88394141	0
3	88394142	88410329	1
3	88410330	88410496	0
3	88410497	88425137	1
3	88425138	88435957	0
3	88435958	88461180	1
3	88461181	88481146	0
3	88481147	88509954	1
3	88509955	88532393	0
3	88532394	88541394	2
3	88541395	88542027	0
3	88542028	88548298	1
3	88548299	88549817	0
3	88549818	88553022	1
3	88553023	88553756	0
3	88553757	88569723	2
3	88569724	88575874	0
3	88575875	88588417	2
3	88588418	88607789	0
3	88607790	88648050	2
3	88648051	88651896	0
3	88651897	88653140	1
3	88653141	88685801	0
3	88685802	88712922	2
3	88712923	88716836	0
3	88716837	88729725	2
3	88729726	88744698	0
3	88744699	88775162	1
3	88775163	88835229	0
3	88835230	88905105	2
3	88905106	88910101	3
3	88910102	88913997	1
3	88913998	88920801	0
3	88920802	88950620	1
3	88950621	88951179	3
3	88951180	89079373	2
3	89079374	89081937	0
3	89081938	89101957	1
3	89101958	89136140	0
3	89136141	89146072	2
3	89146073	89146592	3
3	89146593	89146782	2
3	89146783	89160194	1
3	89160195	89164793	0
3	89164794	89176919	2
3	89176920	89177471	0
3	89177472	89182763	2
3	89182764	89183141	0
3	89183142	89189293	2
3	89189294	89202926	0
3	89202927	89208679	2
3	89208680	89209079	0
3	89209080	89215178	1
3	89215179	89226835	3
3	89226836	89227050	1
3	89227051	89229055	0
3	89229056	89233379	2
3	89233380	89234175	0
3	89234176	89245964	1
3	89245965	89246307	3
3	89246308	89249904	2
3	89249905	89259356	0
3	89259357	89267075	2
3	89267076	89268244	0
3	89268245	89270568	1
3	89270569	89271731	0
3	89271732	89281140	1
3	89281141	89313897	0
3	89313898	89322963	1
3	89322964	89333388	0
3	89333389	89338026	1
3	89338027	89339638	0
3	89339639	89349994	1
3	89349995	89350217	0
3	89350218	89361973	1
3	89361974	89365251	3
3	89365252	89377547	2
3	89377548	89377642	0
3	89377643	89393676	1
3	89393677	89400986	0
3	89400987	89411868	1
3	89411869	89415470	0
3	89415471	89418381	1
3	89418382	89418441	0
3	89418442	89430025	2
3	89430026	89430259	0
3	89430260	89435126	2
3	89435127	89436704	0
3	89436705	89450950	2
3	89450951	89454539	0
3	89454540	89469011	2
3	89469012	89520162	0
3	89520163	89667759	2
3	89667760	89715020	0
3	89715021	89746193	2
3	89746194	89753444	3
3	89753445	89764630	1
3	89764631	89773614	0
3	89773615	89783998	2
3	89783999	89831368	0
3	89831369	89858832	2
3	89858833	89864057	0
3	89864058	89913194	1
3	89913195	89939479	0
3	89939480	89963506	1
3	89963507	89995444	0
3	89995445	89998695	1
3	89998696	90000138	0
3	90000139	90051634	1
3	90051635	90052453	3
3	90052454	90052626	1
3	90052627	90068345	2
3	90068346	90072647	0
3	90072648	90100900	2
3	90100901	90104130	0
3	90104131	90212046	2
3	90212047	90212520	0
3	90212521	90213649	1
3	90213650	90213693	0
3	90213694	90226383	2
3	90226384	90231595	0
3	90231596	90235836	2
3	90235837	90237498	0
3	90237499	90243510	1
3	90243511	90248170	0
3	90248171	90253610	2
3	90253611	90254161	0
3	90254162	90264123	2
3	90264124	90265183	0
3	90265184	90280667	2
3	90280668	90293176	0
3	90293177	90363405	2
3	90363406	90385237	0
3	90385238	90389925	1
3	90389926	90391386	0
3	90391387	90433611	1
3	90433612	90450589	0
3	90450590	90465864	1
3	90465865	90476145	0
3	90476146	90488032	2
3	90488033	90488377	3
3	90488378	90491031	1
3	90491032	90498954	0
3	90498955	90509496	1
3	90509497	90511032	0
3	90511033	90514390	1
3	90514391	90514433	0
3	90514434	90524579	2
3	90524580	90526854	0
3	90526855	90528835	2
3	90528836	90537252	0
3	90537253	90543149	2
3	90543150	90584657	0
3	90584658	90602700	2
3	90602701	90603769	0
3	90603770	90606043	2
3	90606044	90608521	0
3	90608522	90611778	2
3	90611779	90612880	0
3	90612881	90614412	2
3	90614413	90654300	0
3	90654301	90658667	2
3	90658668	90668976	0
3	90668977	90670033	2
3	90670034	90692630	0
3	90692631	90695719	1
3	90695720	90726904	0
3	90726905	90741515	2
3	90741516	90775944	0
3	90775945	90777874	1
3	90777875	91088135	0
3	91088136	91090801	1
3	91090802	92014581	0
3	92014582	92031580	2
3	92031581	92080269	0
3	92080270	92083140	1
3	92083141	92122202	0
3	92122203	92123945	1
3	92123946	92134995	0
3	92134996	92142742	1
3	92142743	92215797	0
3	92215798	92256722	2
3	92256723	92285415	0
3	92285416	92291403	2
3	92291404	92316618	0
3	92316619	92318083	2
3	92318084	92339138	0
3	92339139	92340871	2
3	92340872	92352141	0
3	92352142	92353447	2
3	92353448	92365185	0
3	92365186	92366440	2
3	92366441	92385683	0
3	92385684	92387322	2
3	92387323	92407989	0
3	92407990	92409269	2
3	92409270	92418080	0
3	92418081	92419394	2
3	92419395	92428030	0
3	92428031	92429421	1
3	92429422	92432580	0
3	92432581	92433923	2
3	92433924	92436807	0
3	92436808	92438787	1
3	92438788	92456500	0
3	92456501	92458718	1
3	92458719	92483950	0
3	92483951	92485893	1
3	92485894	92500261	0
3	92500262	92500491	1
3	92500492	92532503	0
3	92532504	92534509	1
3	92534510	92570900	0
3	92570901	92573733	1
3	92573734	92583865	0
3	92583866	92588995	1
3	92588996	92604716	0
3	92604717	92607490	1
3	92607491	92620079	0
3	92620080	92621658	1
3	92621659	92646533	0
3	92646534	92648305	1
3	92648306	92655648	0
3	92655649	92656924	1
3	92656925	92668611	0
3	92668612	92670313	1
3	92670314	92679245	0
3	92679246	92680916	2
3	92680917	92685497	0
3	92685498	92687208	1
3	92687209	92707399	0
3	92707400	92709072	1
3	92709073	92718683	0
3	92718684	92720348	1
3	92720349	92737649	0
3	92737650	92739094	1
3	92739095	92750146	0
3	92750147	92752336	1
3	92752337	92763213	0
3	92763214	92765063	1
3	92765064	92777208	0
3	92777209	92778897	1
3	92778898	92788838	0
3	92788839	92790512	1
3	92790513	92806289	0
3	92806290	92807889	1
3	92807890	92823072	0
3	92823073	92827245	1
3	92827246	92849947	0
3	92849948	92851284	1
3	92851285	92868357	0
3	92868358	92870214	1
3	92870215	92925285	0
3	92925286	92926228	1
3	92926229	92932977	0
3	92932978	92934095	2
3	92934096	92944484	0
3	92944485	92945731	2
3	92945732	92957388	0
3	92957389	92958503	2
3	92958504	92967059	0
3	92967060	92968279	2
3	92968280	92992224	0
3	92992225	92993424	2
3	92993425	93014203	0
3	93014204	93015685	1
3	93015686	93017808	0
3	93017809	93019058	1
3	93019059	93068821	0
3	93068822	93075503	2
3	93075504	93144785	0
3	93144786	93149817	2
3	93149818	93200208	0
3	93200209	93220791	2
3	93220792	93277566	0
3	93277567	93280311	2
3	93280312	93281323	0
3	93281324	93282090	2
3	93282091	93282824	0
3	93282825	93283579	2
3	93283580	93284300	0
3	93284301	93285076	2
3	93285077	93286575	0
3	93286576	93287342	2
3	93287343	93288093	0
3	93288094	93288857	2
3	93288858	93290364	0
3	93290365	93291131	2
3	93291132	93292197	0
3	93292198	93293684	2
3	93293685	93319747	0
3	93319748	93333568	2
3	93333569	93393697	0
3	93393698	93399440	2
3	93399441	93442328	0
3	93442329	93449075	2
3	93449076	93468752	0
3	93468753	93471978	2
3	93471979	93520486	0
3	93520487	93526285	2
3	93526286	93555078	0
3	93555079	93564641	2
3	93564642	93651540	0
3	93651541	93652684	1
3	93652685	93669331	0
3	93669332	93676308	1
3	93676309	93692048	0
3	93692049	93693068	1
3	93693069	93772998	0
3	93772999	93774140	2
3	93774141	93796396	0
3	93796397	93797508	2
3	93797509	93826018	0
3	93826019	93827115	2
3	93827116	93936631	0
3	93936632	93943541	1
3	93943542	93960290	0
3	93960291	93961312	1
3	93961313	94047979	0
3	94047980	94054883	1
3	94054884	94071620	0
3	94071621	94072642	1
3	94072643	94174410	0
3	94174411	94178191	1
3	94178192	94196712	0
3	94196713	94199800	2
3	94199801	94264034	0
3	94264035	94266782	2
3	94266783	94310087	0
3	94310088	94332538	2
3	94332539	94342097	0
3	94342098	94347350	2
3	94347351	94362436	0
3	94362437	94364564	2
3	94364565	94372792	0
3	94372793	94398274	2
3	94398275	94398515	0
3	94398516	94404499	2
3	94404500	94413271	0
3	94413272	94433385	2
3	94433386	94434666	3
3	94434667	94443323	1
3	94443324	94443831	3
3	94443832	94443913	1
3	94443914	94451128	2
3	94451129	94464981	0
3	94464982	94473589	1
3	94473590	94478293	0
3	94478294	94492196	2
3	94492197	94497542	0
3	94497543	94582714	1
3	94582715	94612755	0
3	94612756	94643110	1
3	94643111	94643598	3
3	94643599	94658870	1
3	94658871	94693554	0
3	94693555	94704411	2
3	94704412	94760067	0
3	94760068	94786490	1
3	94786491	94837565	0
3	94837566	94882324	2
3	94882325	94884091	0
3	94884092	94886959	1
3	94886960	94933054	0
3	94933055	94944756	2
3	94944757	94954073	0
3	94954074	94961559	2
3	94961560	94974729	0
3	94974730	95006700	2
3	95006701	95006841	3
3	95006842	95015446	1
3	95015447	95032692	0
3	95032693	95042612	1
3	95042613	95058528	0
3	95058529	95106928	1
3	95106929	95111020	0
3	95111021	95123049	2
3	95123050	95124474	0
3	95124475	95129207	2
3	95129208	95129534	0
3	95129535	95134009	1
3	95134010	95134086	0
3	95134087	95139516	2
3	95139517	95139519	0
3	95139520	95142358	1
3	95142359	95160499	0
3	95160500	95174022	2
3	95174023	95181764	0
3	95181765	95217914	1
3	95217915	95219133	0
3	95219134	95228730	1
3	95228731	95232166	3
3	95232167	95232169	1
3	95232170	95236407	2
3	95236408	95236918	0
3	95236919	95251191	1
3	95251192	95253672	0
3	95253673	95282074	1
3	95282075	95282942	0
3	95282943	95296094	2
3	95296095	95296164	3
3	95296165	95307174	1
3	95307175	95314789	0
3	95314790	95323523	2
3	95323524	95323597	3
3	95323598	95357200	1
3	95357201	95386459	0
3	95386460	95402839	1
3	95402840	95434386	0
3	95434387	95497238	2
3	95497239	95499254	0
3	95499255	95509360	2
3	95509361	95526784	0
3	95526785	95556401	2
3	95556402	95559675	0
3	95559676	95587669	2
3	95587670	95588932	0
3	95588933	95619245	2
3	95619246	95625009	0
3	95625010	95632100	2
3	95632101	95658786	0
3	95658787	95663174	2
3	95663175	95676199	0
3	95676200	95687915	1
3	95687916	95734145	0
3	95734146	95739567	1
3	95739568	95739974	0
3	95739975	95760204	1
3	95760205	95760339	0
3	95760340	95818776	1
3	95818777	95830122	0
3	95830123	95855883	1
3	95855884	95862632	0
3	95862633	95871517	1
3	95871518	95878501	0
3	95878502	95882249	1
3	95882250	95883952	0
3	95883953	95892003	1
3	95892004	95893967	0
3	95893968	95897766	2
3	95897767	95898286	3
3	95898287	95904689	1
3	95904690	95929244	0
3	95929245	95947388	2
3	95947389	95988427	0
3	95988428	95995999	1
3	95996000	95999830	0
3	95999831	96058464	1
3	96058465	96104525	0
3	96104526	96161127	2
3	96161128	96162002	0
3	96162003	96171716	2
3	96171717	96172330	0
3	96172331	96177562	2
3	96177563	96181149	0
3	96181150	96195519	2
3	96195520	96196586	0
3	96196587	96219707	1
3	96219708	96219863	0
3	96219864	96220306	2
3	96220307	96220359	0
3	96220360	96220878	1
3	96220879	96221117	0
3	96221118	96223736	2
3	96223737	96238106	0
3	96238107	96239125	1
3	96239126	96239747	0
3	96239748	96240274	1
3	96240275	96245495	0
3	96245496	96246080	2
3	96246081	96246683	0
3	96246684	96248507	2
3	96248508	96261680	0
3	96261681	96263309	1
3	96263310	96268652	0
3	96268653	96269139	2
3	96269140	96269750	0
3	96269751	96270130	2
3	96270131	96282907	0
3	96282908	96293967	1
3	96293968	96433786	0
3	96433787	96452304	1
3	96452305	96525170	0
3	96525171	96529208	2
3	96529209	96557955	0
3	96557956	96561881	2
3	96561882	96576982	0
3	96576983	96577870	2
3	96577871	96580661	3
3	96580662	96594179	1
3	96594180	96596634	0
3	96596635	96599773	2
3	96599774	96601147	0
3	96601148	96626169	2
3	96626170	96629931	0
3	96629932	96633789	2
3	96633790	96635428	0
3	96635429	96645364	2
3	96645365	96645582	0
3	96645583	96664517	2
3	96664518	96670129	0
3	96670130	96691030	2
3	96691031	96696382	0
3	96696383	96706065	2
3	96706066	96706068	3
3	96706069	96708560	1
3	96708561	96711488	0
3	96711489	96727626	1
3	96727627	96727662	0
3	96727663	96791150	2
3	96791151	96798761	0
3	96798762	96829282	1
3	96829283	96829349	3
3	96829350	96868279	2
3	96868280	96870924	3
3	96870925	96904691	1
3	96904692	96905344	3
3	96905345	96913564	2
3	96913565	96926018	3
3	96926019	97077414	2
3	97077415	97158775	0
3	97158776	97176572	2
3	97176573	97203660	0
3	97203661	97227362	1
3	97227363	97407448	0
3	97407449	97422018	1
3	97422019	97560740	0
3	97560741	97610201	1
3	97610202	97628802	0
3	97628803	97655280	2
3	97655281	97658210	0
3	97658211	97673029	2
3	97673030	97673810	3
3	97673811	97674692	1
3	97674693	97689822	0
3	97689823	97888705	1
3	97888706	97901188	0
3	97901189	97923274	2
3	97923275	98013536	0
3	98013537	98150359	2
3	98150360	98160628	0
3	98160629	98164167	2
3	98164168	98222154	0
3	98222155	98236746	2
3	98236747	98280433	0
3	98280434	98310736	2
3	98310737	98313168	0
3	98313169	98339988	1
3	98339989	98382479	0
3	98382480	98431949	2
3	98431950	98445673	0
3	98445674	98457124	1
3	98457125	98499069	0
3	98499070	98510512	1
3	98510513	98552540	0
3	98552541	98588805	1
3	98588806	98618632	0
3	98618633	98630250	1
3	98630251	98709253	0
3	98709254	98724541	1
3	98724542	98741521	0
3	98741522	98763125	1
3	98763126	98805502	0
3	98805503	98814441	1
3	98814442	98852192	0
3	98852193	98859792	1
3	98859793	98874519	0
3	98874520	98893237	1
3	98893238	99141066	0
3	99141067	99220201	2
3	99220202	99240379	0
3	99240380	99354257	2
3	99354258	99885415	0
3	99885416	100138178	2
3	100138179	100143320	3
3	100143321	100162379	1
3	100162380	100162405	3
3	100162406	100206979	2
3	100206980	100468055	0
3	100468056	100489322	1
3	100489323	100562206	0
3	100562207	100685501	1
3	100685502	100825457	0
3	100825458	100896920	2
3	100896921	100922200	0
3	100922201	100936918	2
3	100936919	100938858	0
3	100938859	100969661	1
3	100969662	100993527	0
3	100993528	101029554	1
3	101029555	101040230	0
3	101040231	101110276	1
3	101110277	101275897	0
3	101275898	101287937	1
3	101287938	101377081	0
3	101377082	101463057	2
3	101463058	101576217	0
3	101576218	101604682	1
3	101604683	101813074	0
3	101813075	101848957	1
3	101848958	101855774	0
3	101855775	101924447	1
3	101924448	102010074	0
3	102010075	102015490	2
3	102015491	102086413	0
3	102086414	102146512	2
3	102146513	102153581	0
3	102153582	102204691	1
3	102204692	102469917	0
3	102469918	102521011	2
3	102521012	102734527	0
3	102734528	102777396	2
3	102777397	102782672	3
3	102782673	102801511	2
3	102801512	102818497	0
3	102818498	102936098	1
3	102936099	102939656	0
3	102939657	102964131	1
3	102964132	102995706	0
3	102995707	103008457	2
3	103008458	103020424	0
3	103020425	103058184	2
3	103058185	103058283	0
3	103058284	103067912	2
3	103067913	103074012	0
3	103074013	103099718	2
3	103099719	103102602	0
3	103102603	103169767	2
3	103169768	103171653	0
3	103171654	103179150	2
3	103179151	103279291	0
3	103279292	103358773	2
3	103358774	103575229	0
3	103575230	103643952	2
3	103643953	103645567	3
3	103645568	103646066	1
3	103646067	103731663	0
3	103731664	103737999	1
3	103738000	103739364	0
3	103739365	103739813	2
3	103739814	103746374	3
3	103746375	103791561	1
3	103791562	103800603	0
3	103800604	103809442	1
3	103809443	103809518	0
3	103809519	103822023	2
3	103822024	103832599	0
3	103832600	103854616	2
3	103854617	103860275	0
3	103860276	103912245	2
3	103912246	103914118	0
3	103914119	103966634	2
3	103966635	103968108	0
3	103968109	104007488	2
3	104007489	104013257	0
3	104013258	104220372	1
3	104220373	104396416	0
3	104396417	104511854	1
3	104511855	104638666	0
3	104638667	104658460	2
3	104658461	104767404	0
3	104767405	104777545	1
3	104777546	104781054	0
3	104781055	104786016	2
3	104786017	104788373	0
3	104788374	104794457	2
3	104794458	104794834	0
3	104794835	104818561	1
3	104818562	104822777	0
3	104822778	104864501	1
3	104864502	104864503	3
3	104864504	104930062	2
3	104930063	104945270	0
3	104945271	104961919	1
3	104961920	105001913	0
3	105001914	105053144	1
3	105053145	105066842	0
3	105066843	105078804	2
3	105078805	105452328	0
3	105452329	105674000	2
3	105674001	105678268	0
3	105678269	105687572	1
3	105687573	105704597	0
3	105704598	105720840	2
3	105720841	105727265	0
3	105727266	105801334	1
3	105801335	105870856	0
3	105870857	105924040	2
3	105924041	105924356	0
3	105924357	105932662	1
3	105932663	105942696	0
3	105942697	105959367	1
3	105959368	105960097	3
3	105960098	105969758	2
3	105969759	105973709	0
3	105973710	105987421	2
3	105987422	105996955	0
3	105996956	106014644	1
3	106014645	106016917	0
3	106016918	106032812	1
3	106032813	106113227	0
3	106113228	106132118	2
3	106132119	106147552	0
3	106147553	106167562	1
3	106167563	106201488	0
3	106201489	106219505	1
3	106219506	106387382	0
3	106387383	106406180	1
3	106406181	106482429	0
3	106482430	106502258	2
3	106502259	106503028	3
3	106503029	106547796	1
3	106547797	106547800	3
3	106547801	106575888	2
3	106575889	106684985	0
3	106684986	106736575	2
3	106736576	106759919	0
3	106759920	106790147	1
3	106790148	106820483	0
3	106820484	106826285	1
3	106826286	107036167	0
3	107036168	107038068	2
3	107038069	107101144	0
3	107101145	107115003	2
3	107115004	107183054	0
3	107183055	107195719	2
3	107195720	107211291	0
3	107211292	107221730	1
3	107221731	107230612	0
3	107230613	107232795	2
3	107232796	107234721	3
3	107234722	107239705	1
3	107239706	107278856	0
3	107278857	107284080	2
3	107284081	107291228	0
3	107291229	107312113	2
3	107312114	107325419	0
3	107325420	107333671	1
3	107333672	107438301	0
3	107438302	107459550	1
3	107459551	107467541	0
3	107467542	107518016	1
3	107518017	107553685	0
3	107553686	107555071	1
3	107555072	107595029	0
3	107595030	107605774	2
3	107605775	107612530	0
3	107612531	107631320	1
3	107631321	107631692	3
3	107631693	107633088	2
3	107633089	107663118	0
3	107663119	107696558	1
3	107696559	107741046	0
3	107741047	107760467	1
3	107760468	107877227	0
3	107877228	107892898	2
3	107892899	107895819	0
3	107895820	107898684	2
3	107898685	107926332	0
3	107926333	107931815	1
3	107931816	107938845	0
3	107938846	107943747	1
3	107943748	107963694	0
3	107963695	107969281	1
3	107969282	107981700	0
3	107981701	107986451	1
3	107986452	108012253	0
3	108012254	108017971	1
3	108017972	108040406	0
3	108040407	108044892	1
3	108044893	108074060	0
3	108074061	108086649	1
3	108086650	108092787	0
3	108092788	108101430	2
3	108101431	108107278	0
3	108107279	108146144	1
3	108146145	108148319	0
3	108148320	108154880	1
3	108154881	108186333	0
3	108186334	108192284	2
3	108192285	108195685	0
3	108195686	108200832	1
3	108200833	108202220	0
3	108202221	108210932	1
3	108210933	108211470	0
3	108211471	108226646	1
3	108226647	108256924	0
3	108256925	108279972	2
3	108279973	108284080	0
3	108284081	108361509	2
3	108361510	108364909	0
3	108364910	108380055	2
3	108380056	108383837	0
3	108383838	108388229	2
3	108388230	108390849	0
3	108390850	108415550	1
3	108415551	108424863	0
3	108424864	108445207	1
3	108445208	108455692	0
3	108455693	108536534	1
3	108536535	108537539	0
3	108537540	108544721	2
3	108544722	108556423	0
3	108556424	108562464	1
3	108562465	108571697	0
3	108571698	108583220	2
3	108583221	108591277	0
3	108591278	108645717	2
3	108645718	108653911	0
3	108653912	108678636	2
3	108678637	108678838	3
3	108678839	108722307	1
3	108722308	108739656	0
3	108739657	108782307	2
3	108782308	108793174	0
3	108793175	108840524	1
3	108840525	108853676	0
3	108853677	108890006	1
3	108890007	108902805	0
3	108902806	108911725	1
3	108911726	108940051	0
3	108940052	108940057	1
3	108940058	108940443	3
3	108940444	108960772	2
3	108960773	108970995	0
3	108970996	109027605	1
3	109027606	109080467	0
3	109080468	109116685	2
3	109116686	109123147	0
3	109123148	109168455	2
3	109168456	109340651	0
3	109340652	109685696	2
3	109685697	109780038	0
3	109780039	110144009	1
3	110144010	110246110	0
3	110246111	110250996	1
3	110250997	113247176	0
3	113247177	113258835	1
3	113258836	113279841	0
3	113279842	113291447	1
3	113291448	113312453	0
3	113312454	113324050	1
3	113324051	113345053	0
3	113345054	113356656	1
3	113356657	113529401	0
3	113529402	113532426	1
3	113532427	113555708	0
3	113555709	113630147	1
3	113630148	114030538	0
3	114030539	114220716	2
3	114220717	114904076	0
3	114904077	115125720	2
3	115125721	115710431	0
3	115710432	115715070	1
3	115715071	115887835	0
3	115887836	115929330	2
3	115929331	115938971	0
3	115938972	116007404	1
3	116007405	116007460	0
3	116007461	116029015	2
3	116029016	116109947	0
3	116109948	116129686	1
3	116129687	116249652	0
3	116249653	116253501	1
3	116253502	116272551	0
3	116272552	116424030	1
3	116424031	116488961	0
3	116488962	116508206	1
3	116508207	116513068	0
3	116513069	116549979	2
3	116549980	116562976	0
3	116562977	116581091	2
3	116581092	116583132	3
3	116583133	116594980	1
3	116594981	116614585	3
3	116614586	116629262	2
3	116629263	116631162	0
3	116631163	116712829	1
3	116712830	116739997	0
3	116739998	116808164	1
3	116808165	116859462	0
3	116859463	116908175	2
3	116908176	116918256	0
3	116918257	116968265	1
3	116968266	116968985	3
3	116968986	116984404	2
3	116984405	117319137	0
3	117319138	117360874	1
3	117360875	117574834	0
3	117574835	117689505	2
3	117689506	117781645	0
3	117781646	117868934	1
3	117868935	118562127	0
3	118562128	119432922	2
3	119432923	119718740	0
3	119718741	119783802	1
3	119783803	121155396	0
3	121155397	121171693	1
3	121171694	121201759	0
3	121201760	121283096	1
3	121283097	121291771	0
3	121291772	121363092	2
3	121363093	121426495	0
3	121426496	121458205	2
3	121458206	121459526	0
3	121459527	121532402	1
3	121532403	121670760	0
3	121670761	121682980	2
3	121682981	121723535	0
3	121723536	121735046	2
3	121735047	121758772	0
3	121758773	121815300	1
3	121815301	121952539	0
3	121952540	122016751	2
3	122016752	122044441	0
3	122044442	122180059	2
3	122180060	122245555	0
3	122245556	122270730	2
3	122270731	122274386	0
3	122274387	122285269	2
3	122285270	122419776	0
3	122419777	122530189	2
3	122530190	122538717	0
3	122538718	122619713	1
3	122619714	122728945	0
3	122728946	122859372	2
3	122859373	122895070	0
3	122895071	122899504	2
3	122899505	122913068	0
3	122913069	122919358	1
3	122919359	122924201	0
3	122924202	122926182	2
3	122926183	122931491	0
3	122931492	122984508	1
3	122984509	123006204	0
3	123006205	123035013	1
3	123035014	123076517	0
3	123076518	123236145	1
3	123236146	123267453	0
3	123267454	123365639	2
3	123365640	123368295	0
3	123368296	123386106	1
3	123386107	123446911	0
3	123446912	123506595	2
3	123506596	123526166	0
3	123526167	123690851	1
3	123690852	124320853	0
3	124320854	124324741	2
3	124324742	124400987	0
3	124400988	124426038	1
3	124426039	124556350	0
3	124556351	124581090	1
3	124581091	125404074	0
3	125404075	125728897	2
3	125728898	125865269	0
3	125865270	125938617	1
3	125938618	126363682	0
3	126363683	126440373	2
3	126440374	126596949	0
3	126596950	126846324	2
3	126846325	126921610	0
3	126921611	127499348	1
3	127499349	127536712	0
3	127536713	127553347	1
3	127553348	127553487	0
3	127553488	127618021	2
3	127618022	127633133	0
3	127633134	127635629	2
3	127635630	127670308	0
3	127670309	127780525	1
3	127780526	127789803	0
3	127789804	127798387	2
3	127798388	127807005	0
3	127807006	127837521	1
3	127837522	127869056	0
3	127869057	127896322	1
3	127896323	129199876	0
3	129199877	129219589	2
3	129219590	129269173	0
3	129269174	129332718	1
3	129332719	129532353	0
3	129532354	129638493	2
3	129638494	129677563	0
3	129677564	129755314	1
3	129755315	129787879	0
3	129787880	129804028	1
3	129804029	129804406	0
3	129804407	129822585	1
3	129822586	129824910	0
3	129824911	129831394	1
3	129831395	129835882	0
3	129835883	129875330	2
3	129875331	129878604	0
3	129878605	129895823	2
3	129895824	129901423	0
3	129901424	129914101	2
3	129914102	129914958	0
3	129914959	129970204	1
3	129970205	129982757	0
3	129982758	130060905	1
3	130060906	130180889	0
3	130180890	130599875	2
3	130599876	130617446	0
3	130617447	130637519	2
3	130637520	130695910	0
3	130695911	130709442	1
3	130709443	130726829	0
3	130726830	130730396	1
3	130730397	131110469	0
3	131110470	131224354	2
3	131224355	131233417	0
3	131233418	131272099	1
3	131272100	131288439	0
3	131288440	131303222	1
3	131303223	131318983	0
3	131318984	131490477	1
3	131490478	131564766	0
3	131564767	131643669	2
3	131643670	132085290	0
3	132085291	132180302	2
3	132180303	132629818	0
3	132629819	132645349	2
3	132645350	132660497	0
3	132660498	132684142	1
3	132684143	132684368	3
3	132684369	132841686	2
3	132841687	132881743	0
3	132881744	132950289	1
3	132950290	132981750	0
3	132981751	133091838	1
3	133091839	133092031	3
3	133092032	133110986	2
3	133110987	133112276	0
3	133112277	133234947	1
3	133234948	133310108	0
3	133310109	133378233	2
3	133378234	133463677	0
3	133463678	133545137	1
3	133545138	134236489	0
3	134236490	134262159	2
3	134262160	134829005	0
3	134829006	134934577	2
3	134934578	135212535	0
3	135212536	135273609	2
3	135273610	135281219	0
3	135281220	135304424	2
3	135304425	135307740	0
3	135307741	135345385	2
3	135345386	135348027	0
3	135348028	135397825	2
3	135397826	135406410	0
3	135406411	135423923	1
3	135423924	135438147	0
3	135438148	135468196	2
3	135468197	135485609	0
3	135485610	135571402	2
3	135571403	135584653	0
3	135584654	135691544	1
3	135691545	135825277	0
3	135825278	135888570	2
3	135888571	136053361	0
3	136053362	136326064	1
3	136326065	136670122	0
3	136670123	136937725	2
3	136937726	137341065	0
3	137341066	137432183	2
3	137432184	137623670	0
3	137623671	137628331	2
3	137628332	137671522	0
3	137671523	137672538	2
3	137672539	137864485	0
3	137864486	137866920	2
3	137866921	137867673	0
3	137867674	137916555	2
3	137916556	137918504	0
3	137918505	137928763	2
3	137928764	137931005	0
3	137931006	137981543	1
3	137981544	138048759	0
3	138048760	138065050	1
3	138065051	138067386	3
3	138067387	138081504	2
3	138081505	138089852	0
3	138089853	138143386	1
3	138143387	138143446	0
3	138143447	138159819	2
3	138159820	138164076	0
3	138164077	138186711	1
3	138186712	138217758	0
3	138217759	138233380	2
3	138233381	138277492	0
3	138277493	138290696	2
3	138290697	138313284	0
3	138313285	138331132	2
3	138331133	138341773	0
3	138341774	138358859	2
3	138358860	138415485	0
3	138415486	138430890	2
3	138430891	138443091	0
3	138443092	138455497	2
3	138455498	138458954	0
3	138458955	138489513	1
3	138489514	138526177	0
3	138526178	138559694	2
3	138559695	138742193	0
3	138742194	138907903	2
3	138907904	138925900	0
3	138925901	139075199	1
3	139075200	139205692	0
3	139205693	139710297	2
3	139710298	141210002	0
3	141210003	141212353	1
3	141212354	141465214	0
3	141465215	141834922	2
3	141834923	141837134	0
3	141837135	142169423	1
3	142169424	142239588	0
3	142239589	142395694	1
3	142395695	142496898	0
3	142496899	142522342	2
3	142522343	142530340	0
3	142530341	142550147	2
3	142550148	142560024	0
3	142560025	142573207	2
3	142573208	142594845	0
3	142594846	142619177	2
3	142619178	142620600	0
3	142620601	142638006	2
3	142638007	142701049	0
3	142701050	142746868	2
3	142746869	142765043	0
3	142765044	142783604	2
3	142783605	142790900	0
3	142790901	142882002	1
3	142882003	144188528	0
3	144188529	144205218	1
3	144205219	144429704	0
3	144429705	144570179	1
3	144570180	144570424	0
3	144570425	144597678	2
3	144597679	144683676	0
3	144683677	144720333	1
3	144720334	144729914	0
3	144729915	144760839	1
3	144760840	144796557	0
3	144796558	144819492	1
3	144819493	144822621	0
3	144822622	144849355	1
3	144849356	144910919	0
3	144910920	144932527	1
3	144932528	144952478	0
3	144952479	144975043	1
3	144975044	145003815	0
3	145003816	145032774	1
3	145032775	145070261	0
3	145070262	145099104	1
3	145099105	145118587	0
3	145118588	145153913	2
3	145153914	145292470	0
3	145292471	145552009	2
3	145552010	145576203	0
3	145576204	145604793	2
3	145604794	145646974	0
3	145646975	145649979	1
3	145649980	145758673	0
3	145758674	145894275	2
3	145894276	145924260	0
3	145924261	145934354	2
3	145934355	145938012	0
3	145938013	145944827	2
3	145944828	145987868	0
3	145987869	146021718	2
3	146021719	146040524	0
3	146040525	146108128	1
3	146108129	146117448	0
3	146117449	146141804	2
3	146141805	146149831	0
3	146149832	146195511	2
3	146195512	146220961	0
3	146220962	146286184	2
3	146286185	146404640	0
3	146404641	146440142	2
3	146440143	146450468	0
3	146450469	146457194	2
3	146457195	146465847	3
3	146465848	146499751	1
3	146499752	146499805	0
3	146499806	146505570	2
3	146505571	146505954	0
3	146505955	146521427	1
3	146521428	146570424	0
3	146570425	146580983	2
3	146580984	146596610	3
3	146596611	146632303	2
3	146632304	146645191	0
3	146645192	146685590	1
3	146685591	146729572	0
3	146729573	146812958	1
3	146812959	146852365	0
3	146852366	146984007	2
3	146984008	148815581	0
3	148815582	148990553	1
3	148990554	151437885	0
3	151437886	151545084	2
3	151545085	151730920	0
3	151730921	151749958	1
3	151749959	151758735	0
3	151758736	151762890	1
3	151762891	151796500	0
3	151796501	151837628	1
3	151837629	152093837	0
3	152093838	152166228	1
3	152166229	152183953	0
3	152183954	152210081	1
3	152210082	152210420	0
3	152210421	152236824	2
3	152236825	152236980	0
3	152236981	152266316	1
3	152266317	152273847	0
3	152273848	152340405	1
3	152340406	152346476	0
3	152346477	152393615	2
3	152393616	152395471	0
3	152395472	152462813	2
3	152462814	152462824	3
3	152462825	152668358	1
3	152668359	152714098	0
3	152714099	152789024	2
3	152789025	152817079	0
3	152817080	152982244	1
3	152982245	153198264	0
3	153198265	153725172	1
3	153725173	153844207	0
3	153844208	153855080	2
3	153855081	153857147	0
3	153857148	153906136	1
3	153906137	153907287	0
3	153907288	153913007	1
3	153913008	153922355	0
3	153922356	153944630	1
3	153944631	153973434	0
3	153973435	154271720	2
3	154271721	154306292	0
3	154306293	154330657	1
3	154330658	154576429	0
3	154576430	154596709	1
3	154596710	154597093	3
3	154597094	154597102	1
3	154597103	154623180	2
3	154623181	154663857	0
3	154663858	154767788	2
3	154767789	154786297	0
3	154786298	155055405	1
3	155055406	155084916	0
3	155084917	155093401	1
3	155093402	155093432	0
3	155093433	155194278	2
3	155194279	156561792	0
3	156561793	157316443	2
3	157316444	157534158	0
3	157534159	157548408	2
3	157548409	157566890	0
3	157566891	157645886	2
3	157645887	157894246	0
3	157894247	157925075	1
3	157925076	157947412	0
3	157947413	158008032	2
3	158008033	158010471	0
3	158010472	158036637	1
3	158036638	158036660	0
3	158036661	158068485	2
3	158068486	158082889	0
3	158082890	158562219	1
3	158562220	159495431	0
3	159495432	159529953	2
3	159529954	159599173	0
3	159599174	159625319	2
3	159625320	159839670	0
3	159839671	159938662	2
