<CHROM>	<START>	<END>	<TSB>
4	0	3167318	0
4	3167319	3173004	2
4	3173005	3184346	0
4	3184347	3185356	1
4	3185357	3549039	0
4	3549040	3574851	1
4	3574852	3574873	0
4	3574874	3616617	2
4	3616618	3678113	0
4	3678114	3791611	2
4	3791612	3831332	0
4	3831333	3835663	1
4	3835664	3870655	0
4	3870656	3872103	1
4	3872104	3900994	0
4	3900995	3938380	1
4	3938381	3938886	0
4	3938887	3943526	2
4	3943527	3973090	0
4	3973091	3973593	1
4	3973594	3995934	0
4	3995935	4019661	1
4	4019662	4055927	0
4	4055928	4077520	1
4	4077521	4133529	0
4	4133530	4138817	1
4	4138818	4762482	0
4	4762483	4793353	1
4	4793354	5644119	0
4	5644120	5801099	2
4	5801100	6191096	0
4	6191097	6221686	2
4	6221687	6265610	0
4	6265611	6275629	1
4	6275630	6365648	0
4	6365649	6396205	2
4	6396206	6396282	3
4	6396283	6408421	2
4	6408422	6454269	1
4	6454270	6686351	0
4	6686352	6990797	1
4	6990798	8143360	0
4	8143361	8239039	1
4	8239040	8535642	0
4	8535643	8607776	2
4	8607777	8690468	0
4	8690469	8867657	2
4	8867658	9269315	0
4	9269316	9449077	2
4	9449078	9451689	3
4	9451690	9669342	1
4	9669343	9844370	0
4	9844371	9862343	2
4	9862344	10874496	0
4	10874497	10899423	2
4	10899424	10988660	0
4	10988661	11007925	1
4	11007926	11051043	0
4	11051044	11076202	1
4	11076203	11156429	0
4	11156430	11174377	2
4	11174378	11191352	0
4	11191353	11199156	2
4	11199157	11204673	3
4	11204674	11204777	2
4	11204778	11254256	1
4	11254257	11261313	0
4	11261314	11322135	1
4	11322136	11331931	0
4	11331932	11386781	1
4	11386782	11485956	0
4	11485957	11550682	2
4	11550683	11558940	0
4	11558941	11615803	2
4	11615804	11704455	0
4	11704456	11714750	2
4	11714751	11758145	0
4	11758146	11817893	2
4	11817894	11958182	0
4	11958183	11966450	1
4	11966451	11979558	0
4	11979559	11981263	1
4	11981264	12039353	0
4	12039354	12089437	1
4	12089438	12090018	3
4	12090019	12096241	2
4	12096242	12140265	0
4	12140266	12146729	2
4	12146730	12153407	0
4	12153408	12172013	1
4	12172014	12906836	0
4	12906837	12983551	2
4	12983552	13743434	0
4	13743435	13893647	2
4	13893648	14502428	0
4	14502429	14621803	1
4	14621804	14623618	0
4	14623619	14796058	1
4	14796059	14809496	0
4	14809497	14826585	1
4	14826586	14864074	0
4	14864075	14915174	2
4	14915175	14952243	0
4	14952244	15149792	1
4	15149793	15265829	0
4	15265830	15286751	2
4	15286752	15881262	0
4	15881263	15908062	2
4	15908063	15917238	0
4	15917239	15945505	1
4	15945506	15957923	0
4	15957924	15992587	2
4	15992588	15997119	0
4	15997120	16013886	1
4	16013887	16122731	0
4	16122732	16163645	1
4	16163646	17853089	0
4	17853090	18119143	2
4	18119144	18860452	0
4	18860453	19122524	1
4	19122525	19280848	0
4	19280849	19510621	2
4	19510622	19519252	0
4	19519253	19570106	1
4	19570107	19575160	0
4	19575161	19608301	2
4	19608302	19651128	3
4	19651129	19708991	1
4	19708992	19818723	0
4	19818724	19842216	2
4	19842217	19876839	0
4	19876840	19922603	1
4	19922604	20007936	0
4	20007937	20030783	2
4	20030784	20042050	0
4	20042051	20066748	2
4	20066749	20118872	0
4	20118873	20778864	1
4	20778865	21677479	0
4	21677480	21685961	1
4	21685962	21727699	0
4	21727700	21757380	2
4	21757381	21759920	3
4	21759921	21767210	1
4	21767211	21776270	0
4	21776271	21837870	2
4	21837871	21847581	0
4	21847582	21876473	2
4	21876474	21879671	0
4	21879672	21912160	2
4	21912161	21931329	0
4	21931330	21994749	2
4	21994750	22357541	0
4	22357542	22434089	2
4	22434090	22482778	0
4	22482779	22488364	1
4	22488365	24496449	0
4	24496450	24602948	2
4	24602949	24612552	0
4	24612553	24851122	1
4	24851123	24898081	0
4	24898082	24904999	2
4	24905000	24973417	0
4	24973418	25009231	2
4	25009232	25199906	0
4	25199907	25242874	1
4	25242875	25248603	0
4	25248604	25281819	1
4	25281820	25609330	0
4	25609331	25800242	1
4	25800243	26324504	0
4	26324505	26346889	1
4	26346890	28813129	0
4	28813130	28967497	2
4	28967498	31964095	0
4	31964096	32023465	2
4	32023466	32238802	0
4	32238803	32586106	2
4	32586107	32596958	0
4	32596959	32602758	1
4	32602759	32615471	0
4	32615472	32653263	2
4	32653264	32657117	0
4	32657118	32775215	2
4	32775216	32800251	0
4	32800252	32801381	2
4	32801382	32804033	0
4	32804034	32950839	1
4	32950840	32983035	0
4	32983036	33022178	2
4	33022179	33031414	0
4	33031415	33052361	2
4	33052362	33062997	0
4	33062998	33095863	2
4	33095864	33132519	0
4	33132520	33163586	2
4	33163587	33174228	0
4	33174229	33189735	1
4	33189736	33208989	0
4	33208990	33233338	2
4	33233339	33245421	0
4	33245422	33248508	1
4	33248509	33310309	0
4	33310310	33502612	2
4	33502613	33924630	0
4	33924631	33948829	2
4	33948830	34024872	0
4	34024873	34050189	1
4	34050190	34550935	0
4	34550936	34566906	2
4	34566907	34570794	0
4	34570795	34614942	1
4	34614943	34614955	0
4	34614956	34660165	2
4	34660166	34663255	0
4	34663256	34687436	1
4	34687437	34688557	0
4	34688558	34730204	1
4	34730205	34743782	0
4	34743783	34756261	1
4	34756262	34768662	0
4	34768663	34778421	1
4	34778422	34803111	0
4	34803112	34882958	1
4	34882959	34893777	0
4	34893778	34907368	2
4	34907369	34949072	0
4	34949073	35152054	1
4	35152055	35154003	3
4	35154004	35157482	1
4	35157483	35191283	0
4	35191284	35226121	1
4	35226122	35706645	0
4	35706646	36951221	1
4	36951222	39450293	0
4	39450294	39451774	2
4	39451775	40143079	0
4	40143080	40198336	2
4	40198337	40204847	0
4	40204848	40239826	1
4	40239827	40259599	0
4	40259600	40269577	1
4	40269578	40269848	3
4	40269849	40270589	2
4	40270590	40270938	3
4	40270939	40279419	1
4	40279420	40472178	0
4	40472179	40477166	2
4	40477167	40682380	0
4	40682381	40703192	1
4	40703193	40722478	0
4	40722479	40736540	2
4	40736541	40737147	3
4	40737148	40757921	1
4	40757922	40804600	0
4	40804601	40854003	1
4	40854004	40920050	0
4	40920051	40931393	2
4	40931394	40936396	0
4	40936397	40948292	1
4	40948293	40948405	0
4	40948406	40965301	2
4	40965302	40970904	0
4	40970905	41025991	2
4	41025992	41033072	0
4	41033073	41048137	1
4	41048138	41092720	0
4	41092721	41098181	1
4	41098182	41114425	0
4	41114426	41124453	1
4	41124454	41135741	0
4	41135742	41193378	2
4	41193379	41194311	0
4	41194312	41275142	1
4	41275143	41291298	0
4	41291299	41314887	1
4	41314888	41348994	0
4	41348995	41390523	2
4	41390524	41390743	0
4	41390744	41464846	1
4	41464847	41465149	0
4	41465150	41480924	2
4	41480925	41495602	0
4	41495603	41503074	1
4	41503075	41505007	0
4	41505008	41517331	1
4	41517332	41517689	0
4	41517690	41569535	1
4	41569536	41569773	0
4	41569774	41638142	2
4	41638143	41638156	3
4	41638157	41640322	1
4	41640323	41657496	0
4	41657497	41697038	1
4	41697039	41699987	0
4	41699988	41712031	2
4	41712032	41713532	3
4	41713533	41714796	2
4	41714797	41723161	3
4	41723162	41723834	2
4	41723835	41731140	3
4	41731141	41738491	2
4	41738492	41741357	3
4	41741358	41769465	2
4	41769466	41769472	3
4	41769473	41774245	1
4	41774246	41903608	0
4	41903609	41904741	2
4	41904742	41941570	0
4	41941571	41943122	2
4	41943123	41966056	0
4	41966057	41971854	2
4	41971855	42033015	0
4	42033016	42034724	1
4	42034725	42091205	0
4	42091206	42092285	2
4	42092286	42114815	0
4	42114816	42115915	2
4	42115916	42154038	0
4	42154039	42158837	2
4	42158838	42158840	0
4	42158841	42168601	1
4	42168602	42240637	0
4	42240638	42242683	2
4	42242684	42255765	0
4	42255766	42256430	2
4	42256431	42294265	0
4	42294266	42294853	2
4	42294854	42318332	0
4	42318333	42323927	2
4	42323928	42439376	0
4	42439377	42439964	2
4	42439965	42466750	0
4	42466751	42522578	2
4	42522579	42528173	3
4	42528174	42589936	2
4	42589937	42612193	0
4	42612194	42612858	2
4	42612859	42629717	0
4	42629718	42631712	2
4	42631713	42655249	0
4	42655250	42656003	2
4	42656004	42656353	0
4	42656354	42661891	1
4	42661892	42735543	0
4	42735544	42754523	2
4	42754524	42756541	3
4	42756542	42772858	2
4	42772859	42773991	3
4	42773992	42781926	2
4	42781927	42845994	3
4	42845995	42846246	2
4	42846247	42856769	1
4	42856770	42868002	0
4	42868003	42874201	1
4	42874202	42916679	0
4	42916680	42944750	2
4	42944751	42949812	0
4	42949813	42959423	2
4	42959424	42969629	0
4	42969630	42974324	2
4	42974325	42979961	0
4	42979962	43000505	1
4	43000506	43002341	0
4	43002342	43010353	1
4	43010354	43017633	0
4	43017634	43025817	1
4	43025818	43027688	0
4	43027689	43031708	1
4	43031709	43032412	0
4	43032413	43046218	1
4	43046219	43058967	0
4	43058968	43264869	2
4	43264870	43267168	0
4	43267169	43373829	2
4	43373830	43381977	0
4	43381978	43427017	2
4	43427018	43427086	3
4	43427087	43429132	1
4	43429133	43441937	0
4	43441938	43446460	2
4	43446461	43448062	3
4	43448063	43454626	1
4	43454627	43482079	0
4	43482080	43483732	1
4	43483733	43493360	0
4	43493361	43495919	2
4	43495920	43496140	0
4	43496141	43499693	1
4	43499694	43506964	0
4	43506965	43513727	2
4	43513728	43514709	0
4	43514710	43523763	1
4	43523764	43531517	0
4	43531518	43562330	1
4	43562331	43562420	3
4	43562421	43566926	2
4	43566927	43567058	3
4	43567059	43578713	1
4	43578714	43578871	3
4	43578872	43583214	2
4	43583215	43584492	3
4	43584493	43587485	2
4	43587486	43631933	0
4	43631934	43651242	2
4	43651243	43651333	0
4	43651334	43653592	1
4	43653593	43654227	0
4	43654228	43656464	1
4	43656465	43659620	0
4	43659621	43668969	1
4	43668970	43669139	3
4	43669140	43692666	2
4	43692667	43694782	0
4	43694783	43700805	1
4	43700806	43704560	0
4	43704561	43710253	1
4	43710254	43727186	0
4	43727187	43728637	2
4	43728638	43730032	0
4	43730033	43734532	2
4	43734533	43770048	0
4	43770049	43771007	1
4	43771008	43820130	0
4	43820131	43823893	1
4	43823894	43830540	0
4	43830541	43840199	1
4	43840200	43851563	0
4	43851564	43857593	2
4	43857594	43875528	0
4	43875529	43944804	2
4	43944805	43957399	0
4	43957400	43979116	2
4	43979117	43983481	0
4	43983482	43985421	2
4	43985422	44004450	0
4	44004451	44032844	2
4	44032845	44034073	0
4	44034074	44084175	1
4	44084176	44126208	0
4	44126209	44168337	1
4	44168338	44300874	0
4	44300875	44364673	2
4	44364674	44524755	0
4	44524756	44710485	1
4	44710486	44755875	0
4	44755876	44932213	2
4	44932214	44981393	0
4	44981394	44990732	2
4	44990733	44991240	0
4	44991241	45012410	1
4	45012411	45018581	0
4	45018582	45034245	2
4	45034246	45036563	3
4	45036564	45084602	1
4	45084603	45105206	0
4	45105207	45108112	1
4	45108113	45184873	0
4	45184874	45285934	2
4	45285935	45297125	0
4	45297126	45316129	2
4	45316130	45316611	0
4	45316612	45342099	1
4	45342100	45342730	3
4	45342731	45379757	2
4	45379758	45395921	0
4	45395922	45408764	1
4	45408765	45423276	0
4	45423277	45532468	1
4	45532469	45799020	0
4	45799021	45804602	2
4	45804603	45809466	0
4	45809467	45826921	1
4	45826922	45848662	0
4	45848663	45887006	2
4	45887007	45890301	0
4	45890302	45950772	2
4	45950773	45965332	0
4	45965333	46034759	2
4	46034760	46038933	0
4	46038934	46114744	2
4	46114745	46116030	3
4	46116031	46138611	1
4	46138612	46138692	3
4	46138693	46155345	2
4	46155346	46172401	3
4	46172402	46196309	1
4	46196310	46343607	0
4	46343608	46346410	2
4	46346411	46376977	0
4	46376978	46389435	1
4	46389436	46393987	0
4	46393988	46413504	1
4	46413505	46450900	0
4	46450901	46472655	2
4	46472656	46489246	0
4	46489247	46503630	2
4	46503631	46506845	0
4	46506846	46536139	1
4	46536140	46536935	0
4	46536936	46602200	1
4	46602201	46604388	0
4	46604389	46650207	1
4	46650208	46662303	0
4	46662304	46991871	1
4	46991872	47015687	0
4	47015688	47057425	1
4	47057426	47091907	0
4	47091908	47123068	2
4	47123069	47208159	0
4	47208160	47313165	2
4	47313166	47353220	0
4	47353221	47414929	2
4	47414930	47469831	0
4	47469832	47474331	1
4	47474332	47474656	0
4	47474657	47483240	2
4	47483241	48045151	0
4	48045152	48086445	2
4	48086446	48124913	0
4	48124914	48186505	2
4	48186506	48193321	0
4	48193322	48279556	1
4	48279557	48279800	0
4	48279801	48430856	2
4	48430857	48431952	3
4	48431953	48473457	1
4	48473458	48539933	0
4	48539934	48561917	2
4	48561918	48585172	0
4	48585173	48663129	2
4	48663130	48663512	0
4	48663513	48673500	2
4	48673501	49059280	0
4	49059281	49340257	2
4	49340258	49379838	0
4	49379839	49408149	1
4	49408150	49447103	0
4	49447104	49473910	1
4	49473911	49489420	0
4	49489421	49506555	1
4	49506556	49512594	0
4	49512595	49521091	1
4	49521092	49521174	0
4	49521175	49531515	2
4	49531516	49535993	0
4	49535994	49549544	1
4	49549545	49584504	0
4	49584505	49597874	1
4	49597875	49632004	0
4	49632005	49656885	2
4	49656886	49661609	0
4	49661610	49845547	1
4	49845548	51216676	0
4	51216677	51230270	2
4	51230271	52439241	0
4	52439242	52488258	2
4	52488259	52496937	0
4	52496938	52497242	1
4	52497243	52596272	0
4	52596273	52612428	2
4	52612429	52825397	0
4	52825398	52826356	2
4	52826357	52852152	0
4	52852153	52859225	1
4	52859226	52910205	0
4	52910206	52919176	1
4	52919177	52964545	0
4	52964546	52972472	2
4	52972473	52989282	0
4	52989283	53001160	2
4	53001161	53011878	0
4	53011879	53022058	2
4	53022059	53030785	0
4	53030786	53159893	1
4	53159894	53440411	0
4	53440412	53622476	2
4	53622477	53631469	0
4	53631470	53707007	2
4	53707008	53713996	0
4	53713997	53765783	2
4	53765784	53779703	0
4	53779704	53788710	2
4	53788711	53826043	0
4	53826044	53862017	2
4	53862018	54945046	0
4	54945047	55083561	2
4	55083562	55350041	0
4	55350042	55392235	2
4	55392236	55527141	0
4	55527142	55532464	1
4	55532465	56740003	0
4	56740004	56740068	1
4	56740069	56741375	3
4	56741376	56741441	1
4	56741442	56743411	0
4	56743412	56744923	2
4	56744924	56749678	0
4	56749679	56802329	1
4	56802330	56802347	0
4	56802348	56809599	2
4	56809600	56810933	0
4	56810934	56865186	1
4	56865187	56866921	0
4	56866922	56947435	1
4	56947436	56957171	0
4	56957172	56990389	1
4	56990390	56991970	0
4	56991971	57143435	1
4	57143436	57190839	0
4	57190840	57301835	1
4	57301836	57434245	0
4	57434246	57896982	2
4	57896983	57908481	0
4	57908482	57916295	1
4	57916296	57943371	0
4	57943372	57956409	1
4	57956410	57984025	0
4	57984026	58009122	1
4	58009123	58042440	0
4	58042441	58206594	1
4	58206595	58285958	0
4	58285959	58374301	2
4	58374302	58435253	0
4	58435254	58553896	1
4	58553897	58782702	0
4	58782703	58787714	1
4	58787715	58798909	0
4	58798910	58912747	1
4	58912748	58943626	0
4	58943627	58958353	2
4	58958354	58965437	0
4	58965438	58987117	1
4	58987118	58995060	0
4	58995061	59041901	2
4	59041902	59043751	0
4	59043752	59138981	1
4	59138982	59189255	0
4	59189256	59222831	2
4	59222832	59314681	0
4	59314682	59438631	1
4	59438632	59471866	0
4	59471867	59549362	1
4	59549363	59581561	0
4	59581562	59618687	2
4	59618688	59626209	0
4	59626210	59761437	2
4	59761438	59769635	0
4	59769636	59801587	1
4	59801588	59805838	0
4	59805839	59904735	2
4	59904736	59905124	0
4	59905125	59915054	1
4	59915055	59956802	0
4	59956803	59960708	1
4	59960709	59964292	0
4	59964293	60007272	2
4	60007273	60066467	0
4	60066468	60070473	1
4	60070474	60135930	0
4	60135931	60139895	1
4	60139896	60218619	0
4	60218620	60222597	1
4	60222598	60418044	0
4	60418045	60421942	1
4	60421943	60498010	0
4	60498011	60501958	1
4	60501959	60578258	0
4	60578259	60582197	1
4	60582198	60658464	0
4	60658465	60662409	1
4	60662410	60737381	0
4	60737382	60741324	1
4	60741325	60817587	0
4	60817588	60821461	1
4	60821462	61224305	0
4	61224306	61228284	1
4	61228285	61300021	0
4	61300022	61303998	1
4	61303999	61435788	0
4	61435789	61439741	1
4	61439742	61515590	0
4	61515591	61519529	1
4	61519530	61591927	0
4	61591928	61595869	1
4	61595870	61670175	0
4	61670176	61674134	1
4	61674135	61778322	0
4	61778323	61782267	1
4	61782268	61831317	0
4	61831318	61835231	1
4	61835232	62050232	0
4	62050233	62054156	1
4	62054157	62083474	0
4	62083475	62087340	1
4	62087341	62147930	0
4	62147931	62150861	1
4	62150862	62189538	0
4	62189539	62231045	1
4	62231046	62262560	0
4	62262561	62298409	2
4	62298410	62300340	0
4	62300341	62360546	1
4	62360547	62360725	0
4	62360726	62391767	2
4	62391768	62394581	0
4	62394582	62408640	1
4	62408641	62408795	0
4	62408796	62426988	2
4	62426989	62427538	0
4	62427539	62435250	1
4	62435251	62452630	0
4	62452631	62470894	1
4	62470895	62480051	0
4	62480052	62497296	2
4	62497297	62499006	0
4	62499007	62502274	1
4	62502275	62509167	0
4	62509168	62519916	1
4	62519917	62522647	0
4	62522648	62525066	1
4	62525067	62525367	0
4	62525368	62547991	2
4	62547992	62559845	0
4	62559846	62703999	2
4	62704000	62965571	0
4	62965572	63139706	2
4	63139707	63143273	0
4	63143274	63154797	1
4	63154798	63165628	0
4	63165629	63172129	1
4	63172130	63215433	0
4	63215434	63334989	2
4	63334990	63344558	0
4	63344559	63348161	2
4	63348162	63356160	0
4	63356161	63359509	2
4	63359510	63362447	0
4	63362448	63365876	2
4	63365877	63367123	0
4	63367124	63403352	1
4	63403353	63414908	0
4	63414909	63495989	1
4	63495990	63544770	0
4	63544771	63550748	2
4	63550749	63558779	0
4	63558780	63586355	2
4	63586356	63596899	0
4	63596900	63600762	1
4	63600763	63607087	0
4	63607088	63622426	1
4	63622427	63662357	0
4	63662358	63662908	1
4	63662909	63727082	0
4	63727083	63745111	1
4	63745112	63831306	0
4	63831307	63861345	1
4	63861346	63959783	0
4	63959784	64047013	1
4	64047014	65124172	0
4	65124173	65357507	2
4	65357508	65380801	0
4	65380802	65604984	1
4	65604985	65616236	3
4	65616237	66404609	1
4	66404610	66827582	0
4	66827583	66930282	2
4	66930283	68761512	0
4	68761513	68954395	1
4	68954396	70216854	0
4	70216855	70410441	1
4	70410442	70427063	0
4	70427064	70534926	1
4	70534927	71755641	0
4	71755642	71757963	1
4	71757964	72117140	0
4	72117141	72200917	1
4	72200918	72850581	0
4	72850582	72852632	1
4	72852633	73401030	0
4	73401031	73405070	1
4	73405071	73607879	0
4	73607880	73657289	2
4	73657290	73668352	0
4	73668353	73672394	2
4	73672395	73683514	0
4	73683515	73687556	2
4	73687557	73714577	0
4	73714578	73790992	1
4	73790993	73872217	0
4	73872218	73876264	1
4	73876265	73887064	0
4	73887065	73891110	1
4	73891111	73901905	0
4	73901906	73905951	1
4	73905952	73916726	0
4	73916727	73920758	1
4	73920759	73939369	0
4	73939370	73950844	1
4	73950845	74013440	0
4	74013441	74202212	2
4	74202213	74242495	0
4	74242496	74405858	2
4	74405859	75277352	0
4	75277353	75278303	1
4	75278304	75941236	0
4	75941237	76594297	1
4	76594298	80834121	0
4	80834122	80851717	2
4	80851718	80910644	0
4	80910645	80955626	2
4	80955627	81278498	0
4	81278499	81442805	1
4	81442806	82290171	0
4	82290172	82705748	1
4	82705749	82798736	0
4	82798737	82859956	1
4	82859957	82881749	0
4	82881750	82885146	1
4	82885147	82897918	0
4	82897919	83052337	1
4	83052338	83220298	0
4	83220299	83324253	1
4	83324254	83417722	0
4	83417723	83453338	2
4	83453339	83455678	0
4	83455679	83486457	1
4	83486458	83525543	0
4	83525544	83864668	2
4	83864669	84275093	0
4	84275094	84675273	1
4	84675274	84884307	0
4	84884308	85131919	2
4	85131920	85205124	0
4	85205125	86428383	2
4	86428384	86444639	0
4	86444640	86558301	1
4	86558302	86575666	0
4	86575667	86577283	2
4	86577284	86578853	0
4	86578854	86612053	1
4	86612054	86656563	0
4	86656564	86670058	1
4	86670059	86748553	0
4	86748554	86850601	2
4	86850602	86854658	0
4	86854659	86857410	1
4	86857411	86874394	0
4	86874395	86920873	2
4	86920874	86983122	0
4	86983123	87230475	1
4	87230476	87769923	0
4	87769924	88033362	1
4	88033363	88094628	0
4	88094629	88396142	2
4	88396143	88411004	3
4	88411005	88438926	1
4	88438927	88522023	0
4	88522024	88522772	1
4	88522773	88557671	0
4	88557672	88558243	1
4	88558244	88571227	0
4	88571228	88571796	1
4	88571797	88591811	0
4	88591812	88592383	1
4	88592384	88602578	0
4	88602579	88603374	1
4	88603375	88627318	0
4	88627319	88634409	1
4	88634410	88643639	0
4	88643640	88644457	1
4	88644458	88675913	0
4	88675914	88676922	1
4	88676923	88682879	0
4	88682880	88683910	1
4	88683911	88690300	0
4	88690301	88691357	1
4	88691358	88718290	0
4	88718291	88721803	1
4	88721804	88722463	3
4	88722464	88722840	2
4	88722841	88754866	0
4	88754867	88755414	2
4	88755415	88760117	0
4	88760118	88761579	2
4	88761580	88773832	0
4	88773833	88774799	2
4	88774800	88776920	0
4	88776921	88777468	2
4	88777469	88779848	0
4	88779849	88780658	2
4	88780659	88782129	0
4	88782130	88783590	2
4	88783591	88785707	0
4	88785708	88786255	2
4	88786256	88788630	0
4	88788631	88789178	2
4	88789179	88791548	0
4	88791549	88792096	2
4	88792097	88794485	0
4	88794486	88795033	2
4	88795034	88797395	0
4	88797396	88797943	2
4	88797944	88799663	0
4	88799664	88801124	2
4	88801125	88803252	0
4	88803253	88803800	2
4	88803801	88805529	0
4	88805530	88808378	2
4	88808379	88816226	0
4	88816227	88816798	2
4	88816799	88819957	0
4	88819958	88820529	2
4	88820530	88827414	0
4	88827415	88827983	2
4	88827984	88835523	0
4	88835524	88836092	2
4	88836093	88841859	0
4	88841860	88842419	2
4	88842420	88850085	0
4	88850086	88850654	2
4	88850655	88879536	0
4	88879537	88880199	1
4	88880200	89137120	0
4	89137121	89181079	2
4	89181080	89274469	0
4	89274470	89294651	1
4	89294652	89306297	0
4	89306298	89311037	1
4	89311038	89688196	0
4	89688197	89694770	2
4	89694771	90218818	0
4	90218819	90225700	2
4	90225701	91250761	0
4	91250762	91399982	1
4	91399983	92144327	0
4	92144328	92147232	1
4	92147233	92190742	0
4	92190743	92191747	1
4	92191748	93334136	0
4	93334137	93335509	1
4	93335510	94500079	0
4	94500080	94556544	1
4	94556545	94556794	3
4	94556795	94557076	2
4	94557077	94569165	0
4	94569166	94603242	1
4	94603243	94614489	0
4	94614490	94636651	2
4	94636652	94650114	3
4	94650115	94693227	2
4	94693228	94739287	0
4	94739288	94874974	2
4	94874975	94907265	0
4	94907266	94928841	1
4	94928842	94942038	0
4	94942039	94979098	1
4	94979099	95049032	0
4	95049033	95052220	1
4	95052221	95557505	0
4	95557506	95926937	2
4	95926938	95967238	0
4	95967239	96025411	2
4	96025412	96027532	0
4	96027533	96077544	1
4	96077545	96099571	0
4	96099572	96141136	1
4	96141137	96195195	0
4	96195196	96236657	1
4	96236658	96294506	0
4	96294507	96348660	1
4	96348661	96444594	0
4	96444595	96507384	1
4	96507385	96516136	0
4	96516137	96553659	1
4	96553660	96568427	0
4	96568428	96591576	1
4	96591577	96628771	0
4	96628772	96664152	1
4	96664153	96723645	0
4	96723646	96785184	1
4	96785185	97182838	0
4	97182839	97183164	1
4	97183165	97568131	0
4	97568132	97772732	1
4	97772733	97778046	3
4	97778047	98118872	2
4	98118873	98355368	0
4	98355369	98383304	1
4	98383305	98395789	0
4	98395790	98719601	2
4	98719602	98726732	0
4	98726733	98738478	2
4	98738479	98754896	0
4	98754897	98817535	1
4	98817536	98818473	0
4	98818474	98823838	1
4	98823839	98923808	0
4	98923809	98935541	2
4	98935542	98936669	0
4	98936670	99030952	1
4	99030953	99038063	3
4	99038064	99120913	1
4	99120914	99193932	0
4	99193933	99259785	2
4	99259786	99295898	0
4	99295899	99297256	2
4	99297257	99656297	0
4	99656298	99658620	2
4	99658621	99715663	0
4	99715664	99763458	2
4	99763459	99765400	0
4	99765401	99829184	1
4	99829185	99829196	0
4	99829197	99912786	2
4	99912787	99929412	0
4	99929413	99987292	2
4	99987293	100478847	0
4	100478848	100550145	2
4	100550146	100776673	0
4	100776674	101020296	2
4	101020297	101020694	3
4	101020695	101029218	2
4	101029219	101068981	0
4	101068982	101152365	2
4	101152366	101152368	3
4	101152369	101265280	1
4	101265281	101419275	0
4	101419276	101466993	2
4	101466994	101496646	0
4	101496647	101642797	2
4	101642798	101647716	0
4	101647717	101659362	2
4	101659363	101717402	0
4	101717403	101815350	2
4	101815351	101834967	0
4	101834968	101844021	1
4	101844022	101890018	0
4	101890019	101893787	1
4	101893788	101909119	0
4	101909120	101911906	2
4	101911907	101940405	0
4	101940406	101943181	2
4	101943182	101967451	0
4	101967452	101981047	1
4	101981048	101986624	0
4	101986625	101990051	2
4	101990052	102087541	0
4	102087542	102607257	2
4	102607258	102760133	0
4	102760134	102973626	2
4	102973627	102978689	0
4	102978690	103005592	2
4	103005593	103017870	0
4	103017871	103026840	1
4	103026841	103038063	0
4	103038064	103114393	1
4	103114394	103114553	3
4	103114554	103165752	2
4	103165753	103170647	0
4	103170648	103215162	1
4	103215163	103230443	0
4	103230444	103290861	1
4	103290862	103313810	0
4	103313811	103366441	2
4	103366442	103619663	0
4	103619664	104744842	2
4	104744843	104766315	0
4	104766316	104804546	2
4	104804547	104815677	0
4	104815678	104857327	1
4	104857328	104859135	3
4	104859136	104876396	1
4	104876397	104913454	0
4	104913455	105016861	2
4	105016862	105029872	0
4	105029873	105109888	1
4	105109889	105157345	0
4	105157346	105232762	2
4	105232763	105789867	0
4	105789868	105794426	2
4	105794427	106316211	0
4	106316212	106441320	2
4	106441321	106442327	0
4	106442328	106464327	1
4	106464328	106483454	0
4	106483455	106492281	1
4	106492282	106561036	0
4	106561037	106589111	2
4	106589112	106590907	0
4	106590908	106617236	1
4	106617237	106622430	0
4	106622431	106640187	2
4	106640188	106651067	0
4	106651068	106655280	2
4	106655281	106662254	0
4	106662255	106678942	1
4	106678943	106680415	0
4	106680416	106730923	1
4	106730924	106733887	0
4	106733888	106744553	2
4	106744554	106748290	3
4	106748291	106804996	1
4	106804997	106911468	0
4	106911469	107049692	2
4	107049693	107055872	0
4	107055873	107066866	1
4	107066867	107066986	0
4	107066987	107087775	2
4	107087776	107096889	0
4	107096890	107113123	2
4	107113124	107134153	0
4	107134154	107178397	1
4	107178398	107178545	3
4	107178546	107179114	1
4	107179115	107200994	2
4	107200995	107209178	0
4	107209179	107218058	2
4	107218059	107233512	0
4	107233513	107253530	1
4	107253531	107253591	0
4	107253592	107279936	2
4	107279937	107291463	0
4	107291464	107307167	1
4	107307168	107314361	0
4	107314362	107359820	2
4	107359821	107367782	0
4	107367783	107416344	2
4	107416345	107434615	0
4	107434616	107635059	2
4	107635060	107676288	0
4	107676289	107684228	1
4	107684229	107802275	0
4	107802276	107876838	2
4	107876839	107879753	0
4	107879754	107887422	2
4	107887423	107889811	0
4	107889812	107899382	2
4	107899383	107903979	0
4	107903980	107923608	1
4	107923609	107968330	0
4	107968331	108013530	2
4	108013531	108014789	0
4	108014790	108144996	1
4	108144997	108165435	0
4	108165436	108179306	2
4	108179307	108181736	0
4	108181737	108218046	1
4	108218047	108229722	0
4	108229723	108301094	1
4	108301095	108328138	0
4	108328139	108341542	2
4	108341543	108367775	0
4	108367776	108383347	1
4	108383348	108400388	0
4	108400389	108406959	1
4	108406960	108459424	0
4	108459425	108559419	2
4	108559420	108564868	0
4	108564869	108579334	1
4	108579335	108579452	0
4	108579453	108614831	2
4	108614832	108619938	0
4	108619939	108634121	2
4	108634122	108637464	0
4	108637465	108719647	1
4	108719648	108780501	3
4	108780502	108780796	1
4	108780797	108781902	2
4	108781903	108814293	0
4	108814294	108833612	1
4	108833613	108834599	0
4	108834600	108847397	2
4	108847398	108848617	3
4	108848618	108862125	2
4	108862126	108879061	0
4	108879062	108943322	2
4	108943323	109000653	0
4	109000654	109061143	2
4	109061144	109061775	3
4	109061776	109202270	1
4	109202271	109234483	0
4	109234484	109254569	2
4	109254570	109280266	0
4	109280267	109387815	2
4	109387816	109406621	0
4	109406622	109444743	2
4	109444744	109451096	0
4	109451097	109484726	1
4	109484727	109505335	0
4	109505336	109531295	1
4	109531296	109660874	0
4	109660875	109667187	1
4	109667188	109676586	0
4	109676587	109963958	2
4	109963959	109978051	0
4	109978052	109983685	2
4	109983686	110203720	0
4	110203721	110351907	1
4	110351908	110397659	0
4	110397660	111664322	2
4	111664323	111719982	0
4	111719983	111829182	2
4	111829183	111875373	0
4	111875374	111902916	1
4	111902917	111919396	0
4	111919397	111950356	2
4	111950357	111972921	0
4	111972922	111988221	2
4	111988222	112006267	0
4	112006268	112029536	2
4	112029537	112072014	0
4	112072015	112168074	2
4	112168075	112232243	0
4	112232244	112300466	2
4	112300467	112385967	0
4	112385968	112433983	1
4	112433984	112557192	0
4	112557193	112652246	2
4	112652247	112711145	0
4	112711146	112774864	1
4	112774865	112804614	0
4	112804615	113286971	1
4	113286972	113477889	0
4	113477890	113999501	1
4	113999502	114163382	0
4	114163383	114245026	2
4	114245027	114406722	0
4	114406723	114615096	2
4	114615097	114821720	0
4	114821721	114856164	2
4	114856165	114906280	0
4	114906281	114908871	1
4	114908872	114925145	0
4	114925146	114926011	1
4	114926012	114959334	0
4	114959335	114987239	1
4	114987240	115000157	0
4	115000158	115043194	2
4	115043195	115056424	0
4	115056425	115071753	2
4	115071754	115088706	0
4	115088707	115093897	2
4	115093898	115106321	0
4	115106322	115134279	1
4	115134280	115242082	0
4	115242083	115254555	2
4	115254556	115299044	0
4	115299045	115332813	2
4	115332814	115411622	0
4	115411623	115439032	2
4	115439033	115452602	0
4	115452603	115471060	2
4	115471061	115486198	0
4	115486199	115496140	1
4	115496141	115518262	0
4	115518263	115533647	2
4	115533648	115563647	0
4	115563648	115579013	2
4	115579014	115600973	0
4	115600974	115621600	2
4	115621601	115624723	0
4	115624724	115647721	1
4	115647722	115737742	0
4	115737743	115777325	2
4	115777326	115779832	0
4	115779833	115781016	1
4	115781017	115784810	0
4	115784811	115812312	2
4	115812313	115828090	0
4	115828091	115836183	2
4	115836184	115839196	0
4	115839197	115879248	2
4	115879249	115884398	0
4	115884399	115887962	2
4	115887963	115890663	0
4	115890664	115899225	2
4	115899226	115915117	0
4	115915118	115939924	1
4	115939925	115996667	0
4	115996668	116017924	1
4	116017925	116032840	0
4	116032841	116053874	1
4	116053875	116066963	0
4	116066964	116075069	1
4	116075070	116075267	0
4	116075268	116096914	2
4	116096915	116097041	3
4	116097042	116123683	1
4	116123684	116132404	0
4	116132405	116137235	1
4	116137236	116144607	3
4	116144608	116159846	2
4	116159847	116161867	0
4	116161868	116167599	1
4	116167600	116173370	0
4	116173371	116303054	2
4	116303055	116306760	0
4	116306761	116464181	1
4	116464182	116507547	0
4	116507548	116538241	2
4	116538242	116551631	0
4	116551632	116555934	1
4	116555935	116557656	0
4	116557657	116593880	2
4	116593881	116596728	0
4	116596729	116600264	2
4	116600265	116601050	0
4	116601051	116627939	1
4	116627940	116636508	0
4	116636509	116651678	1
4	116651679	116685542	0
4	116685543	116700820	2
4	116700821	116702277	0
4	116702278	116708404	1
4	116708405	116708507	0
4	116708508	116715102	2
4	116715103	116720946	0
4	116720947	116794308	2
4	116794309	116804240	3
4	116804241	116805954	2
4	116805955	116807638	1
4	116807639	116807721	0
4	116807722	116819429	2
4	116819430	116819902	0
4	116819903	116821705	1
4	116821706	116877374	0
4	116877375	116989262	2
4	116989263	116989963	0
4	116989964	116994411	1
4	116994412	116995315	0
4	116995316	117005275	2
4	117005276	117019400	0
4	117019401	117086850	2
4	117086851	117096073	0
4	117096074	117115381	2
4	117115382	117120173	0
4	117120174	117125616	1
4	117125617	117126792	0
4	117126793	117128653	2
4	117128654	117128736	3
4	117128737	117133961	1
4	117133962	117153825	0
4	117153826	117156241	1
4	117156242	117159637	0
4	117159638	117182637	1
4	117182638	117213331	0
4	117213332	117251915	1
4	117251916	117251949	0
4	117251950	117268580	2
4	117268581	117271461	0
4	117271462	117497050	1
4	117497051	117550363	0
4	117550364	117674295	2
4	117674296	117674679	0
4	117674680	117682271	1
4	117682272	117724410	0
4	117724411	117726870	2
4	117726871	117757834	0
4	117757835	117765646	1
4	117765647	117834504	0
4	117834505	117866522	2
4	117866523	117869294	3
4	117869295	117869303	2
4	117869304	117872552	1
4	117872553	117873129	0
4	117873130	117883485	1
4	117883486	117884324	0
4	117884325	117887331	1
4	117887332	117888641	0
4	117888642	117892030	1
4	117892031	117894484	0
4	117894485	117914997	1
4	117914998	117926160	0
4	117926161	117929761	1
4	117929762	117932152	0
4	117932153	118134912	1
4	118134913	118136955	0
4	118136956	118180041	1
4	118180042	118208211	0
4	118208212	118291403	1
4	118291404	118362741	0
4	118362742	118409271	1
4	118409272	118409335	0
4	118409336	118415780	2
4	118415781	118428091	0
4	118428092	118432899	2
4	118432900	118432951	3
4	118432952	118437350	1
4	118437351	118442413	0
4	118442414	118457511	1
4	118457512	118471189	0
4	118471190	118490059	1
4	118490060	118526997	0
4	118526998	118530226	2
4	118530227	118540939	0
4	118540940	118544042	1
4	118544043	118554549	0
4	118554550	118620775	1
4	118620776	118620797	0
4	118620798	118627774	2
4	118627775	118658950	0
4	118658951	118668040	2
4	118668041	118687484	0
4	118687485	118692754	1
4	118692755	118703521	0
4	118703522	118713436	2
4	118713437	118720136	0
4	118720137	118729393	2
4	118729394	118732173	0
4	118732174	118736904	2
4	118736905	118751973	0
4	118751974	118758735	1
4	118758736	118781634	0
4	118781635	118782584	1
4	118782585	118808795	0
4	118808796	118809942	1
4	118809943	118827657	0
4	118827658	118836277	1
4	118836278	118864647	0
4	118864648	118871705	2
4	118871706	118888607	0
4	118888608	118894158	2
4	118894159	118916522	0
4	118916523	118917463	1
4	118917464	118930069	0
4	118930070	118938610	1
4	118938611	118961576	0
4	118961577	118968910	2
4	118968911	119108709	0
4	119108710	119137981	2
4	119137982	119169511	0
4	119169512	119174193	1
4	119174194	119175455	0
4	119175456	119190009	1
4	119190010	119195304	0
4	119195305	119201296	2
4	119201297	119205053	0
4	119205054	119218215	1
4	119218216	119219840	0
4	119219841	119232710	1
4	119232711	119232913	0
4	119232914	119248973	2
4	119248974	119255412	0
4	119255413	119262436	2
4	119262437	119277979	0
4	119277980	119294602	1
4	119294603	119300008	0
4	119300009	119320544	1
4	119320545	119323839	0
4	119323840	119415519	1
4	119415520	119418528	0
4	119418529	119422418	1
4	119422419	119422812	0
4	119422813	119453986	2
4	119453987	119465281	0
4	119465282	119492626	1
4	119492627	119530306	0
4	119530307	119537002	1
4	119537003	119538767	3
4	119538768	119629117	2
4	119629118	119637702	0
4	119637703	119639469	2
4	119639470	119656605	0
4	119656606	119658952	1
4	119658953	119733794	0
4	119733795	119736766	2
4	119736767	119814493	0
4	119814494	120138043	2
4	120138044	120161204	0
4	120161205	120167358	2
4	120167359	120267077	0
4	120267078	120287347	1
4	120287348	120405305	0
4	120405306	120530182	2
4	120530183	120532229	0
4	120532230	120536659	2
4	120536660	120539866	0
4	120539867	120570274	1
4	120570275	120588743	0
4	120588744	120609671	2
4	120609672	120666570	0
4	120666571	120667818	2
4	120667819	120696136	0
4	120696137	120747246	1
4	120747247	120757436	0
4	120757437	120831570	1
4	120831571	120854817	0
4	120854818	120896577	2
4	120896578	120921194	0
4	120921195	120925015	1
4	120925016	120930135	0
4	120930136	120951697	1
4	120951698	120968315	0
4	120968316	121017245	1
4	121017246	121039383	0
4	121039384	121055320	2
4	121055321	121059235	0
4	121059236	121098239	1
4	121098240	121105649	0
4	121105650	121109224	1
4	121109225	121145371	0
4	121145372	121215082	1
4	121215083	121316314	0
4	121316315	121324915	1
4	121324916	121414733	0
4	121414734	121423097	1
4	121423098	121614269	0
4	121614270	121622101	1
4	121622102	122689273	0
4	122689274	122705127	2
4	122705128	122836240	0
4	122836241	122859045	2
4	122859046	122859076	3
4	122859077	122886054	1
4	122886055	122946848	0
4	122946849	122961186	1
4	122961187	122995650	0
4	122995651	123002483	2
4	123002484	123016595	0
4	123016596	123054947	2
4	123054948	123105163	0
4	123105164	123126089	2
4	123126090	123127113	0
4	123127114	123139949	1
4	123139950	123183225	0
4	123183226	123194699	2
4	123194700	123201502	0
4	123201503	123216273	2
4	123216274	123233554	0
4	123233555	123249873	2
4	123249874	123282823	0
4	123282824	123298923	2
4	123298924	123312643	0
4	123312644	123343250	1
4	123343251	123349631	0
4	123349632	123684358	1
4	123684359	123712708	0
4	123712709	123718200	1
4	123718201	123734557	0
4	123734558	123750343	1
4	123750344	123787873	0
4	123787874	123829902	2
4	123829903	123859677	0
4	123859678	123863163	2
4	123863164	123904830	0
4	123904831	123912267	2
4	123912268	123917444	0
4	123917445	123917502	2
4	123917503	123918020	3
4	123918021	123936995	2
4	123936996	124609929	0
4	124609930	124610801	1
4	124610802	124656805	0
4	124656806	124660653	2
4	124660654	124678158	0
4	124678159	124693598	1
4	124693599	124700699	0
4	124700700	124708609	2
4	124708610	124714774	0
4	124714775	124732458	2
4	124732459	124741848	0
4	124741849	124801509	2
4	124801510	124802102	0
4	124802103	124849483	2
4	124849484	124849798	3
4	124849799	124850677	1
4	124850678	124850728	3
4	124850729	124851194	1
4	124851195	124855237	2
4	124855238	124855240	3
4	124855241	124862169	1
4	124862170	124880897	0
4	124880898	124917798	2
4	124917799	124918463	0
4	124918464	124937072	1
4	124937073	124939309	3
4	124939310	124944654	2
4	124944655	124986428	0
4	124986429	125009097	2
4	125009098	125016583	0
4	125016584	125055336	2
4	125055337	125055374	3
4	125055375	125065701	1
4	125065702	125066670	0
4	125066671	125074040	2
4	125074041	125085132	0
4	125085133	125113236	2
4	125113237	125118421	0
4	125118422	125127838	1
4	125127839	125490698	0
4	125490699	125714171	2
4	125714172	126024548	0
4	126024549	126044438	2
4	126044439	126046923	0
4	126046924	126055530	2
4	126055531	126058563	0
4	126058564	126092193	2
4	126092194	126096621	0
4	126096622	126098582	2
4	126098583	126103955	0
4	126103956	126141027	2
4	126141028	126147742	0
4	126147743	126149873	2
4	126149874	126150600	0
4	126150601	126163489	1
4	126163490	126164080	0
4	126164081	126202758	1
4	126202759	126232165	0
4	126232166	126256341	1
4	126256342	126262323	0
4	126262324	126275881	2
4	126275882	126286791	0
4	126286792	126314328	2
4	126314329	126316045	0
4	126316046	126321701	1
4	126321702	126322119	0
4	126322120	126325686	1
4	126325687	126331702	0
4	126331703	126429554	1
4	126429555	126435010	0
4	126435011	126468581	1
4	126468582	126489539	0
4	126489540	126533470	1
4	126533471	126556933	0
4	126556934	126593901	2
4	126593902	126609816	0
4	126609817	126614369	2
4	126614370	126677628	0
4	126677629	126709712	2
4	126709713	126716004	0
4	126716005	126736238	1
4	126736239	126743748	0
4	126743749	126753425	1
4	126753426	126753542	0
4	126753543	126861937	2
4	126861938	126870068	3
4	126870069	126968133	1
4	126968134	127021322	0
4	127021323	127031234	2
4	127031235	127047092	0
4	127047093	127061150	1
4	127061151	127077381	0
4	127077382	127129642	2
4	127129643	127169202	0
4	127169203	127237020	2
4	127237021	127243782	0
4	127243783	127247807	2
4	127247808	127311419	0
4	127311420	127314037	1
4	127314038	127325233	0
4	127325234	127330842	1
4	127330843	127351084	0
4	127351085	127354079	1
4	127354080	127354807	0
4	127354808	127358179	1
4	127358180	127927590	0
4	127927591	127970949	1
4	127970950	127988042	0
4	127988043	128260210	2
4	128260211	128260955	3
4	128260956	128567654	2
4	128567655	128583545	0
4	128583546	128610096	1
4	128610097	128615441	0
4	128615442	128618617	1
4	128618618	128654700	0
4	128654701	128752879	2
4	128752880	128755362	0
4	128755363	128769296	2
4	128769297	128773086	0
4	128773087	128806043	1
4	128806044	128883586	0
4	128883587	128911326	2
4	128911327	128930231	0
4	128930232	128962437	1
4	128962438	128993222	0
4	128993223	129011527	2
4	129011528	129058269	0
4	129058270	129085884	2
4	129085885	129105546	0
4	129105547	129111568	2
4	129111569	129111624	3
4	129111625	129122034	1
4	129122035	129136997	0
4	129136998	129144591	2
4	129144592	129148003	0
4	129148004	129189725	1
4	129189726	129189758	0
4	129189759	129219576	2
4	129219577	129219605	3
4	129219606	129261402	1
4	129261403	129287615	0
4	129287616	129307098	2
4	129307099	129308557	3
4	129308558	129335368	1
4	129335369	129335693	0
4	129335694	129349869	2
4	129349870	129353626	0
4	129353627	129378114	1
4	129378115	129425763	0
4	129425764	129440851	1
4	129440852	129461579	0
4	129461580	129488496	2
4	129488497	129489012	0
4	129489013	129491020	1
4	129491021	129491188	0
4	129491189	129491954	2
4	129491955	129513579	0
4	129513580	129515983	2
4	129515984	129516102	0
4	129516103	129542711	1
4	129542712	129548342	0
4	129548343	129573639	1
4	129573640	129576813	0
4	129576814	129578547	1
4	129578548	129591958	0
4	129591959	129600646	1
4	129600647	129600678	0
4	129600679	129608329	2
4	129608330	129608526	3
4	129608527	129614255	1
4	129614256	129615124	0
4	129615125	129619097	1
4	129619098	129619272	0
4	129619273	129623945	1
4	129623946	129626076	0
4	129626077	129641063	1
4	129641064	129643978	0
4	129643979	129672765	1
4	129672766	129676353	0
4	129676354	129696836	1
4	129696837	129713817	0
4	129713818	129742294	1
4	129742295	129820219	0
4	129820220	129850001	2
4	129850002	129929247	0
4	129929248	129957113	2
4	129957114	129984868	0
4	129984869	130022631	2
4	130022632	130047838	0
4	130047839	130099275	2
4	130099276	130102556	0
4	130102557	130128133	2
4	130128134	130130215	0
4	130130216	130139357	1
4	130139358	130165600	0
4	130165601	130175120	1
4	130175121	130209107	0
4	130209108	130222399	1
4	130222400	130253493	0
4	130253494	130279203	1
4	130279204	130308160	0
4	130308161	130308593	1
4	130308594	130308672	3
4	130308673	130315381	2
4	130315382	130315461	3
4	130315462	130359941	1
4	130359942	130360130	0
4	130360131	130390024	2
4	130390025	130531616	0
4	130531617	130574171	1
4	130574172	130663319	0
4	130663320	130781562	2
4	130781563	130792535	0
4	130792536	130826317	2
4	130826318	130913123	0
4	130913124	130936139	2
4	130936140	130944383	0
4	130944384	130955473	2
4	130955474	131768455	0
4	131768456	131838286	1
4	131838287	131843468	0
4	131843469	131867784	2
4	131867785	131873615	0
4	131873616	131901704	2
4	131901705	131921769	0
4	131921770	131923138	2
4	131923139	131923411	0
4	131923412	132074695	1
4	132074696	132075290	3
4	132075291	132076990	2
4	132076991	132110724	0
4	132110725	132144484	1
4	132144485	132184910	0
4	132184911	132212301	1
4	132212302	132221023	0
4	132221024	132261600	1
4	132261601	132274373	0
4	132274374	132295764	2
4	132295765	132302195	0
4	132302196	132303383	1
4	132303384	132311761	0
4	132311762	132329536	1
4	132329537	132331917	0
4	132331918	132353603	1
4	132353604	132355921	0
4	132355922	132422487	1
4	132422488	132458729	0
4	132458730	132463919	1
4	132463920	132492030	0
4	132492031	132510499	1
4	132510500	132530553	0
4	132530554	132533657	1
4	132533658	132535548	0
4	132535549	132553740	2
4	132553741	132564065	0
4	132564066	132582681	2
4	132582682	132638985	0
4	132638986	132724763	2
4	132724764	132724895	0
4	132724896	132732544	1
4	132732545	132732964	0
4	132732965	132757250	1
4	132757251	132768333	0
4	132768334	132778750	2
4	132778751	132781841	0
4	132781842	132796385	1
4	132796386	132826927	0
4	132826928	132843167	1
4	132843168	132853499	0
4	132853500	132884507	1
4	132884508	132899211	0
4	132899212	132922556	1
4	132922557	132974100	0
4	132974101	133001908	2
4	133001909	133011504	0
4	133011505	133078108	2
4	133078109	133130503	0
4	133130504	133199754	2
4	133199755	133209338	0
4	133209339	133212534	1
4	133212535	133220808	0
4	133220809	133224553	2
4	133224554	133240816	0
4	133240817	133252927	2
4	133252928	133253088	0
4	133253089	133263111	1
4	133263112	133266043	0
4	133266044	133277790	1
4	133277791	133292457	0
4	133292458	133339322	1
4	133339323	133369704	0
4	133369705	133423700	2
4	133423701	133480130	0
4	133480131	133487936	2
4	133487937	133491098	0
4	133491099	133498548	1
4	133498549	133518961	0
4	133518962	133530788	2
4	133530789	133532540	0
4	133532541	133545994	1
4	133545995	133553374	0
4	133553375	133556534	2
4	133556535	133574743	0
4	133574744	133584241	2
4	133584242	133584360	0
4	133584361	133591733	2
4	133591734	133600554	0
4	133600555	133602166	1
4	133602167	133605297	0
4	133605298	133633467	1
4	133633468	133660385	0
4	133660386	133672645	1
4	133672646	133679006	0
4	133679007	133756767	1
4	133756768	133847288	0
4	133847289	133887795	1
4	133887796	133964736	0
4	133964737	133968648	1
4	133968649	133969026	0
4	133969027	134000916	1
4	134000917	134003328	0
4	134003329	134018839	1
4	134018840	134053836	0
4	134053837	134058994	2
4	134058995	134060813	0
4	134060814	134092502	2
4	134092503	134093534	0
4	134093535	134095080	1
4	134095081	134102581	0
4	134102582	134127404	2
4	134127405	134127591	3
4	134127592	134128787	1
4	134128788	134129856	0
4	134129857	134187110	1
4	134187111	134190802	0
4	134190803	134203002	1
4	134203003	134211968	0
4	134211969	134227381	1
4	134227382	134228039	0
4	134228040	134238397	1
4	134238398	134243287	0
4	134243288	134243660	1
4	134243661	134245071	3
4	134245072	134245590	1
4	134245591	134245867	2
4	134245868	134246933	0
4	134246934	134250040	2
4	134250041	134251108	0
4	134251109	134254104	1
4	134254105	134275000	0
4	134275001	134287893	1
4	134287894	134315118	0
4	134315119	134329627	2
4	134329628	134343179	0
4	134343180	134354482	2
4	134354483	134356370	0
4	134356371	134372556	1
4	134372557	134396318	0
4	134396319	134427411	2
4	134427412	134468318	0
4	134468319	134473841	2
4	134473842	134496695	0
4	134496696	134510233	2
4	134510234	134510997	0
4	134510998	134523925	2
4	134523926	134525548	0
4	134525549	134535385	1
4	134535386	134537890	0
4	134537891	134552164	1
4	134552165	134561688	0
4	134561689	134704288	1
4	134704289	134741552	0
4	134741553	134768022	1
4	134768023	134802757	0
4	134802758	134853343	1
4	134853344	134864534	0
4	134864535	134896170	2
4	134896171	134897847	0
4	134897848	134915022	1
4	134915023	134923590	0
4	134923591	134927669	2
4	134927670	134930896	0
4	134930897	134937546	2
4	134937547	135120650	0
4	135120651	135177988	2
4	135177989	135213967	0
4	135213968	135272812	1
4	135272813	135320482	0
4	135320483	135353319	1
4	135353320	135369574	0
4	135369575	135398225	1
4	135398226	135412306	0
4	135412307	135433851	1
4	135433852	135446135	0
4	135446136	135495036	1
4	135495037	135495985	0
4	135495986	135537801	2
4	135537802	135541886	0
4	135541887	135573628	1
4	135573629	135686285	0
4	135686286	135708179	2
4	135708180	135728170	0
4	135728171	135752138	2
4	135752139	135759713	0
4	135759714	135815562	2
4	135815563	135855745	0
4	135855746	135869906	2
4	135869907	135870916	0
4	135870917	135873848	1
4	135873849	135895392	0
4	135895393	135920205	2
4	135920206	135920733	0
4	135920734	135940309	2
4	135940310	135946446	0
4	135946447	135962615	2
4	135962616	135963725	0
4	135963726	135968176	2
4	135968177	135968222	0
4	135968223	135972624	1
4	135972625	135975458	0
4	135975459	135987262	1
4	135987263	136003366	0
4	136003367	136021761	1
4	136021762	136049729	0
4	136049730	136053391	1
4	136053392	136143495	0
4	136143496	136145390	2
4	136145391	136172392	0
4	136172393	136196055	2
4	136196056	136206363	0
4	136206364	136245214	2
4	136245215	136247950	0
4	136247951	136274896	2
4	136274897	136284681	0
4	136284682	136293940	2
4	136293941	136310940	0
4	136310941	136359445	2
4	136359446	136423522	0
4	136423523	136444396	2
4	136444397	136462248	0
4	136462249	136463975	2
4	136463976	136469759	0
4	136469760	136550538	2
4	136550539	136554778	3
4	136554779	136602721	1
4	136602722	136610435	0
4	136610436	136613224	2
4	136613225	136622619	0
4	136622620	136639108	2
4	136639109	136647537	0
4	136647538	136835986	1
4	136835987	136880127	0
4	136880128	136886185	1
4	136886186	136889802	0
4	136889803	136893063	1
4	136893064	136895915	0
4	136895916	136898801	1
4	136898802	136929417	0
4	136929418	136956814	1
4	136956815	136979730	0
4	136979731	137048693	1
4	137048694	137277487	0
4	137277488	137299724	2
4	137299725	137319694	0
4	137319695	137357718	1
4	137357719	137401552	0
4	137401553	137409789	1
4	137409790	137420997	0
4	137420998	137430538	1
4	137430539	137453282	0
4	137453283	137455459	2
4	137455460	137468767	0
4	137468768	137570628	2
4	137570629	137572081	0
4	137572082	137574567	1
4	137574568	137593753	0
4	137593754	137658529	2
4	137658530	137680751	0
4	137680752	137729859	2
4	137729860	137741731	0
4	137741732	137796382	1
4	137796383	137862235	0
4	137862236	137965227	2
4	137965228	137993020	0
4	137993021	138208506	2
4	138208507	138216294	0
4	138216295	138244681	2
4	138244682	138250401	0
4	138250402	138301965	2
4	138301966	138304728	0
4	138304729	138312626	2
4	138312627	138313407	0
4	138313408	138326305	1
4	138326306	138338526	0
4	138338527	138367990	1
4	138367991	138394090	0
4	138394091	138396526	1
4	138396527	138434669	0
4	138434670	138442263	2
4	138442264	138454312	0
4	138454313	138460121	2
4	138460122	138565358	0
4	138565359	138624010	1
4	138624011	138718536	0
4	138718537	138724790	1
4	138724791	138725263	3
4	138725264	138725323	1
4	138725324	138737165	3
4	138737166	138746130	2
4	138746131	138750531	0
4	138750532	138757624	1
4	138757625	138775733	0
4	138775734	138782044	2
4	138782045	138799242	0
4	138799243	138863480	1
4	138863481	138870990	0
4	138870991	138873962	1
4	138873963	138877940	0
4	138877941	138882815	2
4	138882816	138895377	0
4	138895378	138913943	1
4	138913944	138967110	0
4	138967111	138968358	2
4	138968359	138972886	0
4	138972887	139059169	2
4	139059170	139061106	0
4	139061107	139075568	1
4	139075569	139082282	0
4	139082283	139092991	1
4	139092992	139101812	0
4	139101813	139131111	1
4	139131112	139192897	0
4	139192898	139291816	2
4	139291817	139298526	0
4	139298527	139310706	1
4	139310707	139310742	0
4	139310743	139318424	2
4	139318425	139347433	0
4	139347434	139352574	1
4	139352575	139352585	0
4	139352586	139489586	2
4	139489587	139530546	0
4	139530547	139620380	2
4	139620381	139622864	0
4	139622865	139649688	2
4	139649689	139653536	0
4	139653537	139670278	2
4	139670279	139737060	0
4	139737061	139833526	1
4	139833527	139960218	0
4	139960219	139968024	1
4	139968025	140026844	0
4	140026845	140246782	1
4	140246783	140514483	0
4	140514484	140666010	1
4	140666011	140700539	0
4	140700540	140723218	2
4	140723219	140727353	0
4	140727354	140742641	1
4	140742642	140745863	0
4	140745864	140774234	1
4	140774235	140785363	0
4	140785364	140810646	1
4	140810647	140812981	0
4	140812982	140845776	1
4	140845777	140906342	0
4	140906343	140952584	2
4	140952585	140961201	0
4	140961202	140979191	2
4	140979192	140986871	0
4	140986872	141007328	2
4	141007329	141010416	0
4	141010417	141015982	2
4	141015983	141016635	0
4	141016636	141060548	1
4	141060549	141066510	0
4	141066511	141078355	1
4	141078356	141088331	0
4	141088332	141112758	2
4	141112759	141112999	0
4	141113000	141139764	1
4	141139765	141147911	0
4	141147912	141204060	2
4	141204061	141213954	0
4	141213955	141220146	2
4	141220147	141239497	0
4	141239498	141257562	2
4	141257563	141301238	0
4	141301239	141329382	2
4	141329383	141368218	0
4	141368219	141384173	2
4	141384174	141384608	0
4	141384609	141398722	1
4	141398723	141404351	0
4	141404352	141416012	1
4	141416013	141420777	0
4	141420778	141425309	2
4	141425310	141432670	0
4	141432671	141436103	1
4	141436104	141444652	0
4	141444653	141467223	2
4	141467224	141467888	0
4	141467889	141538595	1
4	141538596	141576060	0
4	141576061	141606094	1
4	141606095	141614231	0
4	141614232	141618236	1
4	141618237	141618822	0
4	141618823	141623819	1
4	141623820	141625732	0
4	141625733	141664897	1
4	141664898	141677547	0
4	141677548	141723417	1
4	141723418	141746670	0
4	141746671	141759261	2
4	141759262	141760187	0
4	141760188	141790929	1
4	141790930	141793610	0
4	141793611	141814960	2
4	141814961	141815974	3
4	141815975	141826158	1
4	141826159	141838237	0
4	141838238	141846357	1
4	141846358	141858140	0
4	141858141	141874918	1
4	141874919	141890436	0
4	141890437	142015065	1
4	142015066	142030990	0
4	142030991	142084302	1
4	142084303	142102388	0
4	142102389	142239399	1
4	142239400	143107389	0
4	143107390	143212707	1
4	143212708	143267429	0
4	143267430	143299562	1
4	143299563	143349755	0
4	143349756	143371030	2
4	143371031	143394426	0
4	143394427	143400158	2
4	143400159	143412424	0
4	143412425	143421089	2
4	143421090	143437162	0
4	143437163	143450322	1
4	143450323	143511341	0
4	143511342	143517829	2
4	143517830	143535952	0
4	143535953	143542469	2
4	143542470	143551698	0
4	143551699	143573796	2
4	143573797	143615001	0
4	143615002	143618593	2
4	143618594	143653758	0
4	143653759	143657244	1
4	143657245	143696498	0
4	143696499	143702709	1
4	143702710	143719453	0
4	143719454	143729156	2
4	143729157	143789350	0
4	143789351	143795573	2
4	143795574	143809243	0
4	143809244	143816091	1
4	143816092	143846495	0
4	143846496	143853635	2
4	143853636	143894235	0
4	143894236	143900378	1
4	143900379	143948578	0
4	143948579	143951014	1
4	143951015	143964516	0
4	143964517	143966948	1
4	143966949	143991117	0
4	143991118	143994367	1
4	143994368	144059124	0
4	144059125	144069325	2
4	144069326	144106472	0
4	144106473	144110099	2
4	144110100	144157555	0
4	144157556	144162661	1
4	144162662	144190727	0
4	144190728	144196932	2
4	144196933	144206773	0
4	144206774	144213316	1
4	144213317	144270631	0
4	144270632	144280464	1
4	144280465	144330247	0
4	144330248	144333463	2
4	144333464	144357940	0
4	144357941	144364417	2
4	144364418	144372758	0
4	144372759	144377931	1
4	144377932	144391672	0
4	144391673	144408462	1
4	144408463	144418187	0
4	144418188	144438770	1
4	144438771	144453007	0
4	144453008	144453315	1
4	144453316	144453769	0
4	144453770	144463754	1
4	144463755	144519820	0
4	144519821	144529351	2
4	144529352	144554998	0
4	144554999	144565132	1
4	144565133	144613705	0
4	144613706	144623396	2
4	144623397	144669935	0
4	144669936	144686366	1
4	144686367	144703189	0
4	144703190	144721402	1
4	144721403	144777202	0
4	144777203	144786581	1
4	144786582	144892825	0
4	144892826	144928207	2
4	144928208	144972620	0
4	144972621	145195003	1
4	145195004	145213461	0
4	145213462	145246868	1
4	145246869	145267135	0
4	145267136	145315145	1
4	145315146	145510757	0
4	145510758	145539186	2
4	145539187	145585164	0
4	145585165	145625343	2
4	145625344	145670683	0
4	145670684	145704439	2
4	145704440	145868792	0
4	145868793	145899973	2
4	145899974	146097310	0
4	146097311	146126619	2
4	146126620	146156822	0
4	146156823	146198753	2
4	146198754	146449021	0
4	146449022	146470290	2
4	146470291	146502025	0
4	146502026	146539393	2
4	146539394	146610959	0
4	146610960	146658158	2
4	146658159	146892404	0
4	146892405	146909588	1
4	146909589	146971974	0
4	146971975	146990753	2
4	146990754	147021848	0
4	147021849	147060792	2
4	147060793	147132036	0
4	147132037	147180577	2
4	147180578	147305672	0
4	147305673	147333732	2
4	147333733	147361301	0
4	147361302	147391002	2
4	147391003	147492415	0
4	147492416	147513484	2
4	147513485	147540216	0
4	147540217	147543498	2
4	147543499	147553275	0
4	147553276	147585196	2
4	147585197	147611935	0
4	147611936	147642511	1
4	147642512	147673500	0
4	147673501	147702551	1
4	147702552	147753972	0
4	147753973	147809786	1
4	147809787	147822984	0
4	147822985	147848364	1
4	147848365	147860776	0
4	147860777	147868814	1
4	147868815	147868977	0
4	147868978	147870356	2
4	147870357	147873597	0
4	147873598	147904702	1
4	147904703	147909751	0
4	147909752	147936765	1
4	147936766	147940893	0
4	147940894	147947312	2
4	147947313	147985786	0
4	147985787	147987203	2
4	147987204	148000720	0
4	148000721	148002077	2
4	148002078	148004257	0
4	148004258	148038819	1
4	148038820	148039075	0
4	148039076	148059549	2
4	148059550	148077059	0
4	148077060	148088029	1
4	148088030	148098435	0
4	148098436	148130696	1
4	148130697	148130913	0
4	148130914	148145697	2
4	148145698	148145714	0
4	148145715	148152138	1
4	148152139	148152798	0
4	148152799	148160480	1
4	148160481	148160619	0
4	148160620	148166422	2
4	148166423	148240262	0
4	148240263	148287963	1
4	148287964	148434493	0
4	148434494	148444769	1
4	148444770	148448609	0
4	148448610	148495181	2
4	148495182	148500458	3
4	148500459	148557681	2
4	148557682	148558427	0
4	148558428	148582399	2
4	148582400	148591501	0
4	148591502	148594617	2
4	148594618	148602552	0
4	148602553	148612380	2
4	148612381	148615497	3
4	148615498	148627017	1
4	148627018	148643315	0
4	148643316	148671570	2
4	148671571	148804427	0
4	148804428	148954887	2
4	148954888	148960533	0
4	148960534	149099874	1
4	149099875	149104144	0
4	149104145	149120645	2
4	149120646	149125032	0
4	149125033	149126761	1
4	149126762	149128196	0
4	149128197	149137627	1
4	149137628	149149989	0
4	149149990	149166705	1
4	149166706	149176317	0
4	149176318	149307690	1
4	149307691	149328414	0
4	149328415	149426747	1
4	149426748	149449685	0
4	149449686	149454976	1
4	149454977	149467570	0
4	149467571	149477376	1
4	149477377	149483337	3
4	149483338	149485200	1
4	149485201	149485227	0
4	149485228	149496666	2
4	149496667	149518234	0
4	149518235	149566435	2
4	149566436	149586466	0
4	149586467	149648897	2
4	149648898	149649166	0
4	149649167	149702569	1
4	149702570	149715373	0
4	149715374	149738042	1
4	149738043	149744034	0
4	149744035	149774275	1
4	149774276	149896281	0
4	149896282	149955041	1
4	149955042	149979473	0
4	149979474	150009021	1
4	150009022	150087363	0
4	150087364	150105925	2
4	150105926	150119281	0
4	150119282	150144167	2
4	150144168	150148970	0
4	150148971	150168480	2
4	150168481	150187013	0
4	150187014	150201330	1
4	150201331	150236719	0
4	150236720	150248877	2
4	150248878	150281644	0
4	150281645	150621964	2
4	150621965	150628570	0
4	150628571	150652172	1
4	150652173	150853917	0
4	150853918	150868890	2
4	150868891	150897131	0
4	150897132	150914435	1
4	150914436	150914560	0
4	150914561	150917320	2
4	150917321	150934409	3
4	150934410	150997095	1
4	150997096	151001808	3
4	151001809	151089568	1
4	151089569	151091447	3
4	151091448	151861874	1
4	151861875	151933689	0
4	151933690	151982135	2
4	151982136	151982637	0
4	151982638	151988995	1
4	151988996	151989631	0
4	151989632	151996256	1
4	151996257	152008801	0
4	152008802	152017678	2
4	152017679	152019772	0
4	152019773	152027659	1
4	152027660	152027912	0
4	152027913	152038566	1
4	152038567	152039325	0
4	152039326	152061492	2
4	152061493	152072496	0
4	152072497	152115398	2
4	152115399	152115932	0
4	152115933	152120117	2
4	152120118	152120329	0
4	152120330	152152369	1
4	152152370	152158865	0
4	152158866	152162467	2
4	152162468	152178132	0
4	152178133	152271853	2
4	152271854	152274230	0
4	152274231	152285335	2
4	152285336	152285970	0
4	152285971	152291660	1
4	152291661	152297225	0
4	152297226	152307017	2
4	152307018	152307119	3
4	152307120	152318606	1
4	152318607	152325851	0
4	152325852	152334069	2
4	152334070	152338649	0
4	152338650	152390192	2
4	152390193	152390740	0
4	152390741	152477869	1
4	152477870	152478140	0
4	152478141	152563181	2
4	152563182	153373219	0
4	153373220	153482809	1
4	153482810	153957235	0
4	153957236	153961923	2
4	153961924	153964447	0
4	153964448	153975124	1
4	153975125	153975192	0
4	153975193	154008730	2
4	154008731	154011729	0
4	154011730	154020468	2
4	154020469	154021511	3
4	154021512	154026228	1
4	154026229	154026637	0
4	154026638	154042675	1
4	154042676	154056251	0
4	154056252	154140206	1
4	154140207	154142370	0
4	154142371	154156814	2
4	154156815	154157483	0
4	154157484	154160664	1
4	154160665	154170728	0
4	154170729	154275711	2
4	154275712	154278484	0
4	154278485	154301674	1
4	154301675	154316123	0
4	154316124	154336125	1
4	154336126	154349916	3
4	154349917	154636871	1
4	154636872	154666431	0
4	154666432	154667865	1
4	154667866	154837457	0
4	154837458	154867125	2
4	154867126	154869583	0
4	154869584	154895526	2
4	154895527	154896397	0
4	154896398	154899133	1
4	154899134	154921931	0
4	154921932	154928561	1
4	154928562	154960921	0
4	154960922	154962369	2
4	154962370	154964121	0
4	154964122	154980936	2
4	154980937	154983113	0
4	154983114	155056782	1
4	155056783	155067014	0
4	155067015	155072431	2
4	155072432	155074108	0
4	155074109	155086371	1
4	155086372	155086575	0
4	155086576	155145503	2
4	155145504	155154073	0
4	155154074	155222590	1
4	155222591	155249964	0
4	155249965	155256685	2
4	155256686	155260127	0
4	155260128	155361359	1
4	155361360	155384978	0
4	155384979	155398110	1
4	155398111	155409256	0
4	155409257	155466821	2
4	155466822	155469112	0
4	155469113	155470856	2
4	155470857	155491359	0
4	155491360	155559267	2
4	155559268	155562376	0
4	155562377	155590999	2
4	155591000	155601414	0
4	155601415	155614411	2
4	155614412	155623338	3
4	155623339	155624867	1
4	155624868	155645406	3
4	155645407	155649936	2
4	155649937	155650653	0
4	155650654	155653382	1
4	155653383	155654680	0
4	155654681	155669196	1
4	155669197	155694340	0
4	155694341	155696479	2
4	155696480	155704798	0
4	155704799	155733877	2
4	155733878	155734798	0
4	155734799	155740562	2
4	155740563	155740639	0
4	155740640	155761091	1
4	155761092	155768147	0
4	155768148	155774696	1
4	155774697	155781589	0
4	155781590	155785872	1
4	155785873	155790437	0
4	155790438	155799501	2
4	155799502	155803519	0
4	155803520	155808829	2
4	155808830	155812487	0
4	155812488	155824541	2
4	155824542	155831270	0
4	155831271	155833128	2
4	155833129	155839678	0
4	155839679	155844086	2
4	155844087	155847400	0
4	155847401	155859266	2
4	155859267	155859301	3
4	155859302	155863360	1
4	155863361	155864721	0
4	155864722	155869438	1
4	155869439	155869544	0
4	155869545	155888860	2
4	155888861	155889101	3
4	155889102	155891779	1
4	155891780	155891820	0
4	155891821	155907249	2
4	155907250	155943829	0
4	155943830	155959602	2
4	155959603	155962316	0
4	155962317	155966627	2
4	155966628	155989464	0
4	155989465	155992647	1
4	155992648	155992870	0
4	155992871	156013608	2
4	156013609	156013841	0
4	156013842	156016610	2
4	156016611	156026162	0
4	156026163	156028893	2
4	156028894	156034838	0
4	156034839	156059412	1
4	156059413	156109980	0
4	156109981	156127263	2
4	156127264	156130511	0
4	156130512	156133418	2
4	156133419	156165288	0
4	156165289	156197486	1
4	156197487	156199422	0
4	156199423	156200816	1
4	156200817	156203302	0
4	156203303	156205149	2
4	156205150	156215866	0
4	156215867	156221305	2
4	156221306	156221650	0
4	156221651	156234855	1
4	156234856	156236008	0
4	156236009	156246964	2
4	156246965	156247614	3
4	156247615	156255655	1
4	156255656	156349919	0
4	156349920	156354576	2
