<CHROM>	<START>	<END>	<TSB>
7	0	3154656	0
7	3154657	3169201	1
7	3169202	3218782	0
7	3218783	3249611	1
7	3249612	3289078	0
7	3289079	3300440	2
7	3300441	3303520	0
7	3303521	3331097	2
7	3331098	3332953	0
7	3332954	3368219	2
7	3368220	3390681	0
7	3390682	3415646	2
7	3415647	3424193	0
7	3424194	3435665	2
7	3435666	3486498	0
7	3486499	3502622	1
7	3502623	3609811	0
7	3609812	3616155	1
7	3616156	3617371	0
7	3617372	3620322	2
7	3620323	3620325	3
7	3620326	3629927	1
7	3629928	3629983	0
7	3629984	3642484	2
7	3642485	3645307	0
7	3645308	3660096	2
7	3660097	3661107	3
7	3661108	3677551	1
7	3677552	3677787	0
7	3677788	3692861	1
7	3692862	3693521	3
7	3693522	3701022	2
7	3701023	3703991	0
7	3703992	3706895	2
7	3706896	3711407	0
7	3711408	3720380	1
7	3720381	3816779	0
7	3816780	3825685	1
7	3825686	3836810	0
7	3836811	3845049	1
7	3845050	3884240	0
7	3884241	3898118	1
7	3898119	3908278	0
7	3908279	3915501	1
7	3915502	4003400	0
7	4003401	4063202	1
7	4063203	4119528	0
7	4119529	4136706	2
7	4136707	4137037	0
7	4137038	4147913	2
7	4147914	4148175	3
7	4148176	4150372	1
7	4150373	4151258	0
7	4151259	4164858	1
7	4164859	4237752	0
7	4237753	4243461	2
7	4243462	4337722	0
7	4337723	4345162	2
7	4345163	4363963	0
7	4363964	4397742	1
7	4397743	4425665	0
7	4425666	4445647	1
7	4445648	4460700	0
7	4460701	4480485	2
7	4480486	4481518	0
7	4481519	4501678	1
7	4501679	4504568	0
7	4504569	4516380	1
7	4516381	4518303	0
7	4518304	4532451	1
7	4532452	4539763	0
7	4539764	4547539	1
7	4547540	4548610	0
7	4548611	4604039	1
7	4604040	4628038	0
7	4628039	4631420	1
7	4631421	4631493	0
7	4631494	4659017	1
7	4659018	4660519	0
7	4660520	4685066	1
7	4685067	4690602	0
7	4690603	4706830	2
7	4706831	4715979	3
7	4715980	4715995	2
7	4715996	4725247	1
7	4725248	4740113	0
7	4740114	4747512	2
7	4747513	4751790	0
7	4751791	4753092	1
7	4753093	4753227	0
7	4753228	4771300	1
7	4771301	4772371	0
7	4772372	4782855	1
7	4782856	4782935	0
7	4782936	4784339	2
7	4784340	4784555	0
7	4784556	4789654	1
7	4789655	4792872	0
7	4792873	4795064	2
7	4795065	4808012	0
7	4808013	4812588	1
7	4812589	4825550	0
7	4825551	4844694	1
7	4844695	4844957	0
7	4844958	4870256	1
7	4870257	4877151	0
7	4877152	4896971	2
7	4896972	4898448	0
7	4898449	4906514	1
7	4906515	4915215	0
7	4915216	4922000	2
7	4922001	4922026	0
7	4922027	4925004	2
7	4925005	4925783	0
7	4925784	4940510	2
7	4940511	4944824	3
7	4944825	4964404	1
7	4964405	4965258	0
7	4965259	4971166	1
7	4971167	4992850	0
7	4992851	4996099	1
7	4996100	5007057	0
7	5007058	5014413	1
7	5014414	5014676	3
7	5014677	5014695	1
7	5014696	5034437	2
7	5034438	5036766	3
7	5036767	5060783	2
7	5060784	5062141	0
7	5062142	5079936	2
7	5079937	5080233	0
7	5080234	5098176	2
7	5098177	5109785	0
7	5109786	5116948	1
7	5116949	5124936	0
7	5124937	5125948	1
7	5125949	5146216	0
7	5146217	5147499	1
7	5147500	5194914	0
7	5194915	5196745	1
7	5196746	5218491	0
7	5218492	5221734	2
7	5221735	5298545	0
7	5298546	5350535	1
7	5350536	5351033	3
7	5351034	5360680	2
7	5360681	5401679	0
7	5401680	5413394	1
7	5413395	5453398	0
7	5453399	5454836	1
7	5454837	5477253	0
7	5477254	5493954	1
7	5493955	5544170	0
7	5544171	5545176	1
7	5545177	5610249	0
7	5610250	5612066	1
7	5612067	5674625	0
7	5674626	5676381	2
7	5676382	5802343	0
7	5802344	5805443	1
7	5805444	5883578	0
7	5883579	5884588	1
7	5884589	6007748	0
7	6007749	6011008	1
7	6011009	6045159	0
7	6045160	6105148	2
7	6105149	6131489	0
7	6131490	6155995	1
7	6155996	6172224	0
7	6172225	6193809	2
7	6193810	6197088	0
7	6197089	6216135	2
7	6216136	6222276	0
7	6222277	6239421	2
7	6239422	6252708	0
7	6252709	6281857	2
7	6281858	6286577	0
7	6286578	6307881	2
7	6307882	6315658	0
7	6315659	6331283	1
7	6331284	6343757	0
7	6343758	6355954	2
7	6355955	6363278	0
7	6363279	6382603	2
7	6382604	6383293	0
7	6383294	6396913	2
7	6396914	6398713	0
7	6398714	6432091	2
7	6432092	6438686	0
7	6438687	6442159	2
7	6442160	6456166	0
7	6456167	6466815	2
7	6466816	6467099	0
7	6467100	6478110	2
7	6478111	6478320	0
7	6478321	6486939	1
7	6486940	6487427	0
7	6487428	6499753	1
7	6499754	6499791	0
7	6499792	6508746	1
7	6508747	6513267	0
7	6513268	6522948	1
7	6522949	6564839	0
7	6564840	6571399	2
7	6571400	6671267	0
7	6671268	6696448	1
7	6696449	6703890	0
7	6703891	6730419	1
7	6730420	6730581	0
7	6730582	6967217	2
7	6967218	6995298	0
7	6995299	7003089	2
7	7003090	7114688	0
7	7114689	7121486	1
7	7121487	7127071	0
7	7127072	7136753	1
7	7136754	7171328	0
7	7171329	7183560	2
7	7183561	7202115	0
7	7202116	7209996	1
7	7209997	7213015	0
7	7213016	7278287	1
7	7278288	7282307	0
7	7282308	7299531	1
7	7299532	7310435	0
7	7310436	7337607	1
7	7337608	7378249	0
7	7378250	7399701	1
7	7399702	7462094	0
7	7462095	7480016	1
7	7480017	7550965	0
7	7550966	7566784	1
7	7566785	7670802	0
7	7670803	7689511	1
7	7689512	7786149	0
7	7786150	7819865	1
7	7819866	7875952	0
7	7875953	7902493	1
7	7902494	8136948	0
7	8136949	8161652	1
7	8161653	8182370	0
7	8182371	8200318	1
7	8200319	8244346	0
7	8244347	8260597	1
7	8260598	8366162	0
7	8366163	8383331	1
7	8383332	8469561	0
7	8469562	8489073	1
7	8489074	8906770	0
7	8906771	8931433	1
7	8931434	9013804	0
7	9013805	9030796	1
7	9030797	9073773	0
7	9073774	9097879	1
7	9097880	9205544	0
7	9205545	9223651	1
7	9223652	9754634	0
7	9754635	9770569	1
7	9770570	9816780	0
7	9816781	9841323	1
7	9841324	9927622	0
7	9927623	9953583	1
7	9953584	9976243	0
7	9976244	9992255	1
7	9992256	10035834	0
7	10035835	10053294	1
7	10053295	10087196	0
7	10087197	10105739	1
7	10105740	10153204	0
7	10153205	10176571	1
7	10176572	10272989	0
7	10272990	10278004	1
7	10278005	10443329	0
7	10443330	10449200	2
7	10449201	10487227	0
7	10487228	10495392	1
7	10495393	10527208	0
7	10527209	10528167	1
7	10528168	10578928	0
7	10578929	10613657	1
7	10613658	10631530	0
7	10631531	10636528	2
7	10636529	10687787	0
7	10687788	10730166	2
7	10730167	10744541	0
7	10744542	10754362	1
7	10754363	10900738	0
7	10900739	10905048	1
7	10905049	11005743	0
7	11005744	11010545	2
7	11010546	11065137	0
7	11065138	11069689	1
7	11069690	11161372	0
7	11161373	11166157	1
7	11166158	11306376	0
7	11306377	11310680	1
7	11310681	11397913	0
7	11397914	11402316	2
7	11402317	11514308	0
7	11514309	11519109	2
7	11519110	11609306	0
7	11609307	11614110	2
7	11614111	11664477	0
7	11664478	11680145	1
7	11680146	11730264	0
7	11730265	11762079	2
7	11762080	11833978	0
7	11833979	11853274	2
7	11853275	11874628	0
7	11874629	11884305	2
7	11884306	11923521	0
7	11923522	11938211	1
7	11938212	12036750	0
7	12036751	12049293	2
7	12049294	12150255	0
7	12150256	12159957	2
7	12159958	12171277	0
7	12171278	12181531	2
7	12181532	12189284	0
7	12189285	12203311	2
7	12203312	12247239	0
7	12247240	12268267	1
7	12268268	12300428	0
7	12300429	12308580	2
7	12308581	12319705	0
7	12319706	12329479	1
7	12329480	12360311	0
7	12360312	12369271	1
7	12369272	12415151	0
7	12415152	12422749	1
7	12422750	12478291	0
7	12478292	12496233	2
7	12496234	12512515	0
7	12512516	12556321	2
7	12556322	12562849	0
7	12562850	12608786	1
7	12608787	12613837	0
7	12613838	12640317	1
7	12640318	12651704	0
7	12651705	12685001	1
7	12685002	12688719	0
7	12688720	12735002	1
7	12735003	12768090	0
7	12768091	12803633	1
7	12803634	12804975	0
7	12804976	12818856	1
7	12818857	12834759	0
7	12834760	12850575	2
7	12850576	12881175	0
7	12881176	12893420	2
7	12893421	12897813	0
7	12897814	12909081	2
7	12909082	12922288	0
7	12922289	12926684	2
7	12926685	12927414	0
7	12927415	12931070	2
7	12931071	12965836	0
7	12965837	12973820	2
7	12973821	12977846	0
7	12977847	12985712	2
7	12985713	12988344	0
7	12988345	12998190	1
7	12998191	13003896	0
7	13003897	13010032	1
7	13010033	13024150	0
7	13024151	13031033	2
7	13031034	13032008	0
7	13032009	13034805	1
7	13034806	13035118	0
7	13035119	13038273	1
7	13038274	13042301	0
7	13042302	13054762	1
7	13054763	13084287	0
7	13084288	13087195	1
7	13087196	13097529	0
7	13097530	13119915	1
7	13119916	13130902	0
7	13130903	13140155	1
7	13140156	13177717	0
7	13177718	13178667	2
7	13178668	13213018	0
7	13213019	13220655	2
7	13220656	13258965	0
7	13258966	13277311	1
7	13277312	13278142	3
7	13278143	13278719	1
7	13278720	13311423	2
7	13311424	13324653	0
7	13324654	13360670	2
7	13360671	13398130	0
7	13398131	13408885	2
7	13408886	13450839	0
7	13450840	13473447	2
7	13473448	13554862	0
7	13554863	13571065	1
7	13571066	13623965	0
7	13623966	13670805	2
7	13670806	13733503	0
7	13733504	13779634	2
7	13779635	13796244	0
7	13796245	13837407	1
7	13837408	13909674	0
7	13909675	13989605	1
7	13989606	14067444	0
7	14067445	14123042	1
7	14123043	14222401	0
7	14222402	14254868	1
7	14254869	14331434	0
7	14331435	14333555	1
7	14333556	14410684	0
7	14410685	14446767	1
7	14446768	14465049	0
7	14465050	14494228	1
7	14494229	14555472	0
7	14555473	14563504	1
7	14563505	14659494	0
7	14659495	14665994	2
7	14665995	15388719	0
7	15388720	15479823	2
7	15479824	15556844	3
7	15556845	15639900	1
7	15639901	15750129	0
7	15750130	15759798	2
7	15759799	15833239	0
7	15833240	15839676	1
7	15839677	15865945	0
7	15865946	15879966	1
7	15879967	15882615	0
7	15882616	15904018	2
7	15904019	15917206	0
7	15917207	15922400	1
7	15922401	15936181	0
7	15936182	15946072	1
7	15946073	15946956	0
7	15946957	15967565	1
7	15967566	15970670	0
7	15970671	16047919	1
7	16047920	16061812	0
7	16061813	16096332	2
7	16096333	16098456	0
7	16098457	16117973	2
7	16117974	16119893	0
7	16119894	16127514	2
7	16127515	16129824	0
7	16129825	16161061	2
7	16161062	16175088	0
7	16175089	16186502	2
7	16186503	16197145	0
7	16197146	16222035	1
7	16222036	16234583	0
7	16234584	16244152	1
7	16244153	16246741	0
7	16246742	16259538	1
7	16259539	16272011	0
7	16272012	16273615	1
7	16273616	16274043	0
7	16274044	16286793	1
7	16286794	16308391	0
7	16308392	16318203	2
7	16318204	16320232	0
7	16320233	16387804	1
7	16387805	16401205	0
7	16401206	16437694	2
7	16437695	16452777	0
7	16452778	16455488	2
7	16455489	16455719	0
7	16455720	16476778	1
7	16476779	16493717	0
7	16493718	16614991	1
7	16614992	16671329	0
7	16671330	16675703	1
7	16675704	16721927	0
7	16721928	16726130	2
7	16726131	16738408	0
7	16738409	16749292	2
7	16749293	16781338	0
7	16781339	16798272	2
7	16798273	16809244	0
7	16809245	16815887	1
7	16815888	16816730	3
7	16816731	16840929	2
7	16840930	16842900	0
7	16842901	16870462	2
7	16870463	16875315	0
7	16875316	16887460	2
7	16887461	16891784	0
7	16891785	16895433	2
7	16895434	16906488	0
7	16906489	16910903	2
7	16910904	16915377	0
7	16915378	16924112	1
7	16924113	16944680	0
7	16944681	16948826	2
7	16948827	16959677	0
7	16959678	16964605	2
7	16964606	16983084	0
7	16983085	16988150	2
7	16988151	16992706	0
7	16992707	16997514	2
7	16997515	17004638	0
7	17004639	17027914	1
7	17027915	17031505	0
7	17031506	17062425	1
7	17062426	17074038	0
7	17074039	17133448	2
7	17133449	17150280	0
7	17150281	17164251	2
7	17164252	17203475	0
7	17203476	17215758	2
7	17215759	17713236	0
7	17713237	17761130	2
7	17761131	17812631	0
7	17812632	17815661	2
7	17815662	17972122	0
7	17972123	17978554	2
7	17978555	18009887	0
7	18009888	18019219	2
7	18019220	18065927	0
7	18065928	18077984	2
7	18077985	18176492	0
7	18176493	18181860	2
7	18181861	18245345	0
7	18245346	18266090	2
7	18266091	18345420	0
7	18345421	18355007	1
7	18355008	18422534	0
7	18422535	18432039	1
7	18432040	18474580	0
7	18474581	18484175	1
7	18484176	18519700	0
7	18519701	18532267	1
7	18532268	18556512	0
7	18556513	18567303	1
7	18567304	18606341	0
7	18606342	18616499	1
7	18616500	18646734	0
7	18646735	18656720	1
7	18656721	18674105	0
7	18674106	18686183	1
7	18686184	18718088	0
7	18718089	18727246	2
7	18727247	18789565	0
7	18789566	18798508	1
7	18798509	18813935	0
7	18813936	18821605	1
7	18821606	18839964	0
7	18839965	18863606	2
7	18863607	18884678	0
7	18884679	18890439	2
7	18890440	18890881	0
7	18890882	18910413	1
7	18910414	18925886	0
7	18925887	18965317	2
7	18965318	18987398	0
7	18987399	18988960	2
7	18988961	18991243	0
7	18991244	19001764	2
7	19001765	19004042	0
7	19004043	19006775	2
7	19006776	19013282	0
7	19013283	19023536	1
7	19023537	19024375	0
7	19024376	19054616	2
7	19054617	19054688	0
7	19054689	19074445	2
7	19074446	19076225	0
7	19076226	19082774	2
7	19082775	19083847	0
7	19083848	19093819	2
7	19093820	19094592	0
7	19094593	19098547	2
7	19098548	19099044	0
7	19099045	19118366	1
7	19118367	19119857	0
7	19119858	19139700	2
7	19139701	19140170	3
7	19140171	19149289	1
7	19149290	19149720	0
7	19149721	19153540	2
7	19153541	19156059	0
7	19156060	19166125	1
7	19166126	19176419	0
7	19176420	19206480	2
7	19206481	19212536	0
7	19212537	19224172	2
7	19224173	19228332	0
7	19228333	19256541	2
7	19256542	19256927	0
7	19256928	19271815	1
7	19271816	19276803	0
7	19276804	19280062	1
7	19280063	19282622	0
7	19282623	19296158	2
7	19296159	19302694	0
7	19302695	19310049	1
7	19310050	19344776	0
7	19344777	19356012	2
7	19356013	19356522	3
7	19356523	19359479	1
7	19359480	19359768	0
7	19359769	19378531	2
7	19378532	19382008	0
7	19382009	19394435	2
7	19394436	19395692	3
7	19395693	19404102	1
7	19404103	19411023	0
7	19411024	19422839	2
7	19422840	19424773	0
7	19424774	19458819	1
7	19458820	19463329	0
7	19463330	19496760	2
7	19496761	19504484	0
7	19504485	19508365	1
7	19508366	19508710	0
7	19508711	19516143	2
7	19516144	19517836	0
7	19517837	19525054	2
7	19525055	19530798	0
7	19530799	19563074	1
7	19563075	19564944	0
7	19564945	19577285	1
7	19577286	19577593	3
7	19577594	19580654	2
7	19580655	19581033	0
7	19581034	19604484	1
7	19604485	19606215	0
7	19606216	19629436	1
7	19629437	19631569	0
7	19631570	19665031	1
7	19665032	19671577	0
7	19671578	19681477	1
7	19681478	19689479	0
7	19689480	19692658	1
7	19692659	19696107	0
7	19696108	19699186	1
7	19699187	19701311	0
7	19701312	19715436	1
7	19715437	19716642	0
7	19716643	19749571	1
7	19749572	19756129	0
7	19756130	19771014	1
7	19771015	19779716	0
7	19779717	19796807	1
7	19796808	19808460	0
7	19808461	19822768	1
7	19822769	19852001	0
7	19852002	19852095	2
7	19852096	19858348	3
7	19858349	19861297	1
7	19861298	19875740	0
7	19875741	19887963	1
7	19887964	19903576	0
7	19903577	19921158	1
7	19921159	19937303	0
7	19937304	19950754	1
7	19950755	19965410	0
7	19965411	19991102	2
7	19991103	19991463	0
7	19991464	20073304	2
7	20073305	20101156	0
7	20101157	20102079	2
7	20102080	20121654	0
7	20121655	20122577	1
7	20122578	20138121	0
7	20138122	20139086	1
7	20139087	20167458	0
7	20167459	20168375	1
7	20168376	20193708	0
7	20193709	20194631	2
7	20194632	20204682	0
7	20204683	20205605	1
7	20205606	20232906	0
7	20232907	20233826	1
7	20233827	20260449	0
7	20260450	20262832	1
7	20262833	20333140	0
7	20333141	20334063	1
7	20334064	20374491	0
7	20374492	20375408	1
7	20375409	20417940	0
7	20417941	20418863	2
7	20418864	20441668	0
7	20441669	20442591	1
7	20442592	20473958	0
7	20473959	20474923	1
7	20474924	20509615	0
7	20509616	20510532	1
7	20510533	20533835	0
7	20533836	20534758	2
7	20534759	20544832	0
7	20544833	20545755	1
7	20545756	20575319	0
7	20575320	20576239	1
7	20576240	20593049	0
7	20593050	20599019	1
7	20599020	20668916	0
7	20668917	20669839	2
7	20669840	20702294	0
7	20702295	20703214	1
7	20703215	20724523	0
7	20724524	20730622	1
7	20730623	20771183	0
7	20771184	20772076	2
7	20772077	20787283	0
7	20787284	20788206	2
7	20788207	20811219	0
7	20811220	20812184	1
7	20812185	20844096	0
7	20844097	20844983	1
7	20844984	20872254	0
7	20872255	20873177	2
7	20873178	20883196	0
7	20883197	20884119	1
7	20884120	20911425	0
7	20911426	20912345	1
7	20912346	21011530	0
7	21011531	21012453	1
7	21012454	21052865	0
7	21052866	21053782	1
7	21053783	21097567	0
7	21097568	21098511	1
7	21098512	21133209	0
7	21133210	21134126	1
7	21134127	21162183	0
7	21162184	21163106	2
7	21163107	21184315	0
7	21184316	21190421	1
7	21190422	21259692	0
7	21259693	21260615	1
7	21260616	21272177	0
7	21272178	21273100	2
7	21273101	21300500	0
7	21300501	21301465	1
7	21301466	21318942	0
7	21318943	21319859	1
7	21319860	21349371	0
7	21349372	21350294	2
7	21350295	21360366	0
7	21360367	21361289	1
7	21361290	21425856	0
7	21425857	21432743	1
7	21432744	21511778	0
7	21511779	21512701	2
7	21512702	21545168	0
7	21545169	21546088	1
7	21546089	21614090	0
7	21614091	21614983	2
7	21614984	21760529	0
7	21760530	21761473	1
7	21761474	21795809	0
7	21795810	21796726	1
7	21796727	21832349	0
7	21832350	21833272	2
7	21833273	21843342	0
7	21843343	21844265	1
7	21844266	21908663	0
7	21908664	21921289	1
7	21921290	21994585	0
7	21994586	21995508	2
7	21995509	22027975	0
7	22027976	22028895	1
7	22028896	22050203	0
7	22050204	22056303	1
7	22056304	22069055	0
7	22069056	22097905	2
7	22097906	22117320	0
7	22117321	22118243	1
7	22118244	22133774	0
7	22133775	22134739	1
7	22134740	22163116	0
7	22163117	22164033	1
7	22164034	22189375	0
7	22189376	22190298	2
7	22190299	22200339	0
7	22200340	22201262	1
7	22201263	22228562	0
7	22228563	22229482	1
7	22229483	22328792	0
7	22328793	22329715	1
7	22329716	22370120	0
7	22370121	22371037	1
7	22371038	22413581	0
7	22413582	22414504	2
7	22414505	22437304	0
7	22437305	22438227	1
7	22438228	22463108	0
7	22463109	22464073	1
7	22464074	22498759	0
7	22498760	22499676	1
7	22499677	22522965	0
7	22522966	22523888	2
7	22523889	22533962	0
7	22533963	22534885	1
7	22534886	22564421	0
7	22564422	22565341	1
7	22565342	22582156	0
7	22582157	22588125	1
7	22588126	22658016	0
7	22658017	22658939	2
7	22658940	22691395	0
7	22691396	22692315	1
7	22692316	22713609	0
7	22713610	22719708	1
7	22719709	22761695	0
7	22761696	22762588	2
7	22762589	22789857	0
7	22789858	22790780	1
7	22790781	22842686	0
7	22842687	22843603	1
7	22843604	22871222	0
7	22871223	22872145	2
7	22872146	22983712	0
7	22983713	22984671	1
7	22984672	23019004	0
7	23019005	23019921	1
7	23019922	23055538	0
7	23055539	23056461	2
7	23056462	23066531	0
7	23066532	23067454	1
7	23067455	23131852	0
7	23131853	23144478	1
7	23144479	23217330	0
7	23217331	23218253	2
7	23218254	23250760	0
7	23250761	23251680	1
7	23251681	23272799	0
7	23272800	23278898	1
7	23278899	23301190	0
7	23301191	23362275	2
7	23362276	23385887	0
7	23385888	23441920	2
7	23441921	23503644	0
7	23503645	23507204	1
7	23507205	23540718	0
7	23540719	23541647	2
7	23541648	23575524	0
7	23575525	23578847	2
7	23578848	23606173	0
7	23606174	23607087	2
7	23607088	23630720	0
7	23630721	23634368	2
7	23634369	23658314	0
7	23658315	23668445	2
7	23668446	23700701	0
7	23700702	23711007	2
7	23711008	23752268	0
7	23752269	23762401	2
7	23762402	23807180	0
7	23807181	23810641	1
7	23810642	23833838	0
7	23833839	23837370	1
7	23837371	23865518	0
7	23865519	23866447	1
7	23866448	23892007	0
7	23892008	23895620	2
7	23895621	23928384	0
7	23928385	23929355	2
7	23929356	23950630	0
7	23950631	23955689	2
7	23955690	23974613	0
7	23974614	23988137	2
7	23988138	24003089	0
7	24003090	24004245	2
7	24004246	24054772	0
7	24054773	24055689	2
7	24055690	24081922	0
7	24081923	24107711	2
7	24107712	24112312	0
7	24112313	24127950	2
7	24127951	24134194	0
7	24134195	24143239	2
7	24143240	24175058	0
7	24175059	24183186	2
7	24183187	24193945	0
7	24193946	24211441	1
7	24211442	24227570	0
7	24227571	24237558	1
7	24237559	24254792	0
7	24254793	24262443	2
7	24262444	24270418	0
7	24270419	24277792	2
7	24277793	24291037	0
7	24291038	24299673	1
7	24299674	24301702	0
7	24301703	24316664	1
7	24316665	24333080	0
7	24333081	24333934	1
7	24333935	24349194	0
7	24349195	24355107	2
7	24355108	24370261	0
7	24370262	24385203	2
7	24385204	24399617	0
7	24399618	24422776	2
7	24422777	24431920	0
7	24431921	24452169	1
7	24452170	24462482	0
7	24462483	24475965	2
7	24475966	24482021	0
7	24482022	24504537	2
7	24504538	24507004	0
7	24507005	24515680	2
7	24515681	24530687	0
7	24530688	24538598	2
7	24538599	24541656	0
7	24541657	24546116	1
7	24546117	24546287	0
7	24546288	24573436	2
7	24573437	24583836	0
7	24583837	24587541	1
7	24587542	24587639	3
7	24587640	24608923	2
7	24608924	24610761	0
7	24610762	24629295	2
7	24629296	24636548	0
7	24636549	24641116	2
7	24641117	24668005	0
7	24668006	24676673	1
7	24676674	24709240	0
7	24709241	24714533	2
7	24714534	24715021	0
7	24715022	24726906	1
7	24726907	24743981	0
7	24743982	24760309	1
7	24760310	24777204	0
7	24777205	24784654	2
7	24784655	24862211	0
7	24862212	24862695	2
7	24862696	24864618	0
7	24864619	24869939	1
7	24869940	24870055	0
7	24870056	24877649	2
7	24877650	24884369	0
7	24884370	24889804	2
7	24889805	24897379	0
7	24897380	24902195	2
7	24902196	24902910	0
7	24902911	24926592	2
7	24926593	24927443	0
7	24927444	24944492	1
7	24944493	24969750	0
7	24969751	24972752	1
7	24972753	24978165	0
7	24978166	25005956	1
7	25005957	25009847	0
7	25009848	25072290	1
7	25072291	25077203	0
7	25077204	25083490	2
7	25083491	25087342	0
7	25087343	25132510	1
7	25132511	25202838	0
7	25202839	25220613	1
7	25220614	25221423	0
7	25221424	25227505	2
7	25227506	25228256	0
7	25228257	25237849	1
7	25237850	25242559	0
7	25242560	25250759	1
7	25250760	25267702	0
7	25267703	25294157	2
7	25294158	25295047	0
7	25295048	25297984	1
7	25297985	25301409	0
7	25301410	25304130	2
7	25304131	25306106	0
7	25306107	25316193	2
7	25316194	25317162	0
7	25317163	25365915	2
7	25365916	25367618	0
7	25367619	25369722	1
7	25369723	25379525	0
7	25379526	25398708	1
7	25398709	25400051	0
7	25400052	25412884	1
7	25412885	25461705	0
7	25461706	25477601	1
7	25477602	25516040	0
7	25516041	25539855	1
7	25539856	25614618	0
7	25614619	25615890	1
7	25615891	25619412	0
7	25619413	25625549	2
7	25625550	25626652	0
7	25626653	25629490	2
7	25629491	25629944	0
7	25629945	25658979	1
7	25658980	25659162	0
7	25659163	25669137	2
7	25669138	25671366	3
7	25671367	25675164	1
7	25675165	25680778	0
7	25680779	25686556	2
7	25686557	25687000	0
7	25687001	25705075	2
7	25705076	25711104	0
7	25711105	25719086	1
7	25719087	25721163	0
7	25721164	25754755	1
7	25754756	25757271	0
7	25757272	25788703	1
7	25788704	25802473	0
7	25802474	25816911	1
7	25816912	25897618	0
7	25897619	25926622	2
7	25926623	26061495	0
7	26061496	26096195	2
7	26096196	26173409	0
7	26173410	26210659	2
7	26210660	26260332	0
7	26260333	26270617	2
7	26270618	26307167	0
7	26307168	26315086	2
7	26315087	26322471	0
7	26322472	26394241	1
7	26394242	26435111	0
7	26435112	26476140	2
7	26476141	26535021	0
7	26535022	26575613	2
7	26575614	26607634	0
7	26607635	26618462	1
7	26618463	26665225	0
7	26665226	26686435	1
7	26686436	26757140	0
7	26757141	26772628	2
7	26772629	26808890	0
7	26808891	26821203	2
7	26821204	26835303	0
7	26835304	26843546	2
7	26843547	26932053	0
7	26932054	26939378	1
7	26939379	27029088	0
7	27029089	27036830	2
7	27036831	27119907	0
7	27119908	27133658	2
7	27133659	27153712	0
7	27153713	27158656	2
7	27158657	27158666	3
7	27158667	27166800	1
7	27166801	27168422	0
7	27168423	27178894	1
7	27178895	27179740	0
7	27179741	27181155	1
7	27181156	27187005	0
7	27187006	27195779	1
7	27195780	27196243	3
7	27196244	27196269	1
7	27196270	27207170	2
7	27207171	27210184	3
7	27210185	27228626	1
7	27228627	27233021	0
7	27233022	27257948	2
7	27257949	27258723	0
7	27258724	27282139	2
7	27282140	27305134	0
7	27305135	27337690	1
7	27337691	27342131	0
7	27342132	27356017	1
7	27356018	27356381	0
7	27356382	27447684	1
7	27447685	27447976	0
7	27447977	27466142	2
7	27466143	27473766	0
7	27473767	27477362	2
7	27477363	27486908	0
7	27486909	27490314	2
7	27490315	27499322	0
7	27499323	27520212	2
7	27520213	27523265	0
7	27523266	27531173	2
7	27531174	27531998	0
7	27531999	27553216	1
7	27553217	27553231	0
7	27553232	27582097	2
7	27582098	27591550	0
7	27591551	27640824	2
7	27640825	27653913	0
7	27653914	27656373	2
7	27656374	27657344	3
7	27657345	27674596	1
7	27674597	27689338	0
7	27689339	27706482	2
7	27706483	27731387	0
7	27731388	27753700	2
7	27753701	27807194	0
7	27807195	27822914	2
7	27822915	27838605	0
7	27838606	27856436	2
7	27856437	27857525	0
7	27857526	27880823	2
7	27880824	27907390	0
7	27907391	27929428	1
7	27929429	27959133	0
7	27959134	27979145	1
7	27979146	27984852	0
7	27984853	28014113	1
7	28014114	28041705	0
7	28041706	28050099	1
7	28050100	28071234	0
7	28071235	28120860	2
7	28120861	28129464	0
7	28129465	28164809	2
7	28164810	28169708	0
7	28169709	28179267	2
7	28179268	28179467	0
7	28179468	28187292	2
7	28187293	28267879	0
7	28267880	28269270	2
7	28269271	28277737	0
7	28277738	28279487	2
7	28279488	28284650	0
7	28284651	28291184	1
7	28291185	28293551	0
7	28293552	28302236	1
7	28302237	28305514	0
7	28305515	28312070	1
7	28312071	28314892	0
7	28314893	28338717	1
7	28338718	28350650	0
7	28350651	28353153	2
7	28353154	28359602	0
7	28359603	28372597	1
7	28372598	28376782	0
7	28376783	28380251	1
7	28380252	28386144	0
7	28386145	28392706	1
7	28392707	28392949	0
7	28392950	28399386	2
7	28399387	28399520	0
7	28399521	28437445	1
7	28437446	28446544	3
7	28446545	28451978	1
7	28451979	28459283	3
7	28459284	28522834	1
7	28522835	28524320	3
7	28524321	28540883	1
7	28540884	28542207	3
7	28542208	28598183	1
7	28598184	28607632	0
7	28607633	28631330	1
7	28631331	28692847	0
7	28692848	28699336	2
7	28699337	28716802	0
7	28716803	28738142	2
7	28738143	28739639	0
7	28739640	28741818	1
7	28741819	28742000	0
7	28742001	28753869	2
7	28753870	28756172	0
7	28756173	28758249	2
7	28758250	28758966	3
7	28758967	28766733	1
7	28766734	28767510	3
7	28767511	28788659	2
7	28788660	28788967	0
7	28788968	28798961	2
7	28798962	28808539	0
7	28808540	28822264	2
7	28822265	28825215	0
7	28825216	28832245	2
7	28832246	28833852	0
7	28833853	28841706	2
7	28841707	28863851	0
7	28863852	28866282	2
7	28866283	28881420	0
7	28881421	28893246	2
7	28893247	28893561	3
7	28893562	28962338	1
7	28962339	28971370	0
7	28971371	28981862	1
7	28981863	28982048	0
7	28982049	29003276	2
7	29003277	29003342	0
7	29003343	29125149	1
7	29125150	29134849	0
7	29134850	29152508	2
7	29152509	29152540	3
7	29152541	29152552	2
7	29152553	29153937	3
7	29153938	29153959	2
7	29153960	29156232	1
7	29156233	29158827	0
7	29158828	29168645	1
7	29168646	29170208	0
7	29170209	29173943	2
7	29173944	29174186	0
7	29174187	29180699	1
7	29180700	29181530	0
7	29181531	29214031	1
7	29214032	29221924	0
7	29221925	29232513	1
7	29232514	29238327	0
7	29238328	29246559	2
7	29246560	29247527	3
7	29247528	29247595	2
7	29247596	29248464	1
7	29248465	29256339	0
7	29256340	29281910	1
7	29281911	29289306	0
7	29289307	29293799	2
7	29293800	29303949	0
7	29303950	29317586	2
7	29317587	29320370	0
7	29320371	29518610	1
7	29518611	29697217	0
7	29697218	29727013	1
7	29727014	29768550	0
7	29768551	29779819	2
7	29779820	29783996	0
7	29783997	29794700	2
7	29794701	29816112	0
7	29816113	29831003	2
7	29831004	29833618	0
7	29833619	29853667	1
7	29853668	29859977	0
7	29859978	29876825	2
7	29876826	29893331	0
7	29893332	29906570	1
7	29906571	29908515	0
7	29908516	29916805	2
7	29916806	29930813	0
7	29930814	29954085	1
7	29954086	29983953	0
7	29983954	30028280	2
7	30028281	30036357	0
7	30036358	30051378	1
7	30051379	30056035	0
7	30056036	30072898	1
7	30072899	30077335	0
7	30077336	30090525	1
7	30090526	30094792	0
7	30094793	30107620	2
7	30107621	30121940	0
7	30121941	30134948	2
7	30134949	30161267	0
7	30161268	30169725	1
7	30169726	30169920	0
7	30169921	30180207	2
7	30180208	30184142	0
7	30184143	30186076	2
7	30186077	30186940	0
7	30186941	30198809	1
7	30198810	30224129	0
7	30224130	30231946	1
7	30231947	30232270	3
7	30232271	30233388	2
7	30233389	30233437	0
7	30233438	30235723	1
7	30235724	30240136	0
7	30240137	30280092	1
7	30280093	30280417	3
7	30280418	30290235	2
7	30290236	30291727	0
7	30291728	30308365	2
7	30308366	30308715	0
7	30308716	30314302	2
7	30314303	30314814	0
7	30314815	30319044	2
7	30319045	30321404	0
7	30321405	30321738	1
7	30321739	30323470	3
7	30323471	30323893	1
7	30323894	30355487	0
7	30355488	30362770	1
7	30362771	30413758	0
7	30413759	30417580	2
7	30417581	30417710	0
7	30417711	30419852	1
7	30419853	30421730	0
7	30421731	30428744	2
7	30428745	30434980	0
7	30434981	30445533	1
7	30445534	30447534	0
7	30447535	30457513	1
7	30457514	30458313	0
7	30458314	30487221	2
7	30487222	30493620	0
7	30493621	30513400	2
7	30513401	30522224	0
7	30522225	30535058	1
7	30535059	30539132	0
7	30539133	30552290	1
7	30552291	30553266	0
7	30553267	30555439	2
7	30555440	30555441	3
7	30555442	30559836	1
7	30559837	30561861	0
7	30561862	30563299	1
7	30563300	30563625	3
7	30563626	30565363	2
7	30565364	30565425	0
7	30565426	30567960	2
7	30567961	30568856	0
7	30568857	30588724	1
7	30588725	30589679	0
7	30589680	30598867	1
7	30598868	30603090	0
7	30603091	30612845	1
7	30612846	30616859	0
7	30616860	30626149	1
7	30626150	30633614	0
7	30633615	30635850	1
7	30635851	30640997	0
7	30640998	30650315	1
7	30650316	30653714	0
7	30653715	30664992	1
7	30664993	30670720	0
7	30670721	30671603	1
7	30671604	30699781	0
7	30699782	30700378	2
7	30700379	30712207	0
7	30712208	30725532	2
7	30725533	30727699	0
7	30727700	30729538	1
7	30729539	30729778	0
7	30729779	30743679	1
7	30743680	30751469	0
7	30751470	30756132	2
7	30756133	30763754	0
7	30763755	30781061	2
7	30781062	30787903	0
7	30787904	30791095	2
7	30791096	30818346	0
7	30818347	30823773	1
7	30823774	30854328	0
7	30854329	30856176	1
7	30856177	30857388	0
7	30857389	30861562	1
7	30861563	30865400	0
7	30865401	30880332	1
7	30880333	30899174	0
7	30899175	30914863	1
7	30914864	30922370	0
7	30922371	30924679	1
7	30924680	30942366	0
7	30942367	30944030	1
7	30944031	30945246	0
7	30945247	30956801	1
7	30956802	30957768	0
7	30957769	30973462	1
7	30973463	30973802	0
7	30973803	30989724	2
7	30989725	31032720	0
7	31032721	31042479	1
7	31042480	31042511	0
7	31042512	31051465	1
7	31051466	31051676	0
7	31051677	31055706	1
7	31055707	31059340	0
7	31059341	31068170	2
7	31068171	31070933	3
7	31070934	31076702	1
7	31076703	31098723	0
7	31098724	31115288	1
7	31115289	31116522	0
7	31116523	31127001	1
7	31127002	31130125	0
7	31130126	31155894	1
7	31155895	31290506	0
7	31290507	31290517	2
7	31290518	31291819	3
7	31291820	31304975	2
7	31304976	31359036	0
7	31359037	31362070	1
7	31362071	31375590	0
7	31375591	31376914	2
7	31376915	31703777	0
7	31703778	31705755	1
7	31705756	31712663	0
7	31712664	31713976	2
7	31713977	32100851	0
7	32100852	32102167	2
7	32102168	32209171	0
7	32209172	32211143	1
7	32211144	32222838	0
7	32222839	32224154	2
7	32224155	32325284	0
7	32325285	32327243	1
7	32327244	32334180	0
7	32334181	32335499	2
7	32335500	32441539	0
7	32441540	32442720	2
7	32442721	32827681	0
7	32827682	32829660	1
7	32829661	32836552	0
7	32836553	32837868	2
7	32837869	33054580	0
7	33054581	33056559	1
7	33056560	33063447	0
7	33063448	33064763	2
7	33064764	33171890	0
7	33171891	33173862	1
7	33173863	33185566	0
7	33185567	33186866	2
7	33186867	33278368	0
7	33278369	33280336	1
7	33280337	33287289	0
7	33287290	33288609	2
7	33288610	33364341	0
7	33364342	33366320	1
7	33366321	33373232	0
7	33373233	33374557	2
7	33374558	33518479	0
7	33518480	33520456	1
7	33520457	33737188	0
7	33737189	33739310	1
7	33739311	33743797	0
7	33743798	33744980	2
7	33744981	33943000	0
7	33943001	33945038	1
7	33945039	34011919	0
7	34011920	34013874	1
7	34013875	34021481	0
7	34021482	34022879	2
7	34022880	34095429	0
7	34095430	34100835	2
7	34100836	34109541	0
7	34109542	34133266	1
7	34133267	34140686	0
7	34140687	34169597	1
7	34169598	34184497	0
7	34184498	34196659	1
7	34196660	34201328	0
7	34201329	34230334	1
7	34230335	34236705	0
7	34236706	34251036	1
7	34251037	34251491	3
7	34251492	34313549	1
7	34313550	34344644	0
7	34344645	34389685	1
7	34389686	34639012	0
7	34639013	34655507	1
7	34655508	34674466	0
7	34674467	34812684	1
7	34812685	34912377	0
7	34912378	35044706	2
7	35044707	35046420	0
7	35046421	35056571	1
7	35056572	35119291	0
7	35119292	35121926	2
7	35121927	35186383	0
7	35186384	35200876	2
7	35200877	35201112	3
7	35201113	35215496	1
7	35215497	35276534	0
7	35276535	35318438	1
7	35318439	35334168	0
7	35334169	35392150	2
7	35392151	35392287	3
7	35392288	35396834	1
7	35396835	35397053	0
7	35397054	35438687	2
7	35438688	35448794	0
7	35448795	35466034	2
7	35466035	35469096	0
7	35469097	35537743	1
7	35537744	35547183	0
7	35547184	35556302	1
7	35556303	35578991	0
7	35578992	35585580	1
7	35585581	35586242	0
7	35586243	35639224	2
7	35639225	35641980	0
7	35641981	35647519	1
7	35647520	35685163	0
7	35685164	35754452	1
7	35754453	35772341	0
7	35772342	35802987	1
7	35802988	36698116	0
7	36698117	36773551	2
7	36773552	37472133	0
7	37472134	37773639	1
7	37773640	37959990	0
7	37959991	38023549	1
7	38023550	38097982	0
7	38097983	38107532	1
7	38107533	38183215	0
7	38183216	38197566	2
7	38197567	38216970	0
7	38216971	38228014	1
7	38228015	38261994	0
7	38261995	38271421	1
7	38271422	38518137	0
7	38518138	38528191	1
7	38528192	39407292	0
7	39407293	39413158	1
7	39413159	39517764	0
7	39517765	39540418	2
7	39540419	40898326	0
7	40898327	40930592	2
7	40930593	40987541	0
7	40987542	40995433	2
7	40995434	41032717	0
7	41032718	41045300	2
7	41045301	41153839	0
7	41153840	41290181	2
7	41290182	41372921	0
7	41372922	41393377	1
7	41393378	41395943	0
7	41395944	41448694	1
7	41448695	41478872	0
7	41478873	41499888	1
7	41499889	41545672	0
7	41545673	41573660	1
7	41573661	41599259	0
7	41599260	41628531	2
7	41628532	41633201	0
7	41633202	41651528	2
7	41651529	41835812	0
7	41835813	41872710	1
7	41872711	42011282	0
7	42011283	42059021	1
7	42059022	42107768	0
7	42107769	42196206	2
7	42196207	42260051	0
7	42260052	42300753	2
7	42300754	42445460	0
7	42445461	42448118	1
7	42448119	42473384	0
7	42473385	42505738	1
7	42505739	42578464	0
7	42578465	42578586	1
7	42578587	42579781	0
7	42579782	42592545	1
7	42592546	42612502	0
7	42612503	42642545	1
7	42642546	42660103	0
7	42660104	42692716	1
7	42692717	42705467	0
7	42705468	42727015	1
7	42727016	42764053	0
7	42764054	42793523	1
7	42793524	42816827	0
7	42816828	42867232	1
7	42867233	42896709	0
7	42896710	42933820	1
7	42933821	43018796	0
7	43018797	43048104	2
7	43048105	43114227	0
7	43114228	43192107	2
7	43192108	43296195	0
7	43296196	43313253	1
7	43313254	43351339	0
7	43351340	43359529	2
7	43359530	43408202	0
7	43408203	43418356	2
7	43418357	43430086	0
7	43430087	43435994	2
7	43435995	43437071	0
7	43437072	43438247	2
7	43438248	43440780	0
7	43440781	43443332	2
7	43443333	43444081	0
7	43444082	43457798	2
7	43457799	43463149	0
7	43463150	43472017	2
7	43472018	43472902	0
7	43472903	43490073	1
7	43490074	43492042	0
7	43492043	43505938	1
7	43505939	43524214	0
7	43524215	43544426	1
7	43544427	43562254	0
7	43562255	43575459	2
7	43575460	43579608	0
7	43579609	43593233	2
7	43593234	43607167	0
7	43607168	43618283	2
7	43618284	43634705	0
7	43634706	43649293	2
7	43649294	43651068	0
7	43651069	43660159	1
7	43660160	43672014	0
7	43672015	43678296	2
7	43678297	43690416	0
7	43690417	43695534	2
7	43695535	43712565	0
7	43712566	43727532	2
7	43727533	43768895	0
7	43768896	43773583	2
7	43773584	43774602	0
7	43774603	43779261	2
7	43779262	43781033	0
7	43781034	43785408	2
7	43785409	43791889	0
7	43791890	43796755	2
7	43796756	43797575	0
7	43797576	43803820	2
7	43803821	43811292	0
7	43811293	43816357	2
7	43816358	43824497	0
7	43824498	43832028	2
7	43832029	43841969	0
7	43841970	43851179	2
7	43851180	43881158	0
7	43881159	43885802	2
7	43885803	43933738	0
7	43933739	43939637	2
7	43939638	43950662	0
7	43950663	43954939	2
7	43954940	43966749	0
7	43966750	43971316	2
7	43971317	43976059	0
7	43976060	43980374	2
7	43980375	43995875	0
7	43995876	43999873	2
7	43999874	44012166	0
7	44012167	44016966	2
7	44016967	44052288	0
7	44052289	44056710	2
7	44056711	44102326	0
7	44102327	44106581	2
7	44106582	44112671	0
7	44112672	44116920	2
7	44116921	44136765	0
7	44136766	44141608	2
7	44141609	44188234	0
7	44188235	44192453	2
7	44192454	44198189	0
7	44198190	44202350	2
7	44202351	44207433	0
7	44207434	44211752	2
7	44211753	44215943	0
7	44215944	44220701	2
7	44220702	44225358	0
7	44225359	44229616	2
7	44229617	44229928	0
7	44229929	44236120	1
7	44236121	44236175	0
7	44236176	44243189	2
7	44243190	44246720	0
7	44246721	44252146	2
7	44252147	44252317	3
7	44252318	44257376	1
7	44257377	44261445	0
7	44261446	44261889	2
7	44261890	44302685	0
7	44302686	44306900	1
7	44306901	44310251	0
7	44310252	44360041	2
7	44360042	44360570	3
7	44360571	44375028	1
7	44375029	44384100	0
7	44384101	44400185	2
7	44400186	44429016	0
7	44429017	44463349	2
7	44463350	44465389	0
7	44465390	44467756	2
7	44467757	44467978	0
7	44467979	44471660	2
7	44471661	44489935	0
7	44489936	44496527	1
7	44496528	44496579	0
7	44496580	44501138	2
7	44501139	44501697	0
7	44501698	44524654	1
7	44524655	44525991	0
7	44525992	44532069	1
7	44532070	44532744	0
7	44532745	44548845	1
7	44548846	44549614	0
7	44549615	44553947	1
7	44553948	44572378	0
7	44572379	44586860	2
7	44586861	44590662	0
7	44590663	44604752	2
7	44604753	44605801	0
7	44605802	44670841	1
7	44670842	44708740	0
7	44708741	44719841	2
7	44719842	44731478	0
7	44731479	44748411	1
7	44748412	44748615	3
7	44748616	44748644	1
7	44748645	44751048	3
7	44751049	44777513	2
7	44777514	44812254	0
7	44812255	44816086	1
7	44816087	44816656	3
7	44816657	44834621	2
7	44834622	44840802	3
7	44840803	44848989	1
7	44848990	44849073	3
7	44849074	44855419	2
7	44855420	44857137	0
7	44857138	44862990	2
7	44862991	44863066	0
7	44863067	44869786	1
7	44869787	44876763	0
7	44876764	44892710	1
7	44892711	44896077	0
7	44896078	44900371	2
7	44900372	44900622	3
7	44900623	44929494	1
7	44929495	44943202	0
7	44943203	44958033	2
7	44958034	44959370	0
7	44959371	44974849	1
7	44974850	44975987	0
7	44975988	44986566	1
7	44986567	44991220	0
7	44991221	44997577	1
7	44997578	44997646	0
7	44997647	45002846	2
7	45002847	45002946	0
7	45002947	45016361	1
7	45016362	45017959	0
7	45017960	45021645	2
7	45021646	45027561	0
7	45027562	45052879	1
7	45052880	45053582	0
7	45053583	45062427	1
7	45062428	45062675	3
7	45062676	45078208	2
7	45078209	45082911	0
7	45082912	45092219	1
7	45092220	45092988	0
7	45092989	45103849	1
7	45103850	45122377	0
7	45122378	45124437	1
7	45124438	45125556	0
7	45125557	45136430	1
7	45136431	45140903	0
7	45140904	45154301	1
7	45154302	45154571	3
7	45154572	45154582	1
7	45154583	45160063	2
7	45160064	45163947	0
7	45163948	45176140	2
7	45176141	45176347	0
7	45176348	45179567	1
7	45179568	45180993	0
7	45180994	45181836	2
7	45181837	45183622	0
7	45183623	45204890	1
7	45204891	45207517	0
7	45207518	45212121	1
7	45212122	45215751	0
7	45215752	45233630	2
7	45233631	45233642	3
7	45233643	45239113	1
7	45239114	45241083	0
7	45241084	45273365	2
7	45273366	45277511	0
7	45277512	45288992	2
7	45288993	45303153	0
7	45303154	45333767	1
7	45333768	45335288	0
7	45335289	45338972	2
7	45338973	45339124	0
7	45339125	45366799	1
7	45366800	45367889	0
7	45367890	45370581	1
7	45370582	45376451	0
7	45376452	45395740	1
7	45395741	45405651	0
7	45405652	45409761	2
7	45409762	45413693	0
7	45413694	45417177	2
7	45417178	45420818	0
7	45420819	45421758	2
7	45421759	45421895	3
7	45421896	45434842	1
7	45434843	45438094	3
7	45438095	45456617	2
7	45456618	45457942	0
7	45457943	45459882	1
7	45459883	45461695	0
7	45461696	45486260	1
7	45486261	45486809	3
7	45486810	45488803	1
7	45488804	45490456	2
7	45490457	45510404	3
7	45510405	45522914	2
7	45522915	45522925	3
7	45522926	45523630	2
7	45523631	45526266	1
7	45526267	45526328	0
7	45526329	45554227	2
7	45554228	45554891	0
7	45554892	45567750	2
7	45567751	45570151	0
7	45570152	45589709	2
7	45589710	45613884	0
7	45613885	45615488	1
7	45615489	45617287	0
7	45617288	45621057	2
7	45621058	45621809	0
7	45621810	45627240	2
7	45627241	45627486	0
7	45627487	45639091	2
7	45639092	45639991	0
7	45639992	45645209	2
7	45645210	45648589	0
7	45648590	45666392	1
7	45666393	45677684	0
7	45677685	45684020	1
7	45684021	45694400	3
7	45694401	45694554	2
7	45694555	45699841	0
7	45699842	45704680	2
7	45704681	45705086	0
7	45705087	45709465	2
7	45709466	45710201	3
7	45710202	45715455	1
7	45715456	45718000	3
7	45718001	45720834	2
7	45720835	45721210	0
7	45721211	45725105	2
7	45725106	45725811	3
7	45725812	45729490	2
7	45729491	45729981	0
7	45729982	45783736	1
7	45783737	45784667	3
7	45784668	45804142	2
7	45804143	45806635	0
7	45806636	45814579	1
7	45814580	45816458	0
7	45816459	45824780	1
7	45824781	45825221	0
7	45825222	45830942	1
7	45830943	45831881	0
7	45831882	45872770	1
7	45872771	45878376	3
7	45878377	45883730	2
7	45883731	45886843	0
7	45886844	45896712	1
7	45896713	45896939	0
7	45896940	45917411	2
7	45917412	45918021	0
7	45918022	45921402	1
7	45921403	45924070	0
7	45924071	45948961	2
7	45948962	45967553	0
7	45967554	46030300	1
7	46030301	46033696	0
7	46033697	46084210	2
7	46084211	46097094	0
7	46097095	46100762	1
7	46100763	46104521	0
7	46104522	46180015	1
7	46180016	46195348	0
7	46195349	46238501	1
7	46238502	46240985	0
7	46240986	46311432	2
7	46311433	46376472	0
7	46376473	46379097	2
7	46379098	46396495	0
7	46396496	46438702	2
7	46438703	46443152	0
7	46443153	46639805	1
7	46639806	46644639	0
7	46644640	46672535	1
7	46672536	46686106	0
7	46686107	46710678	1
7	46710679	46711996	0
7	46711997	46715698	1
7	46715699	46727996	0
7	46727997	46732601	1
7	46732602	46740495	0
7	46740496	46742978	1
7	46742979	46751788	0
7	46751789	46754311	2
7	46754312	46760464	0
7	46760465	46796062	1
7	46796063	46796101	0
7	46796102	46823798	2
7	46823799	46841473	0
7	46841474	46855625	2
7	46855626	46861201	0
7	46861202	46878140	2
7	46878141	46888947	0
7	46888948	46919967	1
7	46919968	46923214	0
7	46923215	46958525	1
7	46958526	46983578	0
7	46983579	46987801	2
7	46987802	46990394	0
7	46990395	47008409	1
7	47008410	47050599	0
7	47050600	47054775	2
7	47054776	47077793	0
7	47077794	47133682	1
7	47133683	47185705	0
7	47185706	47204918	1
7	47204919	47234859	0
7	47234860	47252846	1
7	47252847	47334873	0
7	47334874	47354238	1
7	47354239	47426326	0
7	47426327	47452137	1
7	47452138	47463804	0
7	47463805	47528860	1
7	47528861	47588948	0
7	47588949	47601370	1
7	47601371	47980835	0
7	47980836	47982093	1
7	47982094	48020969	0
7	48020970	48027595	1
7	48027596	48167981	0
7	48167982	48169017	1
7	48169018	48198068	0
7	48198069	48199286	1
7	48199287	48388524	0
7	48388525	48389646	2
7	48389647	48444111	0
7	48444112	48456340	1
7	48456341	48478617	0
7	48478618	48499319	1
7	48499320	48550963	0
7	48550964	48558084	1
7	48558085	48642801	0
7	48642802	48643809	1
7	48643810	48789001	0
7	48789002	48827438	2
7	48827439	48830396	0
7	48830397	48848031	1
7	48848032	48866427	0
7	48866428	48881594	1
7	48881595	48959095	0
7	48959096	49610088	2
7	49610089	49631497	0
7	49631498	49636847	1
7	49636848	49759127	0
7	49759128	49773973	2
7	49773974	49778344	0
7	49778345	49858263	2
7	49858264	49910144	0
7	49910145	49963854	2
7	49963855	49974862	0
7	49974863	50866606	2
7	50866607	51511027	0
7	51511028	51598707	2
7	51598708	51622004	0
7	51622005	51671117	2
7	51671118	51860575	0
7	51860576	51862265	1
7	51862266	51878965	0
7	51878966	51994513	2
7	51994514	51997169	0
7	51997170	52006016	1
7	52006017	52011681	0
7	52011682	52015726	1
7	52015727	54835613	0
7	54835614	55268883	2
7	55268884	55768182	0
7	55768183	55778831	2
7	55778832	55794152	0
7	55794153	55831675	2
7	55831676	55842069	0
7	55842070	55931285	2
7	55931286	55932600	3
7	55932601	55962474	1
7	55962475	55977565	0
7	55977566	56019952	1
7	56019953	56050194	0
7	56050195	56231798	2
7	56231799	56239758	0
7	56239759	56536516	2
7	56536517	56716463	0
7	56716464	57387186	1
7	57387187	57407670	0
7	57407671	57419690	1
7	57419691	57510007	3
7	57510008	57510057	1
7	57510058	57828800	2
7	57828801	58656164	0
7	58656165	58829418	2
7	58829419	59228748	0
7	59228749	59311534	2
7	59311535	59982493	0
7	59982494	60140217	1
7	60140218	62346567	0
7	62346568	62350260	2
7	62350261	62377008	0
7	62377009	62381638	2
7	62381639	62417591	0
7	62417592	62420137	1
7	62420138	62461869	0
7	62461870	62464508	1
7	62464509	62778421	0
7	62778422	62823671	1
7	62823672	63098690	0
7	63098691	63212511	1
7	63212512	63444749	0
7	63444750	63759026	2
7	63759027	63886349	0
7	63886350	63916855	1
7	63916856	63920537	3
7	63920538	63938913	1
7	63938914	64153833	0
7	64153834	64269773	2
7	64269774	64287668	0
7	64287669	64340804	2
7	64340805	64346756	0
7	64346757	64374078	1
7	64374079	64376525	0
7	64376526	64392266	1
7	64392267	64392643	0
7	64392644	64412123	2
7	64412124	64501704	0
7	64501705	64753876	2
7	64753877	64756089	0
7	64756090	65156568	1
7	65156569	65296163	0
7	65296164	65527694	1
7	65527695	65644896	0
7	65644897	65701911	2
7	65701912	65861732	0
7	65861733	66074585	2
7	66074586	66079647	0
7	66079648	66089403	2
7	66089404	66109513	0
7	66109514	66173796	2
7	66173797	66258743	0
7	66258744	66365903	1
7	66365904	66386307	3
7	66386308	66388348	1
7	66388349	66390888	0
7	66390889	66427515	1
7	66427516	66644563	0
7	66644564	66689594	1
7	66689595	66689887	0
7	66689888	66714745	2
7	66714746	66743502	0
7	66743503	66823689	2
7	66823690	66839733	0
7	66839734	67153169	2
7	67153170	67222594	0
7	67222595	67228466	2
7	67228467	67231161	0
7	67231162	67372856	1
7	67372857	67513408	0
7	67513409	67645266	1
7	67645267	67647408	0
7	67647409	67726709	2
7	67726710	67730158	0
7	67730159	67759740	1
7	67759741	67952825	0
7	67952826	68233666	2
7	68233667	68236608	0
7	68236609	68264231	1
7	68264232	68273837	0
7	68273838	68363090	2
7	68363091	68736993	0
7	68736994	68749239	1
7	68749240	70351942	0
7	70351943	70366733	1
7	70366734	71348959	0
7	71348960	71351483	1
7	71351484	72077828	0
7	72077829	72306606	1
7	72306607	73375507	0
7	73375508	73419897	2
7	73419898	73426636	0
7	73426637	73541744	1
7	73541745	73740300	0
7	73740301	73776917	2
7	73776918	73939117	0
7	73939118	74013688	1
7	74013689	74275417	0
7	74275418	74554778	1
7	74554779	75114892	0
7	75114893	75309260	1
7	75309261	75455532	0
7	75455533	75754607	2
7	75754608	75848308	0
7	75848309	75874129	2
7	75874130	76229885	0
7	76229886	77124696	2
7	77124697	78175957	0
7	78175958	78657722	1
7	78657723	78775234	0
7	78775235	78783087	1
7	78783088	78783117	0
7	78783118	78792987	2
7	78792988	78821545	0
7	78821546	78847261	1
7	78847262	78895925	0
7	78895926	78911207	2
7	78911208	78913422	0
7	78913423	78920394	2
7	78920395	79053481	0
7	79053482	79115097	2
7	79115098	79115100	0
7	79115101	79131016	1
7	79131017	79133766	0
7	79133767	79149058	1
7	79149059	79273197	0
7	79273198	79365506	2
7	79365507	79374868	0
7	79374869	79387046	1
7	79387047	79391927	0
7	79391928	79446229	2
7	79446230	79450262	3
7	79450263	79466360	1
7	79466361	79593361	0
7	79593362	79617655	1
7	79617656	79660194	0
7	79660195	79698096	2
7	79698097	79698146	3
7	79698147	79715718	1
7	79715719	79720216	0
7	79720217	79732901	1
7	79732902	79735955	0
7	79735956	79743078	1
7	79743079	79743161	0
7	79743162	79785948	2
7	79785949	79792239	0
7	79792240	79793786	1
7	79793787	79810725	0
7	79810726	79813437	2
7	79813438	79821801	0
7	79821802	79861057	1
7	79861058	79875323	0
7	79875324	79920647	1
7	79920648	79925359	0
7	79925360	79935357	1
7	79935358	80024812	0
7	80024813	80094171	2
7	80094172	80094844	0
7	80094845	80115390	1
7	80115391	80186839	0
7	80186840	80226525	2
7	80226526	80227145	0
7	80227146	80232811	1
7	80232812	80232863	0
7	80232864	80242059	2
7	80242060	80246374	0
7	80246375	80260819	2
7	80260820	80261213	0
7	80261214	80265372	2
7	80265373	80269647	0
7	80269648	80291752	2
7	80291753	80294448	0
7	80294449	80315588	2
7	80315589	80316257	3
7	80316258	80324442	1
7	80324443	80325290	0
7	80325291	80341003	1
7	80341004	80343102	0
7	80343103	80349095	2
7	80349096	80350545	3
7	80350546	80371373	1
7	80371374	80377756	0
7	80377757	80387944	1
7	80387945	80389192	0
7	80389193	80405434	1
7	80405435	80454731	0
7	80454732	80535117	1
7	80535118	80586625	0
7	80586626	80688875	1
7	80688876	80711581	0
7	80711582	80825972	1
7	80825973	80860918	0
7	80860919	80876535	2
7	80876536	80890721	0
7	80890722	80901267	1
7	80901268	80902226	0
7	80902227	80905074	1
7	80905075	80907714	0
7	80907715	80947778	1
7	80947779	80993679	0
7	80993680	81045162	2
7	81045163	81057598	0
7	81057599	81105610	2
7	81105611	81114797	0
7	81114798	81170414	2
7	81170415	81213594	0
7	81213595	81334531	2
7	81334532	81342731	0
7	81342732	81345252	1
7	81345253	81347024	0
7	81347025	81454756	1
7	81454757	81460399	0
7	81460400	81493923	1
7	81493924	81494273	0
7	81494274	81498279	1
7	81498280	81533306	0
7	81533307	81566942	1
7	81566943	81571290	0
7	81571291	81596834	2
7	81596835	81600479	0
7	81600480	81706942	1
7	81706943	81762923	0
7	81762924	81769489	2
7	81769490	81782180	0
7	81782181	81789476	1
7	81789477	81792072	0
7	81792073	81829429	1
7	81829430	81855531	0
7	81855532	81855792	1
7	81855793	81858999	0
7	81859000	81881249	2
7	81881250	81884069	3
7	81884070	81934471	1
7	81934472	81966670	0
7	81966671	81992290	1
7	81992291	82173838	0
7	82173839	82307417	2
7	82307418	82335730	0
7	82335731	82614448	2
7	82614449	82632958	0
7	82632959	82648526	1
7	82648527	82648612	0
7	82648613	82777850	2
7	82777851	82867331	0
7	82867332	82871513	2
7	82871514	83584929	0
7	83584930	83625612	2
7	83625613	83631957	0
7	83631958	83642823	2
7	83642824	83653125	3
7	83653126	83739935	1
7	83739936	83774099	0
7	83774100	83794878	1
7	83794879	83879871	0
7	83879872	83884303	1
7	83884304	83891998	0
7	83891999	83901530	2
7	83901531	83932855	0
7	83932856	84086500	1
7	84086501	84109354	0
7	84109355	84151891	1
7	84151892	84246276	0
7	84246277	84410174	1
7	84410175	84528952	0
7	84528953	84583529	2
7	84583530	84585157	0
7	84585158	84606720	1
7	84606721	84613764	0
7	84613765	84689957	1
7	84689958	84853551	0
7	84853552	84859610	2
7	84859611	84913073	0
7	84913074	84920859	2
7	84920860	84935563	0
7	84935564	84964113	1
7	84964114	84985364	0
7	84985365	85012266	1
7	85012267	85126965	0
7	85126966	85155996	1
7	85155997	85221136	0
7	85221137	85237781	1
7	85237782	85393824	0
7	85393825	85415918	1
7	85415919	85548405	0
7	85548406	85569190	1
7	85569191	85615395	0
7	85615396	85624678	2
7	85624679	85735938	0
7	85735939	85755095	1
7	85755096	85850671	0
7	85850672	85876264	1
7	85876265	85944612	0
7	85944613	85961627	1
7	85961628	86145284	0
7	86145285	86171776	1
7	86171777	86202022	0
7	86202023	86246306	1
7	86246307	86268485	0
7	86268486	86277170	1
7	86277171	86304472	0
7	86304473	86313706	1
7	86313707	86318216	0
7	86318217	86325628	1
7	86325629	86332174	0
7	86332175	86337584	1
7	86337585	86360852	0
7	86360853	86366926	1
7	86366927	86385655	0
7	86385656	86386656	1
7	86386657	86391808	0
7	86391809	86397787	1
7	86397788	86403844	0
7	86403845	86414022	2
7	86414023	86459919	0
7	86459920	86469555	2
7	86469556	86486320	0
7	86486321	86492482	1
7	86492483	86519966	0
7	86519967	86528495	2
7	86528496	86583860	0
7	86583861	86591126	2
7	86591127	86615634	0
7	86615635	86616641	1
7	86616642	86649059	0
7	86649060	86666043	2
7	86666044	86688328	0
7	86688329	86697505	2
7	86697506	86718975	0
7	86718976	86775941	1
7	86775942	86795025	0
7	86795026	86815138	2
7	86815139	86915092	0
7	86915093	86955310	2
7	86955311	86996113	0
7	86996114	87044939	2
7	87044940	87246094	0
7	87246095	87398708	2
7	87398709	87424769	0
7	87424770	87493510	1
7	87493511	87584391	0
7	87584392	88134905	2
7	88134906	88278083	0
7	88278084	88310886	2
7	88310887	88430271	0
7	88430272	88491570	2
7	88491571	89139712	0
7	89139713	89338785	1
7	89338786	89404353	0
7	89404354	89413132	2
7	89413133	89507781	0
7	89507782	89527185	1
7	89527186	89632701	0
7	89632702	89854357	2
7	89854358	89866387	0
7	89866388	89903616	1
7	89903617	89917527	0
7	89917528	89941202	1
7	89941203	89954652	0
7	89954653	89980981	1
7	89980982	90130211	0
7	90130212	90213463	2
7	90213464	90223871	0
7	90223872	90265430	1
7	90265431	90302250	0
7	90302251	90410437	2
7	90410438	90426575	0
7	90426576	90428667	2
7	90428668	90442727	0
7	90442728	90446102	2
7	90446103	90450698	0
7	90450699	90457227	1
7	90457228	90467436	0
7	90467437	90475999	1
7	90476000	90477229	0
7	90477230	92449245	2
7	92449246	92561147	0
7	92561148	92581721	2
7	92581722	92582292	3
7	92582293	92637140	1
7	92637141	92643541	0
7	92643542	92669932	1
7	92669933	92741601	0
7	92741602	92844533	2
7	92844534	92857523	0
7	92857524	92874245	1
7	92874246	92875250	0
7	92875251	92934581	2
7	92934582	93079863	0
7	93079864	93081865	2
7	93081866	96171244	0
7	96171245	96911091	2
7	96911092	96951503	0
7	96951504	97064756	2
7	97064757	97081584	0
7	97081585	97308944	2
7	97308945	97309378	0
7	97309379	97332018	1
7	97332019	97332325	0
7	97332326	97350211	2
7	97350212	97371604	0
7	97371605	97392183	2
7	97392184	97400001	0
7	97400002	97407800	2
7	97407801	97412936	0
7	97412937	97417728	1
7	97417729	97451321	0
7	97451322	97459555	2
7	97459556	97480954	0
7	97480955	97541392	2
7	97541393	97550329	0
7	97550330	97579495	1
7	97579496	97579895	0
7	97579896	97692776	2
7	97692777	97696632	0
7	97696633	97718877	2
7	97718878	97724004	0
7	97724005	97738287	1
7	97738288	97788539	0
7	97788540	97912379	2
7	97912380	97919953	0
7	97919954	98049661	2
7	98049662	98051058	0
7	98051059	98119522	1
7	98119523	98121557	0
7	98121558	98178272	1
7	98178273	98192415	0
7	98192416	98199479	1
7	98199480	98206387	0
7	98206388	98321206	1
7	98321207	98350666	0
7	98350667	98361326	1
7	98361327	98440414	0
7	98440415	98477477	2
7	98477478	98489281	0
7	98489282	98502179	2
7	98502180	98587135	0
7	98587136	98656777	1
7	98656778	98703101	0
7	98703102	98718060	2
7	98718061	98835110	0
7	98835111	98855193	2
7	98855194	98885019	0
7	98885020	99141139	1
7	99141140	99153656	0
7	99153657	99182717	1
7	99182718	99219082	0
7	99219083	99238617	1
7	99238618	99267445	0
7	99267446	99337135	2
7	99337136	99345374	0
7	99345375	99353237	1
7	99353238	99381412	0
7	99381413	99461875	2
7	99461876	99466002	0
7	99466003	99474020	2
7	99474021	99477894	0
7	99477895	99483736	1
7	99483737	99535464	0
7	99535465	99606769	2
7	99606770	99624080	0
7	99624081	99627101	1
7	99627102	99657802	0
7	99657803	99711338	1
7	99711339	99730271	0
7	99730272	99736397	2
7	99736398	99763505	0
7	99763506	99769319	2
7	99769320	99811437	0
7	99811438	99828415	1
7	99828416	99837567	0
7	99837568	99859114	1
7	99859115	99863349	3
7	99863350	99863369	1
7	99863370	99917820	2
7	99917821	99920252	0
7	99920253	99980446	1
7	99980447	100009912	0
7	100009913	100034726	2
7	100034727	100082109	0
7	100082110	100121563	1
7	100121564	100159275	0
7	100159276	100161363	2
7	100161364	100176677	0
7	100176678	100184867	2
7	100184868	100227392	0
7	100227393	100278865	2
7	100278866	100285518	0
7	100285519	100319697	2
7	100319698	100326735	0
7	100326736	100372231	1
7	100372232	100372305	3
7	100372306	100470150	2
7	100470151	100472989	0
7	100472990	100486430	2
7	100486431	100493335	0
7	100493336	100501714	2
7	100501715	100502018	3
7	100502019	100514958	1
7	100514959	100537098	0
7	100537099	100540367	2
7	100540368	100545749	0
7	100545750	100607408	1
7	100607409	100608299	3
7	100608300	100641266	2
7	100641267	100642890	0
7	100642891	100662412	1
7	100662413	100706633	0
7	100706634	100841654	2
7	100841655	100845845	0
7	100845846	100863444	1
7	100863445	100869750	0
7	100869751	100932105	1
7	100932106	100937628	0
7	100937629	100964389	1
7	100964390	100996566	0
7	100996567	101012864	1
7	101012865	101092861	0
7	101092862	101284403	2
7	101284404	101285319	0
7	101285320	101302086	1
7	101302087	101317084	0
7	101317085	101346624	2
7	101346625	101348065	0
7	101348066	101512825	2
7	101512826	101576968	0
7	101576969	101585598	1
7	101585599	101663631	0
7	101663632	101795504	2
7	101795505	101818311	0
7	101818312	101822630	2
7	101822631	101822724	3
7	101822725	101838227	1
7	101838228	101839986	0
7	101839987	101857192	1
7	101857193	101858329	0
7	101858330	101863713	1
7	101863714	101864143	3
7	101864144	101870786	1
7	101870787	101898368	2
7	101898369	101899035	3
7	101899036	101899801	2
7	101899802	101901847	3
7	101901848	101905902	1
7	101905903	101906357	3
7	101906358	101912982	2
7	101912983	101921210	3
7	101921211	101926673	2
7	101926674	101933866	1
7	101933867	101934109	0
7	101934110	102014883	2
7	102014884	102014962	3
7	102014963	102018688	1
7	102018689	102019135	0
7	102019136	102065467	1
7	102065468	102065509	0
7	102065510	102096394	2
7	102096395	102096877	0
7	102096878	102101741	1
7	102101742	102102843	3
7	102102844	102111154	2
7	102111155	102111264	0
7	102111265	102116826	1
7	102116827	102119396	0
7	102119397	102210174	1
7	102210175	102210333	0
7	102210334	102238565	2
7	102238566	102239121	0
7	102239122	102256052	1
7	102256053	102267804	0
7	102267805	102437317	2
7	102437318	102441693	0
7	102441694	102469769	2
7	102469770	102476577	0
7	102476578	102481677	1
7	102481678	102482029	0
7	102482030	102488311	1
7	102488312	102491464	0
7	102491465	102499571	1
7	102499572	102534747	0
7	102534748	102535682	2
7	102535683	102540894	0
7	102540895	102545888	2
7	102545889	102549868	0
7	102549869	102555840	2
7	102555841	102557919	0
7	102557920	102565484	1
7	102565485	102571440	0
7	102571441	102583009	2
7	102583010	102583508	0
7	102583509	102591884	1
7	102591885	102597768	0
7	102597769	102608123	2
7	102608124	102611279	0
7	102611280	102618216	1
7	102618217	102638430	0
7	102638431	102642553	2
7	102642554	102658821	0
7	102658822	102659768	2
7	102659769	102664897	0
7	102664898	102673268	2
7	102673269	102677580	0
7	102677581	102687325	1
7	102687326	102695908	0
7	102695909	102700705	2
7	102700706	102702213	0
7	102702214	102712062	2
7	102712063	102712149	0
7	102712150	102719068	1
7	102719069	102723205	0
7	102723206	102727489	1
7	102727490	102738509	0
7	102738510	102759469	1
7	102759470	102771219	0
7	102771220	102776855	2
7	102776856	102803478	0
7	102803479	102804428	2
7	102804429	102855335	0
7	102855336	102858763	1
7	102858764	102877120	0
7	102877121	102878061	2
7	102878062	102883707	0
7	102883708	102890880	1
7	102890881	102894575	0
7	102894576	102901708	2
7	102901709	102905088	0
7	102905089	102917534	1
7	102917535	102924407	0
7	102924408	102928606	2
7	102928607	102941680	0
7	102941681	102942573	1
7	102942574	102948465	0
7	102948466	102949505	2
7	102949506	102952268	0
7	102952269	102958773	1
7	102958774	102962658	0
7	102962659	102971178	2
7	102971179	102975158	3
7	102975159	102975941	1
7	102975942	102981606	0
7	102981607	102989322	1
7	102989323	103038022	0
7	103038023	103044038	2
7	103044039	103051298	0
7	103051299	103052257	2
7	103052258	103081883	0
7	103081884	103088313	2
7	103088314	103097718	0
7	103097719	103098747	2
7	103098748	103118401	0
7	103118402	103125636	1
7	103125637	103140877	0
7	103140878	103147862	2
7	103147863	103154790	0
7	103154791	103156354	1
7	103156355	103169176	0
7	103169177	103178338	1
7	103178339	103184801	0
7	103184802	103192963	2
7	103192964	103211860	0
7	103211861	103212843	2
7	103212844	103216994	0
7	103216995	103222311	2
7	103222312	103249735	0
7	103249736	103252503	1
7	103252504	103305646	0
7	103305647	103312780	2
7	103312781	103316313	0
7	103316314	103322797	2
7	103322798	103323566	0
7	103323567	103329886	2
7	103329887	103335915	0
7	103335916	103339562	2
7	103339563	103343480	0
7	103343481	103349667	1
7	103349668	103357092	0
7	103357093	103362653	1
7	103362654	103383060	0
7	103383061	103386175	1
7	103386176	103415070	0
7	103415071	103419878	2
7	103419879	103440405	0
7	103440406	103445437	1
7	103445438	103449044	0
7	103449045	103453529	2
7	103453530	103455524	0
7	103455525	103464149	1
7	103464150	103469875	0
7	103469876	103471356	2
7	103471357	103490023	0
7	103490024	103498060	1
7	103498061	103505373	0
7	103505374	103512120	1
7	103512121	103516463	0
7	103516464	103520844	1
7	103520845	103537220	0
7	103537221	103542715	1
7	103542716	103548072	0
7	103548073	103555504	2
7	103555505	103556077	0
7	103556078	103563745	2
7	103563746	103563796	3
7	103563797	103569141	1
7	103569142	103573059	0
7	103573060	103586793	2
7	103586794	103590101	0
7	103590102	103600446	2
7	103600447	103600573	0
7	103600574	103604857	2
7	103604858	103609376	0
7	103609377	103612532	1
7	103612533	103638449	0
7	103638450	103642700	1
7	103642701	103657695	0
7	103657696	103663696	1
7	103663697	103665459	0
7	103665460	103671189	1
7	103671190	103682718	0
7	103682719	103683683	2
7	103683684	103714669	0
7	103714670	103721164	2
7	103721165	103730372	0
7	103730373	103733322	2
7	103733323	103739773	0
7	103739774	103744941	1
7	103744942	103753478	0
7	103753479	103757331	1
7	103757332	103765803	0
7	103765804	103771592	1
7	103771593	103774356	0
7	103774357	103779696	1
7	103779697	103784592	0
7	103784593	103791819	1
7	103791820	103812522	0
7	103812523	103813994	1
7	103813995	103826532	0
7	103826533	103828094	1
7	103828095	103839122	0
7	103839123	103840518	1
7	103840519	103841635	0
7	103841636	103843162	1
7	103843163	103851747	0
7	103851748	103853214	1
7	103853215	103879441	0
7	103879442	103886250	1
7	103886251	103889483	0
7	103889484	103894483	1
7	103894484	103903485	0
7	103903486	103908648	2
7	103908649	103928823	0
7	103928824	103929782	2
7	103929783	103934345	0
7	103934346	103940577	2
7	103940578	103944435	0
7	103944436	103948961	2
7	103948962	103971150	0
7	103971151	103987538	2
7	103987539	103998744	0
7	103998745	104004355	2
7	104004356	104006229	0
7	104006230	104017301	1
7	104017302	104018684	0
7	104018685	104025571	1
7	104025572	104035443	0
7	104035444	104042070	2
7	104042071	104046527	0
7	104046528	104052664	1
7	104052665	104053598	0
7	104053599	104061443	1
7	104061444	104066287	0
7	104066288	104071867	1
7	104071868	104081787	0
7	104081788	104085463	1
7	104085464	104104871	0
7	104104872	104109764	2
7	104109765	104127910	0
7	104127911	104129824	1
7	104129825	104140621	0
7	104140622	104143277	1
7	104143278	104148257	0
7	104148258	104150554	1
7	104150555	104153011	0
7	104153012	104164829	1
7	104164830	104177596	0
7	104177597	104183390	1
7	104183391	104188990	0
7	104188991	104195983	1
7	104195984	104218793	0
7	104218794	104235150	2
7	104235151	104244455	0
7	104244456	104262232	2
7	104262233	104263384	0
7	104263385	104288092	1
7	104288093	104299895	0
7	104299896	104315461	1
7	104315462	104329469	0
7	104329470	104336907	2
7	104336908	104338752	0
7	104338753	104353360	1
7	104353361	104355396	0
7	104355397	104369864	1
7	104369865	104382063	0
7	104382064	104400835	1
7	104400836	104409023	0
7	104409024	104465191	1
7	104465192	104470012	0
7	104470013	104507847	1
7	104507848	104550131	0
7	104550132	104554420	2
7	104554421	104560899	0
7	104560900	104568632	2
7	104568633	104577312	0
7	104577313	104584115	2
7	104584116	104587023	0
7	104587024	104590716	2
7	104590717	104595299	0
7	104595300	104601777	1
7	104601778	104613953	0
7	104613954	104621601	2
7	104621602	104624792	0
7	104624793	104637479	2
7	104637480	104642875	0
7	104642876	104647303	1
7	104647304	104666751	0
7	104666752	104674946	2
7	104674947	104686499	0
7	104686500	104691352	2
7	104691353	104768047	0
7	104768048	104777468	1
7	104777469	104840255	0
7	104840256	104842601	1
7	104842602	104857007	0
7	104857008	104862665	2
7	104862666	104878029	0
7	104878030	104882904	2
7	104882905	104891820	0
7	104891821	104895950	1
7	104895951	104914740	0
7	104914741	104921480	1
7	104921481	104922289	0
7	104922290	104928055	1
7	104928056	104934238	0
7	104934239	104940475	2
7	104940476	104957112	0
7	104957113	104962618	1
7	104962619	104972894	0
7	104972895	104979124	1
7	104979125	104995758	0
7	104995759	105002027	1
7	105002028	105021368	0
7	105021369	105028458	1
7	105028459	105032696	0
7	105032697	105037748	2
7	105037749	105051370	0
7	105051371	105059004	2
7	105059005	105064473	0
7	105064474	105071637	2
7	105071638	105081203	0
7	105081204	105090640	2
7	105090641	105090700	0
7	105090701	105092815	1
7	105092816	105116834	0
7	105116835	105125521	2
7	105125522	105140837	0
7	105140838	105147010	1
7	105147011	105154690	0
7	105154691	105163651	1
7	105163652	105178414	0
7	105178415	105186010	1
7	105186011	105201856	0
7	105201857	105207483	1
7	105207484	105288093	0
7	105288094	105289058	2
7	105289059	105311163	0
7	105311164	105319660	2
7	105319661	105328223	0
7	105328224	105334102	1
7	105334103	105335507	0
7	105335508	105342268	1
7	105342269	105368228	0
7	105368229	105369353	2
7	105369354	105371209	0
7	105371210	105375048	1
7	105375049	105378375	3
7	105378376	105400052	1
7	105400053	105404566	0
7	105404567	105408740	2
7	105408741	105425729	0
7	105425730	105470896	2
7	105470897	105480081	0
7	105480082	105482298	1
7	105482299	105554358	0
7	105554359	105558387	2
7	105558388	105558481	0
7	105558482	105581651	1
7	105581652	105591611	0
7	105591612	105600135	1
7	105600136	105604461	0
7	105604462	105633558	1
7	105633559	105634201	0
7	105634202	105640054	1
7	105640055	105640414	3
7	105640415	105721797	2
7	105721798	105731728	0
7	105731729	105736590	1
7	105736591	105736779	3
7	105736780	105737383	1
7	105737384	105739391	2
7	105739392	105742923	3
7	105742924	105744359	1
7	105744360	105744809	0
7	105744810	105752233	1
7	105752234	105752988	0
7	105752989	105787652	1
7	105787653	105803204	0
7	105803205	105811097	1
7	105811098	105895137	0
7	105895138	105953965	1
7	105953966	106156554	0
7	106156555	106215324	1
7	106215325	106675003	0
7	106675004	106680582	1
7	106680583	106684978	0
7	106684979	106691812	1
7	106691813	106711029	0
7	106711030	106716394	1
7	106716395	106740832	0
7	106740833	106742441	1
7	106742442	106749887	0
7	106749888	106755395	1
7	106755396	106787961	0
7	106787962	106793196	1
7	106793197	106805393	0
7	106805394	106808832	1
7	106808833	106814127	0
7	106814128	106821470	2
7	106821471	106823487	0
7	106823488	106833891	1
7	106833892	106843358	0
7	106843359	106846205	2
7	106846206	106863183	0
7	106863184	106866787	2
7	106866788	106871868	0
7	106871869	106876889	1
7	106876890	106882587	0
7	106882588	106888160	1
7	106888161	106890444	0
7	106890445	106901239	1
7	106901240	106907999	0
7	106908000	106916263	2
7	106916264	106922872	0
7	106922873	106932217	1
7	106932218	106943909	0
7	106943910	106948310	1
7	106948311	106953249	0
7	106953250	106963935	1
7	106963936	106969692	0
7	106969693	106975451	1
7	106975452	106996257	0
7	106996258	107006056	1
7	107006057	107031172	0
7	107031173	107040992	2
7	107040993	107070979	0
7	107070980	107077800	2
7	107077801	107093218	0
7	107093219	107099806	2
7	107099807	107103746	0
7	107103747	107110367	1
7	107110368	107125265	0
7	107125266	107131081	1
7	107131082	107138325	0
7	107138326	107150579	2
7	107150580	107166988	0
7	107166989	107198100	2
7	107198101	107209443	0
7	107209444	107210914	2
7	107210915	107370726	0
7	107370727	107548654	2
7	107548655	107567444	0
7	107567445	107591092	2
7	107591093	107595264	0
7	107595265	107623969	2
7	107623970	107625159	3
7	107625160	107748453	2
7	107748454	107748581	3
7	107748582	107758030	1
7	107758031	107781542	0
7	107781543	107801206	1
7	107801207	107812261	0
7	107812262	107816334	2
7	107816335	107820564	0
7	107820565	107825532	1
7	107825533	107842903	0
7	107842904	107847488	1
7	107847489	107897900	0
7	107897901	107907760	2
7	107907761	107930444	0
7	107930445	107935659	2
7	107935660	107954641	0
7	107954642	107955573	2
7	107955574	107964801	0
7	107964802	107969512	2
7	107969513	107986691	0
7	107986692	107992721	2
7	107992722	108029963	0
7	108029964	108033987	1
7	108033988	108050691	0
7	108050692	108056781	2
7	108056782	108064876	0
7	108064877	108067344	1
7	108067345	108079853	0
7	108079854	108085822	2
7	108085823	108092997	0
7	108092998	108097584	1
7	108097585	108100847	0
7	108100848	108105942	2
7	108105943	108120689	0
7	108120690	108127447	1
7	108127448	108158916	0
7	108158917	108159869	1
7	108159870	108171796	0
7	108171797	108172740	1
7	108172741	108208866	0
7	108208867	108214634	1
7	108214635	108251615	0
7	108251616	108258345	1
7	108258346	108285891	0
7	108285892	108288932	1
7	108288933	108313449	0
7	108313450	108318825	2
7	108318826	108322728	0
7	108322729	108323672	1
7	108323673	108346033	0
7	108346034	108346977	1
7	108346978	108365333	0
7	108365334	108368434	2
7	108368435	108393165	0
7	108393166	108397511	2
7	108397512	108420419	0
7	108420420	108424909	2
7	108424910	108465324	0
7	108465325	108467583	2
7	108467584	108520823	0
7	108520824	108525063	1
7	108525064	108544525	0
7	108544526	108545496	2
7	108545497	108564834	0
7	108564835	108565791	1
7	108565792	108610785	0
7	108610786	108615338	2
7	108615339	108621812	0
7	108621813	108622762	2
7	108622763	108629992	0
7	108629993	108631626	2
7	108631627	108644334	0
7	108644335	108651904	1
7	108651905	108666416	0
7	108666417	108670257	2
7	108670258	108713318	0
7	108713319	108714373	2
7	108714374	108750971	0
7	108750972	108756798	2
7	108756799	108825063	0
7	108825064	108825995	1
7	108825996	108844786	0
7	108844787	108850527	1
7	108850528	108867206	0
7	108867207	108872377	1
7	108872378	108880186	0
7	108880187	108885004	1
7	108885005	108893459	0
7	108893460	108894418	1
7	108894419	108921850	0
7	108921851	108930176	1
7	108930177	108934415	0
7	108934416	108942949	2
7	108942950	108950336	0
7	108950337	109034310	2
7	109034311	109034458	3
7	109034459	109083329	1
7	109083330	109138570	0
7	109138571	109175205	1
7	109175206	109279221	0
7	109279222	109439079	1
7	109439080	109449004	0
7	109449005	109508132	1
7	109508133	109519145	0
7	109519146	109522365	2
7	109522366	109523909	0
7	109523910	109703603	1
7	109703604	109703688	0
7	109703689	109712179	2
7	109712180	109712187	3
7	109712188	109723848	1
7	109723849	109727463	0
7	109727464	109731724	1
7	109731725	109735832	0
7	109735833	109752873	1
7	109752874	109758053	0
7	109758054	109782023	1
7	109782024	109798674	0
7	109798675	109865677	1
7	109865678	109893778	0
7	109893779	109960468	1
7	109960469	109972185	0
7	109972186	109986927	1
7	109986928	110018272	0
7	110018273	110056607	2
7	110056608	110061215	0
7	110061216	110095392	2
7	110095393	110122044	0
7	110122045	110143284	2
7	110143285	110221709	0
7	110221710	110283504	2
7	110283505	110308011	0
7	110308012	110614920	1
7	110614921	110627659	0
7	110627660	110629818	2
7	110629819	110768204	0
7	110768205	110812403	2
7	110812404	110813529	0
7	110813530	110844455	1
7	110844456	110850605	0
7	110850606	110863237	1
7	110863238	110868264	0
7	110868265	110982459	1
7	110982460	111028949	0
7	111028950	111056375	2
7	111056376	111067748	0
7	111067749	111083028	1
7	111083029	111471659	0
7	111471660	111779975	1
7	111779976	112023502	0
7	112023503	112111659	2
7	112111660	112116015	0
7	112116016	112159055	1
7	112159056	112225854	0
7	112225855	112413104	2
7	112413105	112427503	0
7	112427504	112591690	2
7	112591691	112679316	0
7	112679317	112906805	2
7	112906806	112953960	0
7	112953961	112957455	2
7	112957456	113207463	0
7	113207464	113314124	2
7	113314125	113315624	0
7	113315625	113369390	1
7	113369391	113385578	0
7	113385579	113388568	1
7	113388569	113513832	0
7	113513833	113571509	2
7	113571510	113765996	0
7	113765997	114043368	2
7	114043369	114046780	0
7	114046781	114117779	1
7	114117780	114215557	0
7	114215558	114254709	1
7	114254710	114264604	0
7	114264605	114276116	1
7	114276117	114415279	0
7	114415280	114539249	2
7	114539250	114549680	0
7	114549681	114562970	1
7	114562971	114631476	0
7	114631477	114636355	1
7	114636356	114718641	0
7	114718642	114723363	2
7	114723364	114743692	0
7	114743693	114850381	2
7	114850382	115470870	0
7	115470871	116038742	1
7	116038743	116039395	0
7	116039396	116082861	2
7	116082862	116084633	3
7	116084634	116105208	2
7	116105209	116123483	0
7	116123484	116308374	1
7	116308375	116331503	0
7	116331504	116334193	1
7	116334194	116337263	0
7	116337264	116443447	1
7	116443448	116504367	0
7	116504368	116540582	2
7	116540583	117380977	0
7	117380978	117673578	2
7	117673579	118104370	0
7	118104371	118116186	1
7	118116187	118118889	0
7	118118890	118129660	1
7	118129661	118131306	0
7	118131307	118243668	1
7	118243669	118380715	0
7	118380716	118448220	1
7	118448221	118485109	0
7	118485110	118491973	1
7	118491974	118509657	0
7	118509658	118533354	1
7	118533355	118535839	0
7	118535840	118584734	1
7	118584735	118597295	0
7	118597296	118675084	2
7	118675085	118688543	0
7	118688544	118705776	1
7	118705777	118712550	0
7	118712551	118737022	2
7	118737023	118740224	0
7	118740225	118842220	2
7	118842221	118842964	3
7	118842965	118855750	1
7	118855751	118855996	3
7	118855997	118856252	1
7	118856253	118972045	2
7	118972046	118972118	3
7	118972119	118972650	2
7	118972651	118995209	1
7	118995210	119140745	0
7	119140746	119184601	1
7	119184602	119442535	0
7	119442536	119459283	1
7	119459284	119462709	0
7	119462710	119479280	1
7	119479281	119486585	0
7	119486586	119523487	1
7	119523488	119526206	0
7	119526207	119543791	2
7	119543792	119554338	0
7	119554339	119600688	2
7	119600689	119607024	0
7	119607025	119662513	2
7	119662514	119690024	0
7	119690025	119714563	2
7	119714564	119715091	0
7	119715092	119720796	1
7	119720797	119760921	0
7	119760922	119768677	2
7	119768678	119784887	3
7	119784888	119787511	2
7	119787512	119794004	1
7	119794005	119794056	3
7	119794057	119848941	2
7	119848942	119852794	0
7	119852795	119895859	1
7	119895860	119896123	3
7	119896124	119896289	1
7	119896290	119922669	2
7	119922670	119956961	3
7	119956962	120095175	1
7	120095176	120102351	0
7	120102352	120120990	2
7	120120991	120126770	0
7	120126771	120145288	1
7	120145289	120173856	0
7	120173857	120185584	2
7	120185585	120186378	0
7	120186379	120202109	1
7	120202110	120203962	0
7	120203963	120325350	2
7	120325351	120328668	0
7	120328669	120407685	2
7	120407686	120421699	0
7	120421700	120544811	2
7	120544812	120635174	0
7	120635175	120658729	2
7	120658730	120659522	3
7	120659523	120670341	1
7	120670342	120677618	0
7	120677619	120734852	2
7	120734853	120739555	0
7	120739556	120805740	2
7	120805741	120812363	0
7	120812364	120831191	2
7	120831192	120842829	0
7	120842830	120907448	2
7	120907449	120917742	0
7	120917743	120947430	2
7	120947431	120957034	0
7	120957035	120982310	1
7	120982311	120982507	0
7	120982508	121014785	2
7	121014786	121034443	0
7	121034444	121064065	2
7	121064066	121074570	3
7	121074571	121076833	2
7	121076834	121083247	0
7	121083248	121163095	2
7	121163096	121391857	0
7	121391858	121501768	2
7	121501769	121642019	0
7	121642020	121707251	1
7	121707252	121734477	0
7	121734478	121768473	2
7	121768474	121865036	0
7	121865037	121880031	2
7	121880032	121918510	3
7	121918511	121981709	1
7	121981710	121986720	0
7	121986721	122021220	1
7	122021221	122038819	0
7	122038820	122067173	1
7	122067174	122067261	3
7	122067262	122082192	2
7	122082193	122085401	0
7	122085402	122101884	1
7	122101885	122107260	0
7	122107261	122132944	1
7	122132945	122133039	0
7	122133040	122149042	2
7	122149043	122159437	0
7	122159438	122169871	2
7	122169872	122169938	0
7	122169939	122186202	1
7	122186203	122219494	0
7	122219495	122222822	2
7	122222823	122289295	0
7	122289296	122634400	2
7	122634401	122670490	0
7	122670491	122769391	2
7	122769392	122965684	0
7	122965685	123002555	2
7	123002556	123124175	0
7	123124176	123195294	2
7	123195295	123214778	0
7	123214779	123273251	2
7	123273252	123279216	0
7	123279217	123369782	1
7	123369783	123369849	3
7	123369850	123369884	1
7	123369885	123430356	2
7	123430357	123462289	0
7	123462290	123468002	2
7	123468003	123475382	0
7	123475383	123500447	1
7	123500448	123982867	0
7	123982868	124398987	2
7	124398988	125444674	0
7	125444675	125462267	2
7	125462268	125467638	0
7	125467639	125491594	1
7	125491595	125552118	0
7	125552119	125579472	2
7	125579473	125603492	0
7	125603493	125633568	2
7	125633569	125640952	0
7	125640953	125707778	1
7	125707779	125707886	0
7	125707887	125874791	2
7	125874792	125878418	0
7	125878419	126082409	1
7	126082410	126101713	0
7	126101714	126200499	1
7	126200500	126272617	0
7	126272618	126295014	2
7	126295015	126363822	0
7	126363823	126369539	1
7	126369540	126370058	0
7	126370059	126377448	1
7	126377449	126382852	0
7	126382853	126396735	1
7	126396736	126408449	0
7	126408450	126414887	1
7	126414888	126429064	0
7	126429065	126445856	2
7	126445857	126445899	3
7	126445900	126463106	1
7	126463107	126466992	0
7	126466993	126475422	1
7	126475423	126487359	0
7	126487360	126490729	2
7	126490730	126491706	0
7	126491707	126503435	1
7	126503436	126546453	0
7	126546454	126566409	1
7	126566410	126571205	0
7	126571206	126584940	1
7	126584941	126585815	3
7	126585816	126589008	2
7	126589009	126589110	3
7	126589111	126594939	1
7	126594940	126623247	0
7	126623248	126625674	1
7	126625675	126649307	0
7	126649308	126672863	2
7	126672864	126672923	3
7	126672924	126676430	1
7	126676431	126689466	0
7	126689467	126695434	1
7	126695435	126695782	3
7	126695783	126697056	2
7	126697057	126699771	0
7	126699772	126707785	1
7	126707786	126759599	0
7	126759600	126765817	2
7	126765818	126766332	0
7	126766333	126775643	2
7	126775644	126776953	0
7	126776954	126780512	2
7	126780513	126781481	0
7	126781482	126785558	2
7	126785559	126785864	0
7	126785865	126792494	1
7	126792495	126795232	0
7	126795233	126797666	1
7	126797667	126799252	3
7	126799253	126800749	1
7	126800750	126800788	2
7	126800789	126809106	3
7	126809107	126830217	2
7	126830218	126830466	0
7	126830467	126831494	1
7	126831495	126847414	0
7	126847415	126850958	2
7	126850959	126852703	3
7	126852704	126861970	1
7	126861971	126862359	3
7	126862360	126865375	2
7	126865376	126865676	0
7	126865677	126884701	1
7	126884702	126886169	0
7	126886170	126922915	1
7	126922916	126928877	0
7	126928878	126945565	2
7	126945566	126945629	3
7	126945630	126949580	1
7	126949581	126950561	0
7	126950562	126970604	2
7	126970605	126972622	0
7	126972623	126975912	1
7	126975913	126975921	3
7	126975922	126980160	2
7	126980161	126986858	0
7	126986859	127014619	1
7	127014620	127015031	0
7	127015032	127021209	1
7	127021210	127022128	0
7	127022129	127027035	1
7	127027036	127027727	0
7	127027728	127042469	1
7	127042470	127050154	0
7	127050155	127087326	1
7	127087327	127091357	0
7	127091358	127093984	2
7	127093985	127107112	0
7	127107113	127122224	1
7	127122225	127133468	0
7	127133469	127137821	1
7	127137822	127191658	0
7	127191659	127196048	1
7	127196049	127197457	0
7	127197458	127208466	1
7	127208467	127208888	0
7	127208889	127214296	2
7	127214297	127214460	0
7	127214461	127232644	1
7	127232645	127233059	0
7	127233060	127238177	2
7	127238178	127244272	0
7	127244273	127254801	2
7	127254802	127256957	0
7	127256958	127260707	1
7	127260708	127271877	0
7	127271878	127274053	1
7	127274054	127296258	0
7	127296259	127335136	2
7	127335137	127342793	0
7	127342794	127345587	1
7	127345588	127372535	0
7	127372536	127376048	1
7	127376049	127382258	0
7	127382259	127387164	1
7	127387165	127389671	0
7	127389672	127393627	1
7	127393628	127403666	0
7	127403667	127406820	1
7	127406821	127418965	0
7	127418966	127422032	1
7	127422033	127442134	0
7	127442135	127449156	1
7	127449157	127470369	0
7	127470370	127476757	2
7	127476758	127479197	0
7	127479198	127491511	2
7	127491512	127511981	0
7	127511982	127561217	2
7	127561218	127561388	0
7	127561389	127566938	2
7	127566939	127573402	0
7	127573403	127582381	2
7	127582382	127583305	3
7	127583306	127588593	1
7	127588594	127588765	0
7	127588766	127604797	2
7	127604798	127607029	0
7	127607030	127615795	1
7	127615796	127666794	0
7	127666795	127708931	1
7	127708932	127712734	0
7	127712735	127718104	2
7	127718105	127718190	3
7	127718191	127732164	1
7	127732165	127744541	0
7	127744542	127769481	2
7	127769482	127769813	0
7	127769814	127775148	2
7	127775149	127776668	0
7	127776669	127800120	2
7	127800121	127800602	0
7	127800603	127803800	2
7	127803801	127803898	0
7	127803899	127824547	1
7	127824548	127841762	0
7	127841763	127849017	2
7	127849018	127863045	0
7	127863046	127876794	1
7	127876795	127876826	3
7	127876827	127885839	2
7	127885840	127885994	3
7	127885995	127890968	1
7	127890969	127893061	0
7	127893062	127895615	1
7	127895616	127904080	0
7	127904081	127910219	2
7	127910220	127912514	0
7	127912515	127925714	2
7	127925715	127925835	3
7	127925836	127930102	1
7	127930103	127932636	0
7	127932637	127946723	1
7	127946724	127967455	0
7	127967456	127985699	2
7	127985700	127989706	0
7	127989707	127993865	1
7	127993866	128003947	0
7	128003948	128011031	2
7	128011032	128062638	0
7	128062639	128128158	2
7	128128159	128129545	0
7	128129546	128150655	2
7	128150656	128154374	0
7	128154375	128205433	2
7	128205434	128205499	3
7	128205500	128223814	2
7	128223815	128234456	0
7	128234457	128237355	1
7	128237356	128238029	3
7	128238030	128245098	2
7	128245099	128246810	0
7	128246811	128255697	2
7	128255698	128265674	0
7	128265675	128271377	2
7	128271378	128272428	3
7	128272429	128298168	1
7	128298169	128373619	0
7	128373620	128418756	1
7	128418757	128439775	0
7	128439776	128461671	1
7	128461672	128523614	0
7	128523615	128546979	2
7	128546980	128611358	0
7	128611359	128696423	2
7	128696424	128696439	0
7	128696440	128740493	1
7	128740494	128744941	0
7	128744942	128784834	2
7	128784835	129257029	0
7	129257030	129391410	2
7	129391411	129591861	0
7	129591862	129635736	2
7	129635737	130162449	0
7	130162450	130577436	1
7	130577437	130716837	3
7	130716838	130728748	1
7	130728749	130764761	3
7	130764762	130774067	1
7	130774068	130825897	3
7	130825898	130865754	1
7	130865755	130913310	3
7	130913311	130936201	1
7	130936202	130985658	3
7	130985659	131032051	1
7	131032052	131121628	3
7	131121629	131174400	1
7	131174401	131250943	3
7	131250944	131333862	1
7	131333863	131336925	3
7	131336926	131371139	1
7	131371140	131387837	3
7	131387838	131410599	1
7	131410600	131448942	3
7	131448943	131542865	1
7	131542866	131544923	3
7	131544924	131548771	1
7	131548772	131556587	3
7	131556588	131560220	1
7	131560221	131571890	3
7	131571891	131966458	1
7	131966459	131994403	3
7	131994404	132610637	1
7	132610638	132706418	3
7	132706419	132859223	1
7	132859224	132885109	3
7	132885110	132931140	1
7	132931141	132986389	3
7	132986390	133124352	1
7	133124353	133587022	0
7	133587023	133602156	1
7	133602157	133637541	0
7	133637542	133672969	2
7	133672970	133674268	0
7	133674269	133680059	1
7	133680060	133686354	0
7	133686355	133709331	1
7	133709332	133710070	3
7	133710071	133720940	2
7	133720941	133721143	3
7	133721144	133776859	1
7	133776860	133782724	3
7	133782725	133881530	2
7	133881531	133883197	0
7	133883198	134232144	1
7	134232145	134265777	0
7	134265778	134376829	1
7	134376830	134670685	0
7	134670686	134884053	2
7	134884054	134938428	3
7	134938429	135173637	2
7	135173638	135258701	0
7	135258702	135272940	2
7	135272941	135410306	0
7	135410307	135413620	2
7	135413621	135511464	0
7	135511465	135528652	1
7	135528653	135537479	0
7	135537480	135686291	2
7	135686292	135689782	0
7	135689783	135716359	1
7	135716360	136894612	0
7	136894613	137130264	2
7	137130265	137193671	0
7	137193672	137314443	1
7	137314444	137375572	0
7	137375573	137410760	1
7	137410761	137437612	0
7	137437613	137468592	2
7	137468593	138208972	0
7	138208973	138397726	1
7	138397727	138835821	0
7	138835822	138846271	1
7	138846272	138846357	0
7	138846358	138883055	2
7	138883056	138890834	0
7	138890835	138909504	1
7	138909505	138940728	0
7	138940729	139026886	2
7	139026887	139064639	0
7	139064640	139083974	2
7	139083975	139085999	0
7	139086000	139102702	2
7	139102703	139103636	0
7	139103637	139212986	1
7	139212987	139213305	3
7	139213306	139242977	2
7	139242978	139248480	0
7	139248481	139267973	2
7	139267974	139389107	0
7	139389108	139579650	2
7	139579651	139581218	0
7	139581219	139582788	1
7	139582789	139600949	0
7	139600950	139683815	1
7	139683816	139834172	0
7	139834173	139878086	2
7	139878087	139894694	0
7	139894695	139941535	2
7	139941536	139943787	0
7	139943788	139945110	2
7	139945111	139972301	0
7	139972302	139978753	1
7	139978754	139978930	0
7	139978931	139992560	1
7	139992561	139995994	0
7	139995995	140036410	1
7	140036411	140036667	3
7	140036668	140040600	2
7	140040601	140046155	0
7	140046156	140049087	1
7	140049088	140069878	0
7	140069879	140082546	1
7	140082547	140093393	0
7	140093394	140096768	2
7	140096769	140097198	3
7	140097199	140102439	1
7	140102440	140105708	0
7	140105709	140115797	1
7	140115798	140116474	3
7	140116475	140137222	2
7	140137223	140137562	0
7	140137563	140150626	2
7	140150627	140150784	3
7	140150785	140154875	1
7	140154876	140159997	0
7	140159998	140164762	1
7	140164763	140173215	0
7	140173216	140178756	2
7	140178757	140198497	0
7	140198498	140205962	1
7	140205963	140218265	0
7	140218266	140231143	2
7	140231144	140247376	0
7	140247377	140299789	2
7	140299790	140320856	0
7	140320857	140327623	2
7	140327624	140334015	0
7	140334016	140338549	2
7	140338550	140343813	0
7	140343814	140361669	1
7	140361670	140371870	0
7	140371871	140376329	1
7	140376330	140399043	0
7	140399044	140402916	1
7	140402917	140415708	0
7	140415709	140421637	1
7	140421638	140463368	0
7	140463369	140468126	2
7	140468127	140484214	0
7	140484215	140497102	2
7	140497103	140500847	0
7	140500848	140507394	1
7	140507395	140567884	0
7	140567885	140575791	2
7	140575792	140601267	0
7	140601268	140617676	2
7	140617677	140628968	0
7	140628969	140638796	2
7	140638797	140646450	0
7	140646451	140653083	2
7	140653084	140659928	0
7	140659929	140678578	2
7	140678579	140681949	0
7	140681950	140696843	2
7	140696844	140697265	0
7	140697266	140705604	2
7	140705605	140763737	0
7	140763738	140774985	2
7	140774986	140777227	0
7	140777228	140787850	1
7	140787851	140807447	0
7	140807448	140835016	1
7	140835017	140837885	3
7	140837886	140845545	1
7	140845546	140846767	3
7	140846768	140847803	1
7	140847804	140851016	3
7	140851017	140856955	1
7	140856956	140857107	3
7	140857108	140857575	1
7	140857576	140863668	2
7	140863669	140863728	3
7	140863729	140864370	2
7	140864371	140881966	1
7	140881967	140882296	3
7	140882297	140882307	1
7	140882308	140898641	2
7	140898642	140898943	0
7	140898944	140900444	1
7	140900445	140920900	0
7	140920901	140929190	2
7	140929191	140941546	0
7	140941547	140947662	2
7	140947663	140948956	0
7	140948957	140955985	1
7	140955986	140967219	0
7	140967220	140969823	2
7	140969824	141009584	0
7	141009585	141010768	1
7	141010769	141015697	0
7	141015698	141017922	1
7	141017923	141029129	0
7	141029130	141029618	2
7	141029619	141061102	0
7	141061103	141072398	2
7	141072399	141078216	0
7	141078217	141090508	2
7	141090509	141091173	0
7	141091174	141100544	1
7	141100545	141101210	0
7	141101211	141117804	1
7	141117805	141130254	0
7	141130255	141157604	2
7	141157605	141160324	0
7	141160325	141172855	1
7	141172856	141189103	0
7	141189104	141194003	1
7	141194004	141194155	0
7	141194156	141209990	2
7	141209991	141210053	3
7	141210054	141214078	1
7	141214079	141215858	0
7	141215859	141218656	2
7	141218657	141228787	0
7	141228788	141262704	2
7	141262705	141262748	3
7	141262749	141266479	1
7	141266480	141269081	0
7	141269082	141276784	1
7	141276785	141278329	0
7	141278330	141279131	1
7	141279132	141292004	0
7	141292005	141296462	2
7	141296463	141297178	0
7	141297179	141327670	1
7	141327671	141327886	0
7	141327887	141337154	2
7	141337155	141338878	0
7	141338879	141363018	2
7	141363019	141392197	0
7	141392198	141402966	2
7	141402967	141407792	0
7	141407793	141414134	1
7	141414135	141426444	0
7	141426445	141429489	1
7	141429490	141429742	0
7	141429743	141437890	1
7	141437891	141438111	0
7	141438112	141444023	1
7	141444024	141447368	0
7	141447369	141451583	2
7	141451584	141455196	0
7	141455197	141460741	2
7	141460742	141461092	0
7	141461093	141466611	2
7	141466612	141467391	0
7	141467392	141471471	2
7	141471472	141471858	0
7	141471859	141475130	1
7	141475131	141475238	0
7	141475239	141493134	2
7	141493135	141493425	3
7	141493426	141539855	1
7	141539856	141562171	0
7	141562172	141633009	2
7	141633010	141633454	0
7	141633455	141655317	1
7	141655318	141690338	0
7	141690339	141698780	2
7	141698781	141699184	0
7	141699185	141701482	2
7	141701483	141702095	0
7	141702096	141702773	2
7	141702774	141704163	0
7	141704164	141704609	2
7	141704610	141744610	0
7	141744611	141754691	2
7	141754692	141788970	0
7	141788971	141819229	2
7	141819230	141839068	0
7	141839069	141873082	2
7	141873083	141874811	0
7	141874812	141918505	1
7	141918506	141949749	0
7	141949750	142004245	2
7	142004246	142008533	0
7	142008534	142061063	1
7	142061064	142079488	0
7	142079489	142095841	1
7	142095842	142120068	0
7	142120069	142120727	1
7	142120728	142135334	0
7	142135335	142136032	1
7	142136033	142143339	0
7	142143340	142144605	1
7	142144606	142156452	0
7	142156453	142157111	1
7	142157112	142164694	0
7	142164695	142165737	1
7	142165738	142174533	0
7	142174534	142176003	1
7	142176004	142189425	0
7	142189426	142190387	1
7	142190388	142201362	0
7	142201363	142203013	2
7	142203014	142211857	0
7	142211858	142212588	2
7	142212589	142228793	0
7	142228794	142229969	1
7	142229970	142240342	0
7	142240343	142241076	1
7	142241077	142257645	0
7	142257646	142258352	1
7	142258353	142273762	0
7	142273763	142274361	1
7	142274362	142296332	0
7	142296333	142297116	1
7	142297117	142303547	0
7	142303548	142304592	2
7	142304593	142326108	0
7	142326109	142388036	1
7	142388037	142434975	0
7	142434976	142440394	2
7	142440395	142441806	0
7	142441807	142444408	2
7	142444409	142460807	0
7	142460808	142494865	2
7	142494866	142498834	0
7	142498835	142516006	2
7	142516007	142533010	0
7	142533011	142540745	2
7	142540746	142650764	0
7	142650765	142669940	1
7	142669941	142678654	0
7	142678655	142743379	1
7	142743380	142892750	0
7	142892751	142931126	1
7	142931127	142966827	0
7	142966828	142969262	1
7	142969263	143005044	0
7	143005045	143019642	2
7	143019643	143052737	0
7	143052738	143067932	2
7	143067933	143069151	0
7	143069152	143069247	1
7	143069248	143071091	3
7	143071092	143094640	1
7	143094641	143106360	0
7	143106361	143427040	2
7	143427041	143458337	0
7	143458338	143461048	1
7	143461049	143473734	0
7	143473735	143499332	2
7	143499333	143501543	0
7	143501544	143502991	1
7	143502992	143513577	0
7	143513578	143549104	1
7	143549105	143557228	0
7	143557229	143600088	1
7	143600089	143607657	0
7	143607658	143628720	1
7	143628721	143634804	0
7	143634805	143649659	1
7	143649660	143667612	0
7	143667613	143685870	1
7	143685871	143688760	0
7	143688761	143756983	1
7	143756984	143763708	0
7	143763709	143766991	1
7	143766992	143778361	0
7	143778362	143784498	1
7	143784499	143795582	0
7	143795583	143822839	1
7	143822840	143823165	0
7	143823166	143848408	2
7	143848409	143866847	0
7	143866848	143897509	2
7	143897510	144001926	0
7	144001927	144424492	2
7	144424493	144435731	0
7	144435732	144471007	1
7	144471008	144476756	0
7	144476757	144553727	1
7	144553728	144577316	0
7	144577317	144582461	1
7	144582462	144588547	0
7	144588548	144751972	1
7	144751973	144838081	0
7	144838082	144844434	2
7	144844435	144847365	0
7	144847366	144865241	2
7	144865242	144896529	0
7	144896530	144900951	2
7	144900952	144915098	0
7	144915099	144929929	2
7	144929930	144930746	3
7	144930747	144931699	2
7	144931700	144939867	1
7	144939868	145205823	0
7	145205824	145208078	1
7	145208079	145253921	0
7	145253922	145284009	1
7	145284010	145300826	0
7	145300827	145309555	2
7	145309556	145314833	0
7	145314834	145324084	2
