<CHROM>	<START>	<END>	<TSB>
8	0	3150920	0
8	3150921	3279615	1
8	3279616	3353435	0
8	3353436	3390297	2
8	3390298	3393036	0
8	3393037	3456599	2
8	3456600	3457103	0
8	3457104	3467678	1
8	3467679	3470860	0
8	3470861	3487179	2
8	3487180	3493136	0
8	3493137	3497206	2
8	3497207	3500455	0
8	3500456	3515230	2
8	3515231	3515382	0
8	3515383	3544265	2
8	3544266	3567996	0
8	3567997	3584937	2
8	3584938	3587291	0
8	3587292	3609073	2
8	3609074	3610085	0
8	3610086	3621314	1
8	3621315	3621549	0
8	3621550	3623369	2
8	3623370	3624233	3
8	3624234	3625543	1
8	3625544	3630953	0
8	3630954	3643642	2
8	3643643	3655768	0
8	3655769	3660108	2
8	3660109	3665752	0
8	3665753	3669257	2
8	3669258	3671186	0
8	3671187	3672360	1
8	3672361	3676297	0
8	3676298	3681253	2
8	3681254	3681735	0
8	3681736	3694173	1
8	3694174	3707062	0
8	3707063	3720649	1
8	3720650	3743395	0
8	3743396	3748982	1
8	3748983	3847963	0
8	3847964	3854307	1
8	3854308	3871822	0
8	3871823	3878553	1
8	3878554	3917655	0
8	3917656	3926831	1
8	3926832	3940220	0
8	3940221	3946861	1
8	3946862	4102785	0
8	4102786	4105833	1
8	4105834	4134650	0
8	4134651	4137705	2
8	4137706	4166565	0
8	4166566	4209541	2
8	4209542	4211255	3
8	4211256	4217457	1
8	4217458	4226825	0
8	4226826	4237468	2
8	4237469	4238738	0
8	4238739	4247895	2
8	4247896	4248212	0
8	4248213	4251421	2
8	4251422	4253078	0
8	4253079	4256218	2
8	4256219	4257658	0
8	4257659	4259272	1
8	4259273	4259729	0
8	4259730	4275911	1
8	4275912	4285380	0
8	4285381	4325231	1
8	4325232	4325411	3
8	4325412	4360018	2
8	4360019	4493138	0
8	4493139	4531678	2
8	4531679	4613165	0
8	4613166	4630229	2
8	4630230	4735974	0
8	4735975	4779552	1
8	4779553	5083217	0
8	5083218	5105349	1
8	5105350	8617432	0
8	8617433	8661240	1
8	8661241	8665073	0
8	8665074	8690519	1
8	8690520	9205900	0
8	9205901	9771159	1
8	9771160	9864249	0
8	9864250	9870313	2
8	9870314	9969047	0
8	9969048	9977684	1
8	9977685	9977705	0
8	9977706	9992153	2
8	9992154	10006652	0
8	10006653	10035616	2
8	10035617	10153909	0
8	10153910	10634740	2
8	10634741	10984679	0
8	10984680	11008456	1
8	11008457	11198421	0
8	11198422	11312803	1
8	11312804	11312824	3
8	11312825	11449285	2
8	11449286	11453516	0
8	11453517	11478708	1
8	11478709	11497504	0
8	11497505	11513285	2
8	11513286	11513975	0
8	11513976	11550781	1
8	11550782	11555569	0
8	11555570	11563249	2
8	11563250	11611581	0
8	11611582	11635755	1
8	11635756	11654922	0
8	11654923	11701061	1
8	11701062	11727719	0
8	11727720	11835217	2
8	11835218	11840472	0
8	11840473	11855759	2
8	11855760	12278817	0
8	12278818	12280655	2
8	12280656	12395293	0
8	12395294	12400124	2
8	12400125	12573027	0
8	12573028	12600742	2
8	12600743	12614275	0
8	12614276	12672246	1
8	12672247	12757012	0
8	12757013	12868726	2
8	12868727	12873804	0
8	12873805	13020903	2
8	13020904	13026032	0
8	13026033	13035807	2
8	13035808	13037306	0
8	13037307	13056674	2
8	13056675	13060941	0
8	13060942	13076024	2
8	13076025	13077187	0
8	13077188	13105457	1
8	13105458	13105619	0
8	13105620	13147938	2
8	13147939	13159159	0
8	13159160	13175160	2
8	13175161	13175336	3
8	13175337	13200618	1
8	13200619	13221661	0
8	13221662	13254160	1
8	13254161	13255961	0
8	13255962	13288129	1
8	13288130	13288209	0
8	13288210	13322922	2
8	13322923	13338749	0
8	13338750	13378446	2
8	13378447	13386203	0
8	13386204	13396823	1
8	13396824	13405079	0
8	13405080	13421949	2
8	13421950	13435457	0
8	13435458	13461451	2
8	13461452	13465372	0
8	13465373	13494488	1
8	13494489	13550731	0
8	13550732	13562459	1
8	13562460	13566946	0
8	13566947	13677601	1
8	13677602	13705887	0
8	13705888	13743412	2
8	13743413	13757674	0
8	13757675	13781936	2
8	13781937	13785613	0
8	13785614	13799191	2
8	13799192	13835231	0
8	13835232	13838387	1
8	13838388	13869639	0
8	13869640	13881637	2
8	13881638	13884792	0
8	13884793	13890266	1
8	13890267	13907801	0
8	13907802	13940520	2
8	13940521	13952006	0
8	13952007	13975030	1
8	13975031	14027559	0
8	14027560	14090299	1
8	14090300	14095863	0
8	14095864	14847678	2
8	14847679	14881333	0
8	14881334	14901718	2
8	14901719	14911661	0
8	14911662	15001083	2
8	15001084	15011023	0
8	15011024	15033331	2
8	15033332	15041442	0
8	15041443	15046076	1
8	15046077	15057651	0
8	15057652	15133539	2
8	15133540	15892535	0
8	15892536	17535279	1
8	17535280	18595129	0
8	18595130	18690261	2
8	18690262	18741560	3
8	18741561	18803187	2
8	18803188	18846275	0
8	18846276	18891359	2
8	18891360	18932727	0
8	18932728	18950973	1
8	18950974	18974938	0
8	18974939	18978254	1
8	18978255	18986231	0
8	18986232	18991053	1
8	18991054	19023405	0
8	19023406	19026564	1
8	19026565	19052824	0
8	19052825	19064808	1
8	19064809	19111929	0
8	19111930	19114837	1
8	19114838	19123750	0
8	19123751	19126538	2
8	19126539	19140757	0
8	19140758	19159576	2
8	19159577	19194355	0
8	19194356	19195210	2
8	19195211	19198704	0
8	19198705	19201543	2
8	19201544	19225476	0
8	19225477	19228207	2
8	19228208	19239914	0
8	19239915	19242141	2
8	19242142	19247578	0
8	19247579	19250826	2
8	19250827	19293358	0
8	19293359	19295289	2
8	19295290	19445767	0
8	19445768	19447604	1
8	19447605	19495095	0
8	19495096	19497773	2
8	19497774	19729574	0
8	19729575	19753525	2
8	19753526	19903390	0
8	19903391	19925711	2
8	19925712	20337662	0
8	20337663	20363208	1
8	20363209	20614917	0
8	20614918	20640701	2
8	20640702	20892667	0
8	20892668	20897721	2
8	20897722	20900604	0
8	20900605	20902625	1
8	20902626	20916488	0
8	20916489	20922069	1
8	20922070	20943692	0
8	20943693	20944708	1
8	20944709	21025543	0
8	21025544	21026514	2
8	21026515	21055045	0
8	21055046	21056014	2
8	21056015	21065036	0
8	21065037	21065994	2
8	21065995	21084440	0
8	21084441	21085283	2
8	21085284	21095072	0
8	21095073	21096048	1
8	21096049	21134640	0
8	21134641	21135596	2
8	21135597	21162275	0
8	21162276	21163247	2
8	21163248	21191612	0
8	21191613	21192547	2
8	21192548	21201559	0
8	21201560	21202537	2
8	21202538	21249752	0
8	21249753	21250554	2
8	21250555	21287407	0
8	21287408	21288375	2
8	21288376	21297437	0
8	21297438	21298373	2
8	21298374	21315544	0
8	21315545	21316479	2
8	21316480	21325885	0
8	21325886	21327018	1
8	21327019	21378513	0
8	21378514	21379493	2
8	21379494	21391809	0
8	21391810	21392789	2
8	21392790	21427409	0
8	21427410	21428389	2
8	21428390	21455443	0
8	21455444	21456558	1
8	21456559	21509256	0
8	21509257	21510235	2
8	21510236	21529030	0
8	21529031	21530010	2
8	21530011	21565384	0
8	21565385	21566347	2
8	21566348	21583004	0
8	21583005	21583959	2
8	21583960	21593373	0
8	21593374	21594506	1
8	21594507	21618181	0
8	21618182	21618970	2
8	21618971	21655778	0
8	21655779	21656733	2
8	21656734	21665795	0
8	21665796	21666730	2
8	21666731	21702517	0
8	21702518	21703643	1
8	21703644	21734492	0
8	21734493	21735469	2
8	21735470	21776597	0
8	21776598	21795183	2
8	21795184	21823537	0
8	21823538	21831294	2
8	21831295	21839924	0
8	21839925	21843480	2
8	21843481	21858899	0
8	21858900	21862009	2
8	21862010	21881711	0
8	21881712	21885419	1
8	21885420	21905374	0
8	21905375	21906410	1
8	21906411	21929797	0
8	21929798	21932708	1
8	21932709	21938350	0
8	21938351	21940876	2
8	21940877	21946760	0
8	21946761	21948848	2
8	21948849	21958712	0
8	21958713	21964301	2
8	21964302	21969773	0
8	21969774	21974039	2
8	21974040	21992783	0
8	21992784	22060303	1
8	22060304	22060719	0
8	22060720	22071625	2
8	22071626	22073614	0
8	22073615	22125051	1
8	22125052	22128281	0
8	22128282	22166433	1
8	22166434	22168158	0
8	22168159	22185817	1
8	22185818	22192807	0
8	22192808	22220841	2
8	22220842	22227311	0
8	22227312	22261332	2
8	22261333	22283439	0
8	22283440	22371416	2
8	22371417	22375549	0
8	22375550	22398595	1
8	22398596	22411359	0
8	22411360	22429663	2
8	22429664	22462612	0
8	22462613	22476786	1
8	22476787	22476853	3
8	22476854	22476880	1
8	22476881	22569610	2
8	22569611	22577073	0
8	22577074	22593811	1
8	22593812	22624041	0
8	22624042	22627545	2
8	22627546	22628124	0
8	22628125	22653416	1
8	22653417	22659210	0
8	22659211	22706587	1
8	22706588	22757745	0
8	22757746	22782842	2
8	22782843	22787352	0
8	22787353	22805620	1
8	22805621	22859533	0
8	22859534	22943257	2
8	22943258	22974842	0
8	22974843	23150495	2
8	23150496	23153267	0
8	23153268	23158946	2
8	23158947	23171263	0
8	23171264	23208344	1
8	23208345	23226614	0
8	23226615	23237657	1
8	23237658	23241344	0
8	23241345	23257072	1
8	23257073	23411500	0
8	23411501	23449630	2
8	23449631	23636017	0
8	23636018	24063103	2
8	24063104	24437178	0
8	24437179	24438982	1
8	24438983	24532452	0
8	24532453	24576331	1
8	24576332	24584134	0
8	24584135	24597007	1
8	24597008	24602244	0
8	24602245	24674753	1
8	24674754	24677223	0
8	24677224	24725850	1
8	24725851	24727091	0
8	24727092	24824367	1
8	24824368	24836138	0
8	24836139	24948802	1
8	24948803	24949609	0
8	24949610	25016925	1
8	25016926	25017209	0
8	25017210	25023258	2
8	25023259	25024927	0
8	25024928	25038960	1
8	25038961	25039142	0
8	25039143	25102374	1
8	25102375	25154550	0
8	25154551	25241750	1
8	25241751	25513652	0
8	25513653	25575716	2
8	25575717	25578488	0
8	25578489	25597580	1
8	25597581	25601599	0
8	25601600	25719665	2
8	25719666	25720035	0
8	25720036	25724885	2
8	25724886	25725344	0
8	25725345	25754594	1
8	25754595	25764536	0
8	25764537	25785285	1
8	25785286	25785286	0
8	25785287	25803973	2
8	25803974	25806553	0
8	25806554	25815980	2
8	25815981	25815994	0
8	25815995	25847692	1
8	25847693	25849621	0
8	25849622	25937937	2
8	25937938	25944451	0
8	25944452	25976751	1
8	25976752	25980602	0
8	25980603	25994131	1
8	25994132	25998720	0
8	25998721	26015648	1
8	26015649	26021419	0
8	26021420	26119222	1
8	26119223	26119366	0
8	26119367	26164149	2
8	26164150	26977323	0
8	26977324	26981459	2
8	26981460	27023259	0
8	27023260	27040326	2
8	27040327	27042553	0
8	27042554	27056130	2
8	27056131	27085581	0
8	27085582	27123362	2
8	27123363	27123433	3
8	27123434	27123434	2
8	27123435	27128678	1
8	27128679	27138771	0
8	27138772	27174644	1
8	27174645	27197457	0
8	27197458	27223826	1
8	27223827	27225774	0
8	27225775	27229586	1
8	27229587	27260327	0
8	27260328	27276672	2
8	27276673	27344392	0
8	27344393	27349186	2
8	27349187	27368709	0
8	27368710	27399728	2
8	27399729	27403210	0
8	27403211	27413942	1
8	27413943	27447098	0
8	27447099	27620915	2
8	27620916	28646715	0
8	28646716	29219634	1
8	29219635	31089469	0
8	31089470	31097045	2
8	31097046	31111818	0
8	31111819	31131480	2
8	31131481	31150313	0
8	31150314	31159461	2
8	31159462	31161052	3
8	31161053	31164700	2
8	31164701	31168762	1
8	31168763	31187329	0
8	31187330	31261736	2
8	31261737	31814549	0
8	31814550	32884027	1
8	32884028	33234382	0
8	33234383	33385525	1
8	33385526	33386323	0
8	33386324	33417465	2
8	33417466	33428707	0
8	33428708	33429546	2
8	33429547	33516736	0
8	33516737	33585580	2
8	33585581	33599623	0
8	33599624	33619439	2
8	33619440	33619584	0
8	33619585	33641965	1
8	33641966	33653236	0
8	33653237	33698161	2
8	33698162	33731831	0
8	33731832	33742110	2
8	33742111	33747768	3
8	33747769	33777171	2
8	33777172	33782641	0
8	33782642	33929861	1
8	33929862	34090421	0
8	34090422	34108794	1
8	34108795	34111000	0
8	34111001	34111735	1
8	34111736	34115028	0
8	34115029	34125180	2
8	34125181	34135570	0
8	34135571	34147031	1
8	34147032	34154574	0
8	34154575	34170819	2
8	34170820	34807295	0
8	34807296	34819892	2
8	34819893	34826458	0
8	34826459	34965688	1
8	34965689	35375737	0
8	35375738	35388137	2
8	35388138	35465251	0
8	35465252	35496194	1
8	35496195	35587796	0
8	35587797	35679447	2
8	35679448	35765788	0
8	35765789	35818045	2
8	35818046	35824710	0
8	35824711	35826557	1
8	35826558	36094826	0
8	36094827	36147785	2
8	36147786	36216062	0
8	36216063	36249514	1
8	36249515	36457546	0
8	36457547	36516568	2
8	36516569	36567749	0
8	36567750	36953141	1
8	36953142	36993602	0
8	36993603	36995531	2
8	36995532	37522552	0
8	37522553	38661506	1
8	38661507	39005843	0
8	39005844	39165112	2
8	39165113	39581683	0
8	39581684	39642671	1
8	39642672	40279164	0
8	40279165	40307456	1
8	40307457	40308329	3
8	40308330	40386306	2
8	40386307	40423813	0
8	40423814	40492538	2
8	40492539	40510264	3
8	40510265	40511781	1
8	40511782	40515845	3
8	40515846	40551099	2
8	40551100	40551132	3
8	40551133	40634790	1
8	40634791	40675075	0
8	40675076	40682197	2
8	40682198	40752206	0
8	40752207	40756174	2
8	40756175	40793271	0
8	40793272	40797301	2
8	40797302	40822988	0
8	40822989	40827035	2
8	40827036	40862394	0
8	40862395	40922306	2
8	40922307	40926231	0
8	40926232	40990783	2
8	40990784	40990912	0
8	40990913	41133724	1
8	41133725	41191432	0
8	41191433	41215154	1
8	41215155	41239763	0
8	41239764	41332342	2
8	41332343	41340195	0
8	41340196	41374771	1
8	41374772	41397457	0
8	41397458	41417072	1
8	41417073	43129805	0
8	43129806	43141484	1
8	43141485	43180539	0
8	43180540	43193879	2
8	43193880	43295061	0
8	43295062	43306978	1
8	43306979	43519760	0
8	43519761	43528104	1
8	43528105	43568276	0
8	43568277	43576705	1
8	43576706	43624949	0
8	43624950	43627274	1
8	43627275	43650307	0
8	43650308	43710047	1
8	43710048	44935445	0
8	44935446	45052255	2
8	45052256	45069135	0
8	45069136	45088504	2
8	45088505	45241172	0
8	45241173	45262029	1
8	45262030	45266687	0
8	45266688	45294857	1
8	45294858	45304942	0
8	45304943	45333214	1
8	45333215	45336715	0
8	45336716	45382289	1
8	45382290	45395663	0
8	45395664	45410617	1
8	45410618	45507786	0
8	45507787	45827904	2
8	45827905	45885459	0
8	45885460	45919546	2
8	45919547	45934617	0
8	45934618	45944143	2
8	45944144	45953604	0
8	45953605	45975250	1
8	45975251	45975526	0
8	45975527	45996900	2
8	45996901	45996956	3
8	45996957	45999301	1
8	45999302	45999865	3
8	45999866	46029475	2
8	46029476	46033259	0
8	46033260	46151769	1
8	46151770	46152157	3
8	46152158	46195588	2
8	46195589	46206795	0
8	46206796	46211282	1
8	46211283	46292037	0
8	46292038	46294669	1
8	46294670	46471035	0
8	46471036	46536049	2
8	46536050	46552026	0
8	46552027	46575617	2
8	46575618	46580005	3
8	46580006	46617206	1
8	46617207	46617289	0
8	46617290	46639687	2
8	46639688	46739730	0
8	46739731	46847456	2
8	46847457	46986885	0
8	46986886	47096760	2
8	47096761	47180046	0
8	47180047	47413835	1
8	47413836	47490113	0
8	47490114	47533465	1
8	47533466	47533662	0
8	47533663	47552823	2
8	47552824	47667176	0
8	47667177	47675156	1
8	47675157	47709342	0
8	47709343	47713930	1
8	47713931	47822141	0
8	47822142	47822803	2
8	47822804	47823957	0
8	47823958	47824480	1
8	47824481	47825474	3
8	47825475	47990549	1
8	47990550	48099090	0
8	48099091	48153231	2
8	48153232	48227680	0
8	48227681	48843949	1
8	48843950	53511725	0
8	53511726	53523336	2
8	53523337	53586865	0
8	53586866	53639063	1
8	53639064	54077604	0
8	54077605	54187094	2
8	54187095	54520431	0
8	54520432	54529996	1
8	54529997	54550329	0
8	54550330	54587840	2
8	54587841	54600779	0
8	54600780	54610096	2
8	54610097	54629053	0
8	54629054	54887148	1
8	54887149	54954841	0
8	54954842	55060869	2
8	55060870	55870910	0
8	55870911	55906946	1
8	55906947	55940507	0
8	55940508	56130068	2
8	56130069	56294583	0
8	56294584	56321041	2
8	56321042	56531520	0
8	56531521	56551045	1
8	56551046	56551088	0
8	56551089	56593937	2
8	56593938	57320981	0
8	57320982	57324631	2
8	57324632	57455921	0
8	57455922	57477583	2
8	57477584	57482705	0
8	57482706	57487858	1
8	57487859	57511905	0
8	57511906	57515997	2
8	57515998	57523826	0
8	57523827	57653029	1
8	57653030	57774050	0
8	57774051	58911753	1
8	58911754	58912638	3
8	58912639	58914296	2
8	58914297	60430022	0
8	60430023	60503196	1
8	60503197	60505930	0
8	60505931	60545675	2
8	60545676	60632825	0
8	60632826	60676727	2
8	60676728	60890416	0
8	60890417	60907578	2
8	60907579	60910387	0
8	60910388	60983298	1
8	60983299	60993193	0
8	60993194	61131344	2
8	61131345	61223870	0
8	61223871	61396069	2
8	61396070	61487732	0
8	61487733	61506692	2
8	61506693	61511431	0
8	61511432	61902688	1
8	61902689	61928085	0
8	61928086	62038242	2
8	62038243	62057040	0
8	62057041	62123116	1
8	62123117	62951007	0
8	62951008	63357101	2
8	63357102	63924692	0
8	63924693	63952168	1
8	63952169	64014929	0
8	64014930	64206269	1
8	64206270	64592540	0
8	64592541	64693052	1
8	64693053	64718137	0
8	64718138	64733790	1
8	64733791	64739673	0
8	64739674	64850015	1
8	64850016	64947183	0
8	64947184	64969031	2
8	64969032	64980882	0
8	64980883	64987829	1
8	64987830	64999305	0
8	64999306	65018582	1
8	65018583	65028415	0
8	65028416	65037334	1
8	65037335	65075031	0
8	65075032	65077478	2
8	65077479	65085611	0
8	65085612	65129561	1
8	65129562	65618007	0
8	65618008	66471635	2
8	66471636	66473116	0
8	66473117	66486517	1
8	66486518	66511754	0
8	66511755	66518333	2
8	66518334	66679963	0
8	66679964	66688126	1
8	66688127	66697190	0
8	66697191	66706790	2
8	66706791	66860215	0
8	66860216	66890562	2
8	66890563	67480919	0
8	67480920	67492102	2
8	67492103	67494856	0
8	67494857	67502582	2
8	67502583	67523852	0
8	67523853	67548625	2
8	67548626	67689080	0
8	67689081	68206055	1
8	68206056	68276565	0
8	68276566	68347697	2
8	68347698	68356779	0
8	68356780	68735144	1
8	68735145	68793927	0
8	68793928	68829408	2
8	68829409	68880489	0
8	68880490	68906932	2
8	68906933	69037709	0
8	69037710	69088644	1
8	69088645	69089220	3
8	69089221	69089233	1
8	69089234	69113709	2
8	69113710	69132667	0
8	69132668	69184223	1
8	69184224	69209036	0
8	69209037	69230534	2
8	69230535	69271078	0
8	69271079	69303373	2
8	69303374	69427978	0
8	69427979	69453563	1
8	69453564	69481344	0
8	69481345	69522974	1
8	69522975	69610855	0
8	69610856	69625546	1
8	69625547	69654490	0
8	69654491	69666980	2
8	69666981	69706330	0
8	69706331	69710722	1
8	69710723	69741637	0
8	69741638	69791161	1
8	69791162	69791176	3
8	69791177	69807747	2
8	69807748	69808677	0
8	69808678	69821868	2
8	69821869	69822427	0
8	69822428	69831100	2
8	69831101	69832489	0
8	69832490	69872290	2
8	69872291	69880367	0
8	69880368	69887685	1
8	69887686	69887786	0
8	69887787	69902182	1
8	69902183	69902710	3
8	69902711	69903516	2
8	69903517	69907074	0
8	69907075	69996382	1
8	69996383	70016121	0
8	70016122	70042732	1
8	70042733	70042811	0
8	70042812	70072345	2
8	70072346	70072922	0
8	70072923	70080064	2
8	70080065	70083455	0
8	70083456	70090860	2
8	70090861	70093083	0
8	70093084	70120871	1
8	70120872	70130804	0
8	70130805	70131331	1
8	70131332	70133746	3
8	70133747	70139152	1
8	70139153	70139497	0
8	70139498	70167486	2
8	70167487	70172403	0
8	70172404	70183679	2
8	70183680	70184338	0
8	70184339	70212303	1
8	70212304	70220170	0
8	70220171	70234224	1
8	70234225	70234464	3
8	70234465	70264294	2
8	70264295	70282825	0
8	70282826	70292864	2
8	70292865	70294359	3
8	70294360	70302487	1
8	70302488	70302516	0
8	70302517	70312988	2
8	70312989	70315773	0
8	70315774	70331523	2
8	70331524	70331590	3
8	70331591	70353276	1
8	70353277	70373556	0
8	70373557	70382064	2
8	70382065	70382353	0
8	70382354	70439577	1
8	70439578	70450217	0
8	70450218	70476966	1
8	70476967	70483865	0
8	70483866	70487356	1
8	70487357	70493156	0
8	70493157	70504079	2
8	70504080	70504293	0
8	70504294	70506750	1
8	70506751	70508261	0
8	70508262	70527722	1
8	70527723	70527954	3
8	70527955	70535326	2
8	70535327	70539455	0
8	70539456	70592856	2
8	70592857	70594371	0
8	70594372	70597288	2
8	70597289	70597488	0
8	70597489	70608870	1
8	70608871	70616153	0
8	70616154	70621481	2
8	70621482	70629391	0
8	70629392	70632454	1
8	70632455	70646433	0
8	70646434	70660386	1
8	70660387	70673246	0
8	70673247	70678750	2
8	70678751	70698947	0
8	70698948	70700614	2
8	70700615	70703455	0
8	70703456	70717648	2
8	70717649	70718541	0
8	70718542	70722632	2
8	70722633	70723718	0
8	70723719	70751184	2
8	70751185	70754677	0
8	70754678	70758647	2
8	70758648	70758675	3
8	70758676	70760944	1
8	70760945	70768174	0
8	70768175	70776711	1
8	70776712	70778115	0
8	70778116	70805052	1
8	70805053	70808447	0
8	70808448	70821422	2
8	70821423	70835127	0
8	70835128	70839718	1
8	70839719	70842047	0
8	70842048	70863256	1
8	70863257	70868225	0
8	70868226	70873933	1
8	70873934	70882887	0
8	70882888	70892755	1
8	70892756	70894720	0
8	70894721	70897410	1
8	70897411	70905930	0
8	70905931	70917525	2
8	70917526	71251123	0
8	71251124	71272712	1
8	71272713	71272932	3
8	71272933	71360711	2
8	71360712	71366846	0
8	71366847	71369730	2
8	71369731	71371296	0
8	71371297	71374125	2
8	71374126	71374380	3
8	71374381	71375750	2
8	71375751	71379359	3
8	71379360	71381958	1
8	71381959	71385367	0
8	71385368	71395783	1
8	71395784	71396859	0
8	71396860	71404617	2
8	71404618	71406008	0
8	71406009	71409902	2
8	71409903	71456703	0
8	71456704	71463653	1
8	71463654	71464957	0
8	71464958	71465745	2
8	71465746	71469197	0
8	71469198	71476017	2
8	71476018	71476096	3
8	71476097	71485961	1
8	71485962	71488101	0
8	71488102	71493398	2
8	71493399	71497763	0
8	71497764	71511750	1
8	71511751	71520118	0
8	71520119	71525709	1
8	71525710	71534253	0
8	71534254	71537454	1
8	71537455	71542928	0
8	71542929	71548024	2
8	71548025	71554236	0
8	71554237	71558869	1
8	71558870	71560553	0
8	71560554	71566599	1
8	71566600	71568880	0
8	71568881	71586706	2
8	71586707	71592174	0
8	71592175	71596267	2
8	71596268	71597646	0
8	71597647	71607934	2
8	71607935	71610996	0
8	71610997	71624415	2
8	71624416	71624909	3
8	71624910	71671755	1
8	71671756	71676294	0
8	71676295	71690573	2
8	71690574	71690754	0
8	71690755	71701787	1
8	71701788	71708385	0
8	71708386	71725714	1
8	71725715	71882017	0
8	71882018	71895725	2
8	71895726	71908606	0
8	71908607	71934627	2
8	71934628	71951036	0
8	71951037	71971714	2
8	71971715	71988480	0
8	71988481	72009624	1
8	72009625	72041216	0
8	72041217	72060628	2
8	72060629	72083175	0
8	72083176	72103082	2
8	72103083	72107038	0
8	72107039	72118145	2
8	72118146	72135257	0
8	72135258	72153140	2
8	72153141	72161198	0
8	72161199	72183902	2
8	72183903	72189636	0
8	72189637	72201525	2
8	72201526	72204376	0
8	72204377	72212817	1
8	72212818	72213492	0
8	72213493	72213634	1
8	72213635	72219728	0
8	72219729	72224416	2
8	72224417	72240016	0
8	72240017	72257383	2
8	72257384	72304108	0
8	72304109	72305258	1
8	72305259	72319031	0
8	72319032	72321654	2
8	72321655	72340997	0
8	72340998	72421458	1
8	72421459	72424174	0
8	72424175	72443868	1
8	72443869	72443878	0
8	72443879	72460487	2
8	72460488	72460999	3
8	72461000	72475224	1
8	72475225	72480639	0
8	72480640	72492612	1
8	72492613	72494559	0
8	72494560	72548268	1
8	72548269	72565186	0
8	72565187	72571086	1
8	72571087	72572053	0
8	72572054	72587280	2
8	72587281	72646709	0
8	72646710	72717874	2
8	72717875	72723283	0
8	72723284	72758199	2
8	72758200	72761878	0
8	72761879	72763872	2
8	72763873	72814597	0
8	72814598	73353538	1
8	73353539	74873171	0
8	74873172	74893504	2
8	74893505	74993354	0
8	74993355	75031970	2
8	75031971	75033703	0
8	75033704	75070119	2
8	75070120	75093619	0
8	75093620	75100587	2
8	75100588	75109567	0
8	75109568	75128437	2
8	75128438	75213942	0
8	75213943	75224111	2
8	75224112	75405338	0
8	75405339	75406587	1
8	75406588	75448692	0
8	75448693	75984501	2
8	75984502	76899440	0
8	76899441	77245010	2
8	77245011	77250364	0
8	77250365	77517951	1
8	77517952	77549395	0
8	77549396	77581336	2
8	77581337	77595980	0
8	77595981	77610696	1
8	77610697	77663029	0
8	77663030	77724434	1
8	77724435	78213295	0
8	78213296	78394324	2
8	78394325	78433008	0
8	78433009	78436643	1
8	78436644	78505267	0
8	78505268	78508896	1
8	78508897	78509350	0
8	78509351	78734001	2
8	78734002	78804863	0
8	78804864	78821138	1
8	78821139	79028435	0
8	79028436	79193764	2
8	79193765	79210429	0
8	79210430	79248568	1
8	79248569	79263596	0
8	79263597	79294935	1
8	79294936	79338393	0
8	79338394	79399516	1
8	79399517	79639616	0
8	79639617	79677722	2
8	79677723	79683460	0
8	79683461	79711738	1
8	79711739	79711818	0
8	79711819	79779057	2
8	79779058	79965851	0
8	79965852	80058004	1
8	80058005	80493779	0
8	80493780	80510540	2
8	80510541	80611078	0
8	80611079	80695354	2
8	80695355	80698505	0
8	80698506	80739495	1
8	80739496	80764436	0
8	80764437	80880517	1
8	80880518	80980731	0
8	80980732	81014926	1
8	81014927	81342556	0
8	81342557	82127912	2
8	82127913	82331630	0
8	82331631	82403220	1
8	82403221	82763619	0
8	82763620	82774158	1
8	82774159	82863354	0
8	82863355	83091266	2
8	83091267	83165079	0
8	83165080	83165350	1
8	83165351	83166168	3
8	83166169	83272932	2
8	83272933	83290350	0
8	83290351	83298450	2
8	83298451	83312630	0
8	83312631	83332484	1
8	83332485	83348469	0
8	83348470	83379400	2
8	83379401	83389865	0
8	83389866	83428550	2
8	83428551	83430508	0
8	83430509	83458347	1
8	83458348	83535778	0
8	83535779	83545225	2
8	83545226	83566669	0
8	83566670	83571624	2
8	83571625	83571696	0
8	83571697	83594482	1
8	83594483	83608191	0
8	83608192	83612651	2
8	83612652	83652675	0
8	83652676	83664692	2
8	83664693	83666534	0
8	83666535	83666676	1
8	83666677	83672751	3
8	83672752	83699177	1
8	83699178	83715175	0
8	83715176	83723249	2
8	83723250	83723346	3
8	83723347	83723360	2
8	83723361	83726890	3
8	83726891	83741324	1
8	83741325	83900103	0
8	83900104	83932327	2
8	83932328	83941952	3
8	83941953	83955203	1
8	83955204	83955505	0
8	83955506	83970195	2
8	83970196	83972991	0
8	83972992	83996441	2
8	83996442	83997670	0
8	83997671	84000407	2
8	84000408	84001500	0
8	84001501	84004768	2
8	84004769	84010220	0
8	84010221	84012169	1
8	84012170	84021469	0
8	84021470	84030292	2
8	84030293	84030293	3
8	84030294	84042587	1
8	84042588	84042927	0
8	84042928	84044998	1
8	84044999	84063559	0
8	84063560	84065135	1
8	84065136	84066832	0
8	84066833	84096990	2
8	84096991	84097070	0
8	84097071	84104761	1
8	84104762	84125987	0
8	84125988	84132525	2
8	84132526	84132826	0
8	84132827	84147934	1
8	84147935	84148023	0
8	84148024	84172588	2
8	84172589	84173731	0
8	84173732	84176550	1
8	84176551	84210676	0
8	84210677	84237053	1
8	84237054	84246236	0
8	84246237	84249717	1
8	84249718	84249904	0
8	84249905	84257322	1
8	84257323	84257793	0
8	84257794	84270378	1
8	84270379	84415362	0
8	84415363	84640244	2
8	84640245	84661329	0
8	84661330	84662850	1
8	84662851	84670481	0
8	84670482	84686337	1
8	84686338	84687860	3
8	84687861	84699806	2
8	84699807	84701455	0
8	84701456	84704710	2
8	84704711	84704713	3
8	84704714	84723005	1
8	84723006	84726842	3
8	84726843	84800342	1
8	84800343	84815403	0
8	84815404	84822821	1
8	84822822	84831520	0
8	84831521	84834017	2
8	84834018	84835480	3
8	84835481	84840663	1
8	84840664	84841848	0
8	84841849	84846932	1
8	84846933	84856987	0
8	84856988	84869255	2
8	84869256	84872109	0
8	84872110	84886391	2
8	84886392	84887444	3
8	84887445	84888219	2
8	84888220	84893919	1
8	84893920	84901926	0
8	84901927	84905289	2
8	84905290	84908558	0
8	84908559	84911706	2
8	84911707	84911901	0
8	84911902	84937357	1
8	84937358	84946989	0
8	84946990	84956601	2
8	84956602	84956608	0
8	84956609	84969585	1
8	84969586	84969738	3
8	84969739	84969765	1
8	84969766	84974832	2
8	84974833	84976908	0
8	84976909	84978716	1
8	84978717	84990601	0
8	84990602	85003347	2
8	85003348	85007200	0
8	85007201	85014529	1
8	85014530	85017929	0
8	85017930	85025279	1
8	85025280	85026821	0
8	85026822	85030284	2
8	85030285	85036913	0
8	85036914	85057581	2
8	85057582	85060053	0
8	85060054	85067119	2
8	85067120	85067566	0
8	85067567	85067980	1
8	85067981	85071755	0
8	85071756	85075033	2
8	85075034	85075160	3
8	85075161	85080738	1
8	85080739	85080744	3
8	85080745	85082337	2
8	85082338	85083313	0
8	85083314	85098280	2
8	85098281	85108551	0
8	85108552	85123093	1
8	85123094	85151922	0
8	85151923	85173620	2
8	85173621	85225986	0
8	85225987	85231507	2
8	85231508	85260390	0
8	85260391	85299630	1
8	85299631	85299800	3
8	85299801	85308276	2
8	85308277	85324301	0
8	85324302	85386343	1
8	85386344	85408757	0
8	85408758	85432831	1
8	85432832	85492574	0
8	85492575	85527558	2
8	85527559	85537631	0
8	85537632	85555342	1
8	85555343	85636586	0
8	85636587	85700922	1
8	85700923	85717576	0
8	85717577	85840919	1
8	85840920	85841000	0
8	85841001	86061374	2
8	86061375	86504577	0
8	86504578	86580684	1
8	86580685	86624041	0
8	86624042	86716630	2
8	86716631	86724005	0
8	86724006	86745697	1
8	86745698	86745932	3
8	86745933	86746601	2
8	86746602	86841137	0
8	86841138	86885256	1
8	86885257	87468403	0
8	87468404	87472607	1
8	87472608	87563851	0
8	87563852	87589422	2
8	87589423	87661808	0
8	87661809	87959593	1
8	87959594	88118767	0
8	88118768	88135104	2
8	88135105	88137853	0
8	88137854	88172025	2
8	88172026	88199211	0
8	88199212	88259720	2
8	88259721	88272401	0
8	88272402	88329960	2
8	88329961	88331057	0
8	88331058	88362192	1
8	88362193	88521352	0
8	88521353	88594882	2
8	88594883	88626561	0
8	88626562	88636126	1
8	88636127	88647313	0
8	88647314	88688472	2
8	88688473	88697026	0
8	88697027	88751943	2
8	88751944	89027233	0
8	89027234	89044160	1
8	89044161	90247038	0
8	90247039	90348341	1
8	90348342	90816143	0
8	90816144	90817391	1
8	90817392	90828350	0
8	90828351	91054514	2
8	91054515	91070055	0
8	91070056	91111782	2
8	91111783	91123842	3
8	91123843	91199969	1
8	91199970	91217028	0
8	91217029	91313260	1
8	91313261	91313523	0
8	91313524	91668437	2
8	91668438	91798523	0
8	91798524	91802065	1
8	91802066	92357623	0
8	92357624	92376284	2
8	92376285	92674286	0
8	92674287	92680954	2
8	92680955	92827289	0
8	92827290	92853418	2
8	92853419	92855337	0
8	92855338	92919277	2
8	92919278	92960077	0
8	92960078	93001665	2
8	93001666	93020212	0
8	93020213	93048190	1
8	93048191	93056726	0
8	93056727	93080015	1
8	93080016	93099013	0
8	93099014	93131269	1
8	93131270	93166066	0
8	93166067	93197836	1
8	93197837	93201216	0
8	93201217	93229617	1
8	93229618	93256234	0
8	93256235	93279745	1
8	93279746	93302367	0
8	93302368	93337306	1
8	93337307	93351841	0
8	93351842	93379723	1
8	93379724	93499062	0
8	93499063	93535828	1
8	93535829	93809964	0
8	93809965	93969386	2
8	93969387	93971586	0
8	93971587	94012840	1
8	94012841	94015494	0
8	94015495	94037029	1
8	94037030	94037196	0
8	94037197	94067919	2
8	94067920	94067952	0
8	94067953	94098926	1
8	94098927	94137195	0
8	94137196	94139029	2
8	94139030	94152605	0
8	94152606	94154144	2
8	94154145	94172662	0
8	94172663	94173566	2
8	94173567	94179080	0
8	94179081	94180325	2
8	94180326	94214562	0
8	94214563	94317225	2
8	94317226	94329199	0
8	94329200	94366212	2
8	94366213	94386436	0
8	94386437	94395375	2
8	94395376	94434389	0
8	94434390	94527270	2
8	94527271	94532988	0
8	94532989	94570529	2
8	94570530	94574136	0
8	94574137	94601935	1
8	94601936	94601995	3
8	94601996	94660273	2
8	94660274	94666598	0
8	94666599	94674423	2
8	94674424	94674892	0
8	94674893	94696276	1
8	94696277	94745588	0
8	94745589	94751697	2
8	94751698	94772007	0
8	94772008	94782425	2
8	94782426	94810451	0
8	94810452	94812034	2
8	94812035	94819802	0
8	94819803	94838319	1
8	94838320	94838356	3
8	94838357	94854893	2
8	94854894	94857448	0
8	94857449	94863826	2
8	94863827	94864240	3
8	94864241	94867446	2
8	94867447	94871714	3
8	94871715	94873533	2
8	94873534	94876328	1
8	94876329	94902867	0
8	94902868	94918096	1
8	94918097	94923692	0
8	94923693	94943278	2
8	94943279	94976991	0
8	94976992	95014215	2
8	95014216	95017690	0
8	95017691	95045248	2
8	95045249	95055101	0
8	95055102	95078139	2
8	95078140	95081184	0
8	95081185	95099826	2
8	95099827	95100209	3
8	95100210	95202810	1
8	95202811	95239043	0
8	95239044	95306583	1
8	95306584	95310564	0
8	95310565	95323009	2
8	95323010	95326321	3
8	95326322	95331948	1
8	95331949	95332282	0
8	95332283	95347505	2
8	95347506	95352266	0
8	95352267	95375078	2
8	95375079	95420247	0
8	95420248	95434867	1
8	95434868	95446094	0
8	95446095	95488825	1
8	95488826	95534083	0
8	95534084	95558888	2
8	95558889	95559068	0
8	95559069	95575453	1
8	95575454	95633451	0
8	95633452	95645058	2
8	95645059	95676978	0
8	95676979	95715117	2
8	95715118	95715879	0
8	95715880	95719008	2
8	95719009	95719449	0
8	95719450	95807462	1
8	95807463	95825344	0
8	95825345	95826132	2
8	95826133	95835918	0
8	95835919	95853537	1
8	95853538	95864132	0
8	95864133	95888545	1
8	95888546	99024469	0
8	99024470	99416469	1
8	99416470	102632093	0
8	102632094	102785640	1
8	102785641	104101623	0
8	104101624	104144509	2
8	104144510	104170440	0
8	104170441	104219120	2
8	104219121	104226683	0
8	104226684	104248556	1
8	104248557	104250859	0
8	104250860	104264936	2
8	104264937	104281040	0
8	104281041	104310143	1
8	104310144	104321565	0
8	104321566	104321785	2
8	104321786	104322228	0
8	104322229	104330762	2
8	104330763	104339408	0
8	104339409	104347670	2
8	104347671	104348189	0
8	104348190	104395805	1
8	104395806	104417678	0
8	104417679	104443045	1
8	104443046	104446717	0
8	104446718	104509885	1
8	104509886	104511026	0
8	104511027	104534635	1
8	104534636	104534698	0
8	104534699	104550341	2
8	104550342	104591449	0
8	104591450	104599024	2
8	104599025	104601909	0
8	104601910	104624394	1
8	104624395	104628068	0
8	104628069	104631325	1
8	104631326	104639836	0
8	104639837	104641963	1
8	104641964	104734001	0
8	104734002	104741632	2
8	104741633	104831570	0
8	104831571	104840091	2
8	104840092	104847066	0
8	104847067	104854481	2
8	104854482	104926258	0
8	104926259	104934670	2
8	104934671	104947354	0
8	104947355	104955960	2
8	104955961	104961716	0
8	104961717	104969535	2
8	104969536	105000851	0
8	105000852	105021176	2
8	105021177	105048599	0
8	105048600	105058411	2
8	105058412	105083753	0
8	105083754	105093927	2
8	105093928	105131798	0
8	105131799	105150107	2
8	105150108	105170672	0
8	105170673	105217987	2
8	105217988	105225143	0
8	105225144	105252636	2
8	105252637	105253051	3
8	105253052	105255151	1
8	105255152	105258284	0
8	105258285	105264607	1
8	105264608	105264646	0
8	105264647	105269324	2
8	105269325	105269799	0
8	105269800	105275843	2
8	105275844	105276138	0
8	105276139	105280407	2
8	105280408	105281937	3
8	105281938	105289862	1
8	105289863	105289922	0
8	105289923	105296096	1
8	105296097	105297661	0
8	105297662	105305368	2
8	105305369	105305607	0
8	105305608	105310758	2
8	105310759	105312339	0
8	105312340	105326274	1
8	105326275	105326352	0
8	105326353	105329161	2
8	105329162	105335217	3
8	105335218	105347951	1
8	105347952	105348841	0
8	105348842	105368741	2
8	105368742	105373272	0
8	105373273	105382805	2
8	105382806	105382860	3
8	105382861	105413500	1
8	105413501	105413620	0
8	105413621	105464084	2
8	105464085	105467491	0
8	105467492	105471524	1
8	105471525	105472421	0
8	105472422	105496868	1
8	105496869	105518753	0
8	105518754	105523986	2
8	105523987	105524463	0
8	105524464	105566045	1
8	105566046	105566696	0
8	105566697	105605253	1
8	105605254	105622217	3
8	105622218	105636577	1
8	105636578	105637391	3
8	105637392	105682920	2
8	105682921	105686272	0
8	105686273	105696417	2
8	105696418	105698141	3
8	105698142	105701082	1
8	105701083	105701152	0
8	105701153	105703494	2
8	105703495	105703650	0
8	105703651	105707931	1
8	105707932	105708289	0
8	105708290	105710244	2
8	105710245	105713852	0
8	105713853	105758662	1
8	105758663	105768306	0
8	105768307	105827348	1
8	105827349	105827729	0
8	105827730	105844675	2
8	105844676	105844678	3
8	105844679	105852052	1
8	105852053	105855130	0
8	105855131	105856948	2
8	105856949	105860578	0
8	105860579	105879328	2
8	105879329	105880879	0
8	105880880	105893223	2
8	105893224	105893565	0
8	105893566	105895021	2
8	105895022	105900439	0
8	105900440	105931776	2
8	105931777	105932001	0
8	105932002	105933860	1
8	105933861	105935737	0
8	105935738	105938442	1
8	105938443	105939549	0
8	105939550	105943380	1
8	105943381	105943588	0
8	105943589	105966095	1
8	105966096	105973511	0
8	105973512	105979427	1
8	105979428	105984942	0
8	105984943	105991335	1
8	105991336	105991747	3
8	105991748	105996421	1
8	105996422	106009619	2
8	106009620	106011880	3
8	106011881	106053817	2
8	106053818	106058838	0
8	106058839	106130317	2
8	106130318	106130535	3
8	106130536	106136972	1
8	106136973	106150397	0
8	106150398	106164713	2
8	106164714	106168855	0
8	106168856	106198704	2
8	106198705	106200715	0
8	106200716	106210931	1
8	106210932	106210934	0
8	106210935	106252546	2
8	106252547	106252792	3
8	106252793	106337986	1
8	106337987	106415337	0
8	106415338	106425893	2
8	106425894	106500520	0
8	106500521	106507340	2
8	106507341	106510889	0
8	106510890	106557295	2
8	106557296	106572964	0
8	106572965	106573459	1
8	106573460	106603349	0
8	106603350	106670244	2
8	106670245	106683066	0
8	106683067	106851437	2
8	106851438	106870240	0
8	106870241	106883861	2
8	106883862	106884564	3
8	106884565	106893599	1
8	106893600	106893634	0
8	106893635	106923086	2
8	106923087	106935748	0
8	106935749	107019712	2
8	107019713	107031220	0
8	107031221	107045753	2
8	107045754	107046287	0
8	107046288	107056687	1
8	107056688	107056875	0
8	107056876	107060929	2
8	107060930	107061474	0
8	107061475	107065642	1
8	107065643	107069398	0
8	107069399	107096545	1
8	107096546	107150638	0
8	107150639	107187469	2
8	107187470	107293468	0
8	107293469	107379514	2
8	107379515	107388223	0
8	107388224	107403204	1
8	107403205	107412487	0
8	107412488	107425047	1
8	107425048	107436363	0
8	107436364	107558593	2
8	107558594	107580379	0
8	107580380	107588462	1
8	107588463	107942642	0
8	107942643	108961628	2
8	108961629	109494025	0
8	109494026	109542638	2
8	109542639	109548009	0
8	109548010	109565859	1
8	109565860	109565890	0
8	109565891	109574049	2
8	109574050	109575126	0
8	109575127	109579170	1
8	109579171	109593475	0
8	109593476	109608671	1
8	109608672	109614515	0
8	109614516	109671323	2
8	109671324	109672590	3
8	109672591	109674384	2
8	109674385	109693258	1
8	109693259	109705544	0
8	109705545	109724930	2
8	109724931	109726449	0
8	109726450	109737737	1
8	109737738	109778552	0
8	109778553	109864202	2
8	109864203	109868601	0
8	109868602	109944669	2
8	109944670	109947912	0
8	109947913	109962201	1
8	109962202	109990435	0
8	109990436	109999801	2
8	109999802	110029151	0
8	110029152	110039738	1
8	110039739	110079760	0
8	110079761	110082801	2
8	110082802	110092739	3
8	110092740	110101205	1
8	110101206	110102751	3
8	110102752	110111959	2
8	110111960	110137500	0
8	110137501	110168208	1
8	110168209	110215663	0
8	110215664	110224484	2
8	110224485	110266975	0
8	110266976	110610251	2
8	110610252	110618597	0
8	110618598	110720396	2
8	110720397	110721474	0
8	110721475	110741398	2
8	110741399	110741838	0
8	110741839	110805901	1
8	110805902	110810237	0
8	110810238	110846598	1
8	110846599	110846774	3
8	110846775	110882225	2
8	110882226	110882461	0
8	110882462	110902457	1
8	110902458	110919920	0
8	110919921	110972478	2
8	110972479	110974994	0
8	110974995	110997798	1
8	110997799	111003186	0
8	111003187	111031749	1
8	111031750	111033142	0
8	111033143	111057662	2
8	111057663	111069495	0
8	111069496	111082086	1
8	111082087	111094628	0
8	111094629	111137072	2
8	111137073	111154419	0
8	111154420	111259214	1
8	111259215	111270942	0
8	111270943	111300220	1
8	111300221	111311795	0
8	111311796	111338175	1
8	111338176	111345139	0
8	111345140	111393822	1
8	111393823	111448795	0
8	111448796	111522090	1
8	111522091	111536095	0
8	111536096	111626028	2
8	111626029	111626269	0
8	111626270	111630372	1
8	111630373	111643399	0
8	111643400	111671009	2
8	111671010	111686517	0
8	111686518	111691008	1
8	111691009	111710472	0
8	111710473	111743807	1
8	111743808	111768489	0
8	111768490	111854289	1
8	111854290	111863036	0
8	111863037	111876748	1
8	111876749	111889134	0
8	111889135	111910445	1
8	111910446	111912009	0
8	111912010	111933879	1
8	111933880	111940701	0
8	111940702	111953610	2
8	111953611	111966906	0
8	111966907	111992300	1
8	111992301	111993441	0
8	111993442	112011321	1
8	112011322	112011396	0
8	112011397	112013431	2
8	112013432	112015034	3
8	112015035	112020526	2
8	112020527	112570041	0
8	112570042	112882715	2
8	112882716	113635585	0
8	113635586	113655531	2
8	113655532	113697124	0
8	113697125	113848613	1
8	113848614	114133555	0
8	114133556	114154737	2
8	114154738	114205628	0
8	114205629	114374069	2
8	114374070	114418084	0
8	114418085	114425844	2
8	114425845	114439653	0
8	114439654	115352706	2
8	115352707	115682940	0
8	115682941	115707792	1
8	115707793	116504972	0
8	116504973	116515913	2
8	116515914	116574398	0
8	116574399	116732989	1
8	116732990	116888683	0
8	116888684	116921453	1
8	116921454	116921738	0
8	116921739	116941501	2
8	116941502	116943391	0
8	116943392	116960443	2
8	116960444	116969592	0
8	116969593	116978957	1
8	116978958	116981808	0
8	116981809	116993535	1
8	116993536	116995677	0
8	116995678	117082447	1
8	117082448	117095852	0
8	117095853	117133718	2
8	117133719	117158133	0
8	117158134	117215995	2
8	117215996	117257062	0
8	117257063	117459428	2
8	117459429	117498289	0
8	117498290	117635140	2
8	117635141	117661397	0
8	117661398	117673687	1
8	117673688	117701902	0
8	117701903	117759025	2
8	117759026	117791643	0
8	117791644	117801941	1
8	117801942	118283731	0
8	118283732	119324919	2
8	119324920	119344486	0
8	119344487	119348920	2
8	119348921	119394876	0
8	119394877	119411100	2
8	119411101	119434122	0
8	119434123	119446254	2
8	119446255	119446717	0
8	119446718	119472638	2
8	119472639	119479600	0
8	119479601	119501696	1
8	119501697	119508154	0
8	119508155	119558733	1
8	119558734	119561987	0
8	119561988	119575181	1
8	119575182	119575233	0
8	119575234	119597973	2
8	119597974	119598452	3
8	119598453	119605220	1
8	119605221	119612745	0
8	119612746	119616922	2
8	119616923	119623852	0
8	119623853	119635678	1
8	119635679	119666363	0
8	119666364	119688220	2
8	119688221	119700007	0
8	119700008	119757715	2
8	119757716	119760074	0
8	119760075	119778414	1
8	119778415	119809220	0
8	119809221	119840542	1
8	119840543	119862270	0
8	119862271	119876993	2
8	119876994	119910358	0
8	119910359	120080888	2
8	120080889	120101480	3
8	120101481	120166395	2
8	120166396	120177464	3
8	120177465	120578631	2
8	120578632	120589302	3
8	120589303	120608600	2
8	120608601	120634490	3
8	120634491	120653912	2
8	120653913	120668119	3
8	120668120	121091626	2
8	121091627	121108316	3
8	121108317	121530778	2
8	121530779	121541952	3
8	121541953	121549438	2
8	121549439	121578804	3
8	121578805	121598701	2
8	121598702	121652899	3
8	121652900	121796311	2
8	121796312	121829567	3
8	121829568	121881148	2
8	121881149	121907692	3
8	121907693	121916124	2
8	121916125	121944902	3
8	121944903	122356965	2
8	122356966	122360744	3
8	122360745	122424774	2
8	122424775	122432906	3
8	122432907	122433599	2
8	122433600	122443420	3
8	122443421	122454206	2
8	122454207	122460731	3
8	122460732	122466145	2
8	122466146	122476062	3
8	122476063	122481696	2
8	122481697	122551327	3
8	122551328	122574633	2
8	122574634	122575487	3
8	122575488	122578240	2
8	122578241	122611461	3
8	122611462	122619469	2
8	122619470	122622737	3
8	122622738	122625139	2
8	122625140	122699107	3
8	122699108	122883820	2
8	122883821	123042018	3
8	123042019	123140190	2
8	123140191	123158268	3
8	123158269	123204262	2
8	123204263	123212758	3
8	123212759	123232253	2
8	123232254	123236231	3
8	123236232	123242354	2
8	123242355	123254346	3
8	123254347	123268298	2
8	123268299	123318574	3
8	123318575	123504716	2
8	123504717	123515453	3
8	123515454	123840829	2
8	123840830	123859528	3
8	123859529	123891767	2
8	123891768	123894749	3
8	123894750	123897121	2
8	123897122	123949263	3
8	123949264	123952457	2
8	123952458	123983120	3
8	123983121	123996316	2
8	123996317	124021006	3
8	124021007	124345720	2
8	124345721	124369047	0
8	124369048	124439656	1
8	124439657	124520765	0
8	124520766	124552006	2
8	124552007	124556532	0
8	124556533	124569704	1
8	124569705	124576109	0
8	124576110	124618729	2
8	124618730	124635754	0
8	124635755	124663367	1
8	124663368	124671330	0
8	124671331	124721981	1
8	124721982	124722137	0
8	124722138	124734121	2
8	124734122	124740255	0
8	124740256	124751830	1
8	124751831	124793090	0
8	124793091	124834702	2
8	124834703	124838486	0
8	124838487	124863031	1
8	124863032	124863118	3
8	124863119	124890055	2
8	124890056	124893106	0
8	124893107	124897703	1
8	124897704	124897884	0
8	124897885	124906159	2
8	124906160	124908585	0
8	124908586	124949322	1
8	124949323	125012995	0
8	125012996	125034190	2
8	125034191	125054193	0
8	125054194	125261856	2
8	125261857	125418061	0
8	125418062	125569806	1
8	125569807	125669816	0
8	125669817	125673357	2
8	125673358	125730026	0
8	125730027	125748233	2
8	125748234	125751506	0
8	125751507	125898315	1
8	125898316	125910448	0
8	125910449	125947438	2
8	125947439	125995168	0
8	125995169	126030683	2
8	126030684	126298556	0
8	126298557	126395480	2
8	126395481	126422513	0
8	126422514	126425327	2
8	126425328	126425431	3
8	126425432	126475063	1
8	126475064	126588294	0
8	126588295	126593984	1
8	126593985	126930665	0
8	126930666	126945842	1
8	126945843	126947170	0
8	126947171	126971069	1
8	126971070	127063891	0
8	127063892	127612284	2
8	127612285	128359282	0
8	128359283	128503361	2
8	128503362	128685652	0
8	128685653	128733198	2
8	128733199	128734233	0
8	128734234	129065515	1
8	129065516	129067132	0
8	129067133	129129095	2
8	129129096	129131659	3
8	129131660	129183729	2
8	129183730	129216352	0
8	129216353	129234404	1
