<CHROM>	<START>	<END>	<TSB>
10	0	3207928	0
10	3207929	3217748	1
10	3217749	3316055	0
10	3316056	3414973	2
10	3414974	3490238	0
10	3490239	3504875	2
10	3504876	3690362	0
10	3690363	3917301	2
10	3917302	3923116	0
10	3923117	4117079	2
10	4117080	4216378	0
10	4216379	4309468	2
10	4309469	4317073	0
10	4317074	4338106	1
10	4338107	4351913	0
10	4351914	4382386	1
10	4382387	4382465	0
10	4382466	4405139	2
10	4405140	4432500	0
10	4432501	4512229	2
10	4512230	4561987	0
10	4561988	4955612	2
10	4955613	4970915	0
10	4970916	5501480	1
10	5501481	5543773	0
10	5543774	5556902	2
10	5556903	5589216	0
10	5589217	5597615	2
10	5597616	5749158	0
10	5749159	5755598	1
10	5755599	5761885	0
10	5761886	5773908	1
10	5773909	5775661	0
10	5775662	5872398	1
10	5872399	6690627	0
10	6690628	6708504	1
10	6708505	6711759	3
10	6711760	6835794	2
10	6835795	6930374	3
10	6930375	6988196	2
10	6988197	7002476	1
10	7002477	7069061	0
10	7069062	7162235	1
10	7162236	7390360	0
10	7390361	7423636	1
10	7423637	7465562	0
10	7465563	7501245	2
10	7501246	7505135	0
10	7505136	7543265	1
10	7543266	7554643	3
10	7554644	7556898	1
10	7556899	7556976	0
10	7556977	7592222	2
10	7592223	7601762	0
10	7601763	7638912	2
10	7638913	7643709	0
10	7643710	7656679	1
10	7656680	7668285	0
10	7668286	7668584	1
10	7668585	7668653	0
10	7668654	7698897	2
10	7698898	7708232	0
10	7708233	7746158	2
10	7746159	7781415	0
10	7781416	7831992	1
10	7831993	8080571	0
10	8080572	8394587	1
10	8394588	8597981	0
10	8597982	8761812	1
10	8761813	9498678	0
10	9498679	9550950	1
10	9550951	9631289	0
10	9631290	9776821	1
10	9776822	10211445	0
10	10211446	10348068	1
10	10348069	10420744	0
10	10420745	10434007	1
10	10434008	10557090	0
10	10557091	10557600	2
10	10557601	10561801	0
10	10561802	10958098	1
10	10958099	11025172	0
10	11025173	11093337	2
10	11093338	11157072	0
10	11157073	11173794	2
10	11173795	11219146	0
10	11219147	11335386	2
10	11335387	12257930	0
10	12257931	12745107	1
10	12745108	12813951	0
10	12813952	12840040	1
10	12840041	12881085	0
10	12881086	12884925	2
10	12884926	12936246	0
10	12936247	13007436	2
10	13007437	13025282	0
10	13025283	13053765	1
10	13053766	13053882	0
10	13053883	13068910	1
10	13068911	13083459	0
10	13083460	13350154	1
10	13350155	13375282	0
10	13375283	13394777	2
10	13394778	13399584	0
10	13399585	13428636	1
10	13428637	13428884	3
10	13428885	13439118	2
10	13439119	13522796	0
10	13522797	13744722	1
10	13744723	13841817	0
10	13841818	14027116	2
10	14027117	14278325	0
10	14278326	14421401	1
10	14421402	14530497	0
10	14530498	14581302	1
10	14581303	14581333	0
10	14581334	14591365	2
10	14591366	14593956	3
10	14593957	14646592	2
10	14646593	17598964	0
10	17598965	17601420	2
10	17601421	17672002	0
10	17672003	17721411	2
10	17721412	17744358	0
10	17744359	17823813	1
10	17823814	17887006	0
10	17887007	17899034	1
10	17899035	17931607	0
10	17931608	18000901	2
10	18000902	18004768	0
10	18004769	18086636	1
10	18086637	18089422	0
10	18089423	18110744	1
10	18110745	18194731	0
10	18194732	18409638	2
10	18409639	18415244	0
10	18415245	18421822	1
10	18421823	18457585	0
10	18457586	18619695	1
10	18619696	18655471	0
10	18655472	18662539	1
10	18662540	18720766	0
10	18720767	18732819	2
10	18732820	18876656	0
10	18876657	18891403	1
10	18891404	19232279	0
10	19232280	19234350	2
10	19234351	19467695	0
10	19467696	19485975	2
10	19485976	19497744	0
10	19497745	19510427	2
10	19510428	19588316	0
10	19588317	19635799	2
10	19635800	19723660	0
10	19723661	19727203	1
10	19727204	19729644	0
10	19729645	19783433	1
10	19783434	19810216	0
10	19810217	20018497	2
10	20018498	20024215	0
10	20024216	20157334	2
10	20157335	20188213	0
10	20188214	20218245	2
10	20218246	20223514	0
10	20223515	20237048	2
10	20237049	20273748	0
10	20273749	20600822	1
10	20600823	20828444	0
10	20828445	20956326	2
10	20956327	21000832	0
10	21000833	21036881	1
10	21036882	21171876	0
10	21171877	21244795	2
10	21244796	21253188	0
10	21253189	21272482	2
10	21272483	21469042	0
10	21469043	21498273	2
10	21498274	21758081	0
10	21758082	21875800	2
10	21875801	21942204	0
10	21942205	21943976	1
10	21943977	21988947	0
10	21988948	22025167	1
10	22025168	22034466	0
10	22034467	22250036	2
10	22250037	22520908	0
10	22520909	22579776	2
10	22579777	22580182	3
10	22580183	22607835	1
10	22607836	22693178	0
10	22693179	22696071	1
10	22696072	22978860	0
10	22978861	23226682	1
10	23226683	23661079	0
10	23661080	23663171	1
10	23663172	23672882	0
10	23672883	23703864	2
10	23703865	23727358	0
10	23727359	23745739	2
10	23745740	23770584	0
10	23770585	23781239	2
10	23781240	23796252	0
10	23796253	23797365	2
10	23797366	23814468	0
10	23814469	23817479	2
10	23817480	23825454	0
10	23825455	23826485	2
10	23826486	23836390	0
10	23836391	23837433	2
10	23837434	23846602	0
10	23846603	23847615	2
10	23847616	23860505	0
10	23860506	23861542	1
10	23861543	23868301	0
10	23868302	23869377	1
10	23869378	23875835	0
10	23875836	23876911	2
10	23876912	23903118	0
10	23903119	23904194	2
10	23904195	23913510	0
10	23913511	23914586	2
10	23914587	23925406	0
10	23925407	23926482	2
10	23926483	23952396	0
10	23952397	23953430	2
10	23953431	23967156	0
10	23967157	23968190	1
10	23968191	23976774	0
10	23976775	23977808	1
10	23977809	23984384	0
10	23984385	23985430	1
10	23985431	24025213	0
10	24025214	24066118	2
10	24066119	24099413	0
10	24099414	24178686	2
10	24178687	24471338	0
10	24471339	24474579	2
10	24474580	24513810	0
10	24513811	24588054	1
10	24588055	24648302	0
10	24648303	24718719	1
10	24718720	24745882	0
10	24745883	24789577	2
10	24789578	24791117	0
10	24791118	24803380	1
10	24803381	25044986	0
10	25044987	25183766	1
10	25183767	25235694	0
10	25235695	25399415	2
10	25399416	25403839	0
10	25403840	25412163	1
10	25412164	25867082	0
10	25867083	25954948	1
10	25954949	26105603	0
10	26105604	26148068	2
10	26148069	26150364	0
10	26150365	26251179	1
10	26251180	26629415	0
10	26629416	26794642	2
10	26794643	26857279	0
10	26857280	27492837	1
10	27492838	27950814	0
10	27950815	28473391	2
10	28473392	28544354	0
10	28544355	28759809	2
10	28759810	28848282	0
10	28848283	28862297	1
10	28862298	29019833	0
10	29019834	29106773	2
10	29106774	29189160	0
10	29189161	29220170	2
10	29220171	29221554	3
10	29221555	29222170	2
10	29222171	29223463	3
10	29223464	29238436	1
10	29238437	29328410	0
10	29328411	29411861	1
10	29411862	30070563	0
10	30070564	30076554	1
10	30076555	30410219	0
10	30410220	30476743	1
10	30476744	30484135	0
10	30484136	30494473	1
10	30494474	30519462	0
10	30519463	30679320	1
10	30679321	30708353	0
10	30708354	30718795	1
10	30718796	31189377	0
10	31189378	31204198	2
10	31204199	31208370	0
10	31208371	31321952	1
10	31321953	31369187	0
10	31369188	31485178	1
10	31485179	31565304	0
10	31565305	32766456	1
10	32766457	32956548	0
10	32956549	33352703	2
10	33352704	33388280	0
10	33388281	33500763	1
10	33500764	33642418	0
10	33642419	33662698	1
10	33662699	33733715	0
10	33733716	33755526	2
10	33755527	33781105	0
10	33781106	33792015	2
10	33792016	33795136	0
10	33795137	33827253	1
10	33827254	33872549	0
10	33872550	33895618	1
10	33895619	33913591	0
10	33913592	33914778	2
10	33914779	33920304	3
10	33920305	33963809	2
10	33963810	33972513	3
10	33972514	33985809	2
10	33985810	34002061	0
10	34002062	34003978	1
10	34003979	34027387	0
10	34027388	34083709	1
10	34083710	34158184	0
10	34158185	34161269	2
10	34161270	34164282	0
10	34164283	34173436	1
10	34173437	34177314	3
10	34177315	34265975	1
10	34265976	34273079	3
10	34273080	34294546	1
10	34294547	34359393	0
10	34359394	34487272	2
10	34487273	35584669	0
10	35584670	35587886	1
10	35587887	36382808	0
10	36382809	36710391	2
10	36710392	36850538	0
10	36850539	36877883	2
10	36877884	37009369	0
10	37009370	37014914	1
10	37014915	38696535	0
10	38696536	38697773	1
10	38697774	38841509	0
10	38841510	38986182	2
10	38986183	38994798	0
10	38994799	39009908	1
10	39009909	39010017	0
10	39010018	39026964	2
10	39026965	39027052	3
10	39027053	39039788	1
10	39039789	39244849	0
10	39244850	39441375	2
10	39441376	39488928	0
10	39488929	39531301	2
10	39531302	39608112	0
10	39608113	39751205	2
10	39751206	39766007	0
10	39766008	39775232	1
10	39775233	39834030	0
10	39834031	39862640	1
10	39862641	39877569	0
10	39877570	39901262	1
10	39901263	39909526	0
10	39909527	40018249	1
10	40018250	40099240	0
10	40099241	40123030	1
10	40123031	40123697	0
10	40123698	40134102	1
10	40134103	40163452	0
10	40163453	40178182	1
10	40178183	40225302	0
10	40225303	40359812	2
10	40359813	40446330	0
10	40446331	40480126	2
10	40480127	40506005	0
10	40506006	40550909	2
10	40550910	40559276	0
10	40559277	40687077	2
10	40687078	40707615	0
10	40707616	40759305	1
10	40759306	40759469	0
10	40759470	40814564	2
10	40814565	40945971	0
10	40945972	40948279	1
10	40948280	41064166	0
10	41064167	41179254	1
10	41179255	41179974	0
10	41179975	41310528	2
10	41310529	41326377	0
10	41326378	41341568	2
10	41341569	41352308	0
10	41352309	41363026	2
10	41363027	41363166	0
10	41363167	41366334	1
10	41366335	41366433	0
10	41366434	41390280	2
10	41390281	41395408	0
10	41395409	41407042	2
10	41407043	41414843	0
10	41414844	41592628	1
10	41592629	41594834	0
10	41594835	41685865	1
10	41685866	41685929	0
10	41685930	41784418	2
10	41784419	41790984	0
10	41790985	41894430	1
10	41894431	42057835	0
10	42057836	42152749	1
10	42152750	42188579	0
10	42188580	42354559	1
10	42354560	42378024	0
10	42378025	42411375	2
10	42411376	42437957	0
10	42437958	42459626	1
10	42459627	42459829	0
10	42459830	42578453	2
10	42578454	42637490	0
10	42637491	42708508	2
10	42708509	42736364	0
10	42736365	42836774	2
10	42836775	42878494	0
10	42878495	43050524	1
10	43050525	43097480	0
10	43097481	43340876	2
10	43340877	43354825	0
10	43354826	43391390	2
10	43391391	43400078	0
10	43400079	43400640	2
10	43400641	43401127	0
10	43401128	43416962	1
10	43416963	43455163	0
10	43455164	43460259	2
10	43460260	43750182	0
10	43750183	43777739	1
10	43777740	43777801	0
10	43777802	43823856	2
10	43823857	43826630	0
10	43826631	44024847	1
10	44024848	44144352	0
10	44144353	44240285	2
10	44240286	44313171	0
10	44313172	44334742	1
10	44334743	44943297	0
10	44943298	45043292	2
10	45043293	45054192	0
10	45054193	45194546	2
10	45194547	45211866	0
10	45211867	45248573	2
10	45248574	45252714	0
10	45252715	45346295	1
10	45346296	45453923	0
10	45453924	45588439	2
10	45588440	48970927	0
10	48970928	49664860	1
10	49664861	50468763	0
10	50468764	50727579	2
10	50727580	50770848	0
10	50770849	50865246	2
10	50865247	51356726	0
10	51356727	51372707	2
10	51372708	51461510	0
10	51461511	51466611	1
10	51466612	51490917	0
10	51490918	51507555	1
10	51507556	51553850	0
10	51553851	51606526	2
10	51606527	51898596	0
10	51898597	51904565	2
10	51904566	51922020	0
10	51922021	52071338	1
10	52071339	52109713	0
10	52109714	52197472	2
10	52197473	52211944	0
10	52211945	52234861	1
10	52234862	52234947	3
10	52234948	52258218	1
10	52258219	52265066	0
10	52265067	52280719	2
10	52280720	52293641	0
10	52293642	52316277	2
10	52316278	52566627	0
10	52566628	52987716	2
10	52987717	53149537	0
10	53149538	53213761	1
10	53213762	53220365	3
10	53220366	53256041	1
10	53256042	53412409	0
10	53412410	53472851	1
10	53472852	53484006	3
10	53484007	53506533	1
10	53506534	53509239	0
10	53509240	53627217	1
10	53627218	53780879	0
10	53780880	53952703	1
10	53952704	55890387	0
10	55890388	55983011	1
10	55983012	55992974	3
10	55992975	56104783	1
10	56104784	56253424	0
10	56253425	56266509	2
10	56266510	57362490	0
10	57362491	57389229	2
10	57389230	57391868	0
10	57391869	57408624	1
10	57408625	57508075	0
10	57508076	57617206	2
10	57617207	57660975	0
10	57660976	57664544	2
10	57664545	57670429	0
10	57670430	57687924	2
10	57687925	58058792	0
10	58058793	58060750	1
10	58060751	58065799	0
10	58065800	58068495	1
10	58068496	58070668	0
10	58070669	58072521	1
10	58072522	58091317	0
10	58091318	58141419	2
10	58141420	58159286	0
10	58159287	58260511	2
10	58260512	58282742	0
10	58282743	58330176	2
10	58330177	58333768	0
10	58333769	58412064	2
10	58412065	58436609	0
10	58436610	58511474	1
10	58511475	58549426	0
10	58549427	58554030	1
10	58554031	58649179	0
10	58649180	58974736	2
10	58974737	58977447	0
10	58977448	59057667	1
10	59057668	59057773	0
10	59057774	59062254	2
10	59062255	59159116	0
10	59159117	59209124	2
10	59209125	59239480	0
10	59239481	59257796	2
10	59257797	59258778	0
10	59258779	59277598	1
10	59277599	59282804	0
10	59282805	59452512	1
10	59452513	59538297	0
10	59538298	59699952	2
10	59699953	59715376	0
10	59715377	59735122	2
10	59735123	59785489	0
10	59785490	59787654	1
10	59787655	59823229	0
10	59823230	59838659	1
10	59838660	59838955	3
10	59838956	59935808	2
10	59935809	59942039	0
10	59942040	59971018	2
10	59971019	60017352	0
10	60017353	60055080	1
10	60055081	60113447	0
10	60113448	60138374	2
10	60138375	60138525	0
10	60138526	60182628	1
10	60182629	60208461	3
10	60208462	60235503	1
10	60235504	60239336	3
10	60239337	60532267	1
10	60532268	60547849	0
10	60547850	60588559	1
10	60588560	60598370	0
10	60598371	60667358	1
10	60667359	60925108	0
10	60925109	60930101	2
10	60930102	60934419	0
10	60934420	60983480	1
10	60983481	61007731	0
10	61007732	61024618	2
10	61024619	61032889	0
10	61032890	61109215	1
10	61109216	61133610	0
10	61133611	61140457	2
10	61140458	61155433	0
10	61155434	61219307	1
10	61219308	61253749	0
10	61253750	61261115	2
10	61261116	61264268	0
10	61264269	61288438	1
10	61288439	61311578	0
10	61311579	61418568	2
10	61418569	61431269	0
10	61431270	61464342	2
10	61464343	61484329	0
10	61484330	61509945	2
10	61509946	61516076	0
10	61516077	61529074	2
10	61529075	61531291	0
10	61531292	61538550	2
10	61538551	61551040	0
10	61551041	61574442	2
10	61574443	61575037	3
10	61575038	61619924	1
10	61619925	61674013	0
10	61674014	61814885	1
10	61814886	61943432	0
10	61943433	61968867	1
10	61968868	61970540	3
10	61970541	61979687	1
10	61979688	62021173	0
10	62021174	62067028	1
10	62067029	62088215	0
10	62088216	62101767	2
10	62101768	62104632	0
10	62104633	62215685	1
10	62215686	62218914	0
10	62218915	62258268	1
10	62258269	62264986	0
10	62264987	62285515	1
10	62285516	62291012	0
10	62291013	62322582	1
10	62322583	62329610	0
10	62329611	62363228	1
10	62363229	62374403	0
10	62374404	62414234	1
10	62414235	62416028	0
10	62416029	62438058	1
10	62438059	62451672	0
10	62451673	62486995	1
10	62486996	62494820	0
10	62494821	62561905	1
10	62561906	62579705	0
10	62579706	62628063	1
10	62628064	62640347	0
10	62640348	62744773	1
10	62744774	62756410	0
10	62756411	62782275	2
10	62782276	62782803	0
10	62782804	62809962	2
10	62809963	62816016	0
10	62816017	62849732	2
10	62849733	62850441	0
10	62850442	62859671	1
10	62859672	62860092	0
10	62860093	62894590	2
10	62894591	62896490	0
10	62896491	62913739	2
10	62913740	62935428	0
10	62935429	62937056	2
10	62937057	62951572	0
10	62951573	63039729	1
10	63039730	63079688	0
10	63079689	63153655	2
10	63153656	63154782	0
10	63154783	63217481	1
10	63217482	63218220	0
10	63218221	63246353	2
10	63246354	63257142	0
10	63257143	63257566	1
10	63257567	63265875	0
10	63265876	63764249	2
10	63764250	63926051	3
10	63926052	64839444	2
10	64839445	66844966	0
10	66844967	66932269	1
10	66932270	66932722	3
10	66932723	67092103	2
10	67092104	67102466	0
10	67102467	67121082	1
10	67121083	67371303	0
10	67371304	67378016	2
10	67378017	67380339	0
10	67380340	67384896	1
10	67384897	67721931	0
10	67721932	67748490	1
10	67748491	67815398	0
10	67815399	67879696	2
10	67879697	67928348	0
10	67928349	68114568	1
10	68114569	68266781	0
10	68266782	68377724	1
10	68377725	68559574	0
10	68559575	68618478	2
10	68618479	68987262	0
10	68987263	69045590	2
10	69045591	69048926	3
10	69048927	69127619	2
10	69127620	69170974	0
10	69170975	69188766	1
10	69188767	69234824	0
10	69234825	69863266	2
10	69863267	69932949	0
10	69932950	70029028	2
10	70029029	70040495	0
10	70040496	70055539	2
10	70055540	70080928	0
10	70080929	70121796	2
10	70121797	70276496	0
10	70276497	70393510	2
10	70393511	70394557	3
10	70394558	70394564	2
10	70394565	70491793	1
10	70491794	70758660	0
10	70758661	70995528	1
10	70995529	71061292	0
10	71061293	71074108	1
10	71074109	71090808	0
10	71090809	71121090	1
10	71121091	71166308	0
10	71166309	71180782	1
10	71180783	71183591	0
10	71183592	71221713	2
10	71221714	72490675	0
10	72490676	72510794	2
10	72510795	73657697	0
10	73657698	74485567	2
10	74485568	74793307	0
10	74793308	74803007	1
10	74803008	74852737	3
10	74852738	74868416	1
10	74868417	74872896	0
10	74872897	74890578	2
10	74890579	74896422	0
10	74896423	75020751	2
10	75020752	75047903	0
10	75047904	75148575	2
10	75148576	75152709	0
10	75152710	75170616	2
10	75170617	75236947	0
10	75236948	75252299	2
10	75252300	75260396	3
10	75260397	75277511	2
10	75277512	75353383	1
10	75353384	75353804	3
10	75353805	75373213	2
10	75373214	75385955	0
10	75385956	75396162	1
10	75396163	75397436	0
10	75397437	75422032	2
10	75422033	75425172	0
10	75425173	75453032	2
10	75453033	75472538	0
10	75472539	75479823	1
10	75479824	75481944	0
10	75481945	75600148	1
10	75600149	75607062	0
10	75607063	75617246	1
10	75617247	75619645	0
10	75619646	75634416	1
10	75634417	75650775	0
10	75650776	75658375	1
10	75658376	75666946	0
10	75666947	75673199	1
10	75673200	75695185	0
10	75695186	75696072	1
10	75696073	75729245	0
10	75729246	75731773	2
10	75731774	75732601	0
10	75732602	75757449	1
10	75757450	75759054	0
10	75759055	75768962	1
10	75768963	75772328	3
10	75772329	75773579	2
10	75773580	75774008	0
10	75774009	75776443	1
10	75776444	75778889	0
10	75778890	75785489	2
10	75785490	75790346	0
10	75790347	75845423	2
10	75845424	75868482	0
10	75868483	75879066	2
10	75879067	75893326	0
10	75893327	75946793	1
10	75946794	75983283	0
10	75983284	76025097	2
10	76025098	76043054	0
10	76043055	76073697	1
10	76073698	76089685	0
10	76089686	76096991	2
10	76096992	76098568	0
10	76098569	76181123	1
10	76181124	76187095	0
10	76187096	76278618	1
10	76278619	76284913	0
10	76284914	76295399	2
10	76295400	76296927	3
10	76296928	76296942	2
10	76296943	76304759	1
10	76304760	76304946	3
10	76304947	76351689	2
10	76351690	76367439	0
10	76367440	76391311	2
10	76391312	76398104	0
10	76398105	76406033	2
10	76406034	76411480	0
10	76411481	76425393	2
10	76425394	76431594	0
10	76431595	76459462	1
10	76459463	76544624	0
10	76544625	76562000	1
10	76562001	76597689	0
10	76597690	76797719	1
10	76797720	76868073	0
10	76868074	76888010	2
10	76888011	76896834	3
10	76896835	77002380	1
10	77002381	77095050	0
10	77095051	77105407	2
10	77105408	77126558	0
10	77126559	77254102	1
10	77254103	77322493	0
10	77322494	77351617	1
10	77351618	77366084	0
10	77366085	77401518	2
10	77401519	77417552	0
10	77417553	77434564	2
10	77434565	77441929	0
10	77441930	77454163	2
10	77454164	77458107	0
10	77458108	77481825	2
10	77481826	77522401	0
10	77522402	77525789	2
10	77525790	77526589	3
10	77526590	77532373	2
10	77532374	77533065	3
10	77533066	77577628	2
10	77577629	77578470	3
10	77578471	77586353	2
10	77586354	77587186	3
10	77587187	77594822	2
10	77594823	77595514	3
10	77595515	77606465	2
10	77606466	77607157	3
10	77607158	77612084	2
10	77612085	77612776	3
10	77612777	77617682	2
10	77617683	77618374	3
10	77618375	77623322	2
10	77623323	77624032	3
10	77624033	77630231	2
10	77630232	77630908	3
10	77630909	77634219	2
10	77634220	77634965	3
10	77634966	77646799	2
10	77646800	77647675	3
10	77647676	77661947	2
10	77661948	77662927	3
10	77662928	77722601	2
10	77722602	77733407	0
10	77733408	77738368	1
10	77738369	77743554	0
10	77743555	77805686	1
10	77805687	77814356	0
10	77814357	77822737	2
10	77822738	77822779	0
10	77822780	77845915	1
10	77845916	77865854	0
10	77865855	77878119	1
10	77878120	77879412	3
10	77879413	77899454	2
10	77899455	77905134	0
10	77905135	77919745	2
10	77919746	77997898	0
10	77997899	78005614	1
10	78005615	78006741	0
10	78006742	78020981	1
10	78020982	78022557	0
10	78022558	78080473	1
10	78080474	78105010	0
10	78105011	78188321	1
10	78188322	78236218	0
10	78236219	78248875	1
10	78248876	78261501	0
10	78261502	78263454	2
10	78263455	78272576	0
10	78272577	78300807	1
10	78300808	78353260	0
10	78353261	78356398	2
10	78356399	78410178	0
10	78410179	78420334	2
10	78420335	78420335	0
10	78420336	78427796	1
10	78427797	78446835	0
10	78446836	78453906	1
10	78453907	78547823	0
10	78547824	78554126	1
10	78554127	78582758	0
10	78582759	78588897	1
10	78588898	78616328	0
10	78616329	78650597	2
10	78650598	78680884	0
10	78680885	78687998	1
10	78687999	78711372	0
10	78711373	78718098	2
10	78718099	78749003	0
10	78749004	78756231	2
10	78756232	78786468	0
10	78786469	78794210	2
10	78794211	78799141	0
10	78799142	78807170	2
10	78807171	78816882	0
10	78816883	78823735	2
10	78823736	78848304	0
10	78848305	78855477	2
10	78855478	78864573	0
10	78864574	78872106	2
10	78872107	78900206	0
10	78900207	78933432	1
10	78933433	78984601	0
10	78984602	79030844	2
10	79030845	79083524	0
10	79083525	79130367	2
10	79130368	79192352	0
10	79192353	79233681	2
10	79233682	79304563	0
10	79304564	79329417	2
10	79329418	79362262	0
10	79362263	79369628	1
10	79369629	79376077	0
10	79376078	79391031	1
10	79391032	79412211	0
10	79412212	79423163	1
10	79423164	79442686	0
10	79442687	79449857	1
10	79449858	79454484	0
10	79454485	79473750	1
10	79473751	79475358	0
10	79475359	79481570	1
10	79481571	79500391	0
10	79500392	79504369	2
10	79504370	79505201	0
10	79505202	79511959	2
10	79511960	79518027	0
10	79518028	79524230	2
10	79524231	79524852	0
10	79524853	79531093	2
10	79531094	79540323	0
10	79540324	79547801	2
10	79547802	79552466	0
10	79552467	79571940	2
10	79571941	79571959	0
10	79571960	79582413	1
10	79582414	79590908	0
10	79590909	79594347	2
10	79594348	79594428	3
10	79594429	79602784	1
10	79602785	79613104	0
10	79613105	79617306	2
10	79617307	79618462	3
10	79618463	79626793	1
10	79626794	79629404	0
10	79629405	79656728	2
10	79656729	79656821	0
10	79656822	79666322	2
10	79666323	79690259	0
10	79690260	79696307	2
10	79696308	79700264	3
10	79700265	79700603	2
10	79700604	79710466	1
10	79710467	79715446	0
10	79715447	79719006	2
10	79719007	79722079	0
10	79722080	79724047	2
10	79724048	79726685	0
10	79726686	79728487	2
10	79728488	79730540	0
10	79730541	79744755	1
10	79744756	79745884	0
10	79745885	79746688	1
10	79746689	79746972	3
10	79746973	79752803	1
10	79752804	79752838	3
10	79752839	79754506	1
10	79754507	79757040	3
10	79757041	79758105	2
10	79758106	79762875	0
10	79762876	79790850	2
10	79790851	79795984	0
10	79795985	79806035	2
10	79806036	79806547	0
10	79806548	79812950	2
10	79812951	79813022	3
10	79813023	79820162	1
10	79820163	79824416	0
10	79824417	79831894	2
10	79831895	79832326	0
10	79832327	79851404	2
10	79851405	79852485	0
10	79852486	79867304	2
10	79867305	79871781	0
10	79871782	79875627	1
10	79875628	79889320	0
10	79889321	79892271	2
10	79892272	79892824	0
10	79892825	79940202	1
10	79940203	79951635	0
10	79951636	79966283	2
10	79966284	79966514	3
10	79966515	79976667	1
10	79976668	79977289	0
10	79977290	79981650	2
10	79981651	79984104	0
10	79984105	79994200	2
10	79994201	80001817	0
10	80001818	80007487	2
10	80007488	80008776	0
10	80008777	80010978	2
10	80010979	80015314	0
10	80015315	80025842	2
10	80025843	80062266	0
10	80062267	80079735	2
10	80079736	80084953	0
10	80084954	80092625	2
10	80092626	80093983	0
10	80093984	80096844	1
10	80096845	80097318	0
10	80097319	80124240	2
10	80124241	80128285	0
10	80128286	80129946	2
10	80129947	80131809	0
10	80131810	80154086	2
10	80154087	80154095	3
10	80154096	80156369	1
10	80156370	80157115	0
10	80157116	80165330	1
10	80165331	80165785	0
10	80165786	80172273	2
10	80172274	80176673	0
10	80176674	80184244	1
10	80184245	80192291	0
10	80192292	80201321	2
10	80201322	80216187	0
10	80216188	80223491	1
10	80223492	80228371	0
10	80228372	80235382	1
10	80235383	80238829	0
10	80238830	80242662	1
10	80242663	80245346	0
10	80245347	80269479	1
10	80269480	80330667	0
10	80330668	80353108	2
10	80353109	80355416	0
10	80355417	80374956	1
10	80374957	80376757	0
10	80376758	80397392	1
10	80397393	80402956	0
10	80402957	80413153	1
10	80413154	80419486	0
10	80419487	80426173	1
10	80426174	80438712	0
10	80438713	80451615	2
10	80451616	80458670	0
10	80458671	80476573	2
10	80476574	80478449	0
10	80478450	80492903	1
10	80492904	80501159	0
10	80501160	80513944	1
10	80513945	80521085	0
10	80521086	80537809	1
10	80537810	80538258	0
10	80538259	80541205	2
10	80541206	80542788	0
10	80542789	80578096	1
10	80578097	80591038	0
10	80591039	80631293	2
10	80631294	80631931	0
10	80631932	80634030	1
10	80634031	80634458	3
10	80634459	80640756	2
10	80640757	80641075	0
10	80641076	80643480	2
10	80643481	80644328	0
10	80644329	80649330	1
10	80649331	80662488	0
10	80662489	80665122	2
10	80665123	80668633	0
10	80668634	80679871	1
10	80679872	80688653	0
10	80688654	80691041	1
10	80691042	80691107	0
10	80691108	80704540	2
10	80704541	80707680	0
10	80707681	80735282	2
10	80735283	80735324	3
10	80735325	80736801	1
10	80736802	80737035	0
10	80737036	80754077	1
10	80754078	80765905	0
10	80765906	80768036	2
10	80768037	80784456	0
10	80784457	80850777	1
10	80850778	80855421	0
10	80855422	80861494	1
10	80861495	80864370	0
10	80864371	80873258	1
10	80873259	80879907	0
10	80879908	80896010	1
10	80896011	80905867	0
10	80905868	80918391	2
10	80918392	80920156	0
10	80920157	80934706	1
10	80934707	80941747	0
10	80941748	80969807	2
10	80969808	80971052	0
10	80971053	80988827	2
10	80988828	80989098	0
10	80989099	81003755	1
10	81003756	81012463	0
10	81012464	81018330	2
10	81018331	81018837	0
10	81018838	81029029	2
10	81029030	81034002	0
10	81034003	81037883	1
10	81037884	81040340	0
10	81040341	81066665	1
10	81066666	81068987	0
10	81068988	81087955	2
10	81087956	81088767	0
10	81088768	81099197	2
10	81099198	81100545	0
10	81100546	81102766	1
10	81102767	81102792	0
10	81102793	81109039	2
10	81109040	81109068	3
10	81109069	81109078	2
10	81109079	81127413	1
10	81127414	81128795	0
10	81128796	81155805	2
10	81155806	81156935	0
10	81156936	81162074	2
10	81162075	81164563	0
10	81164564	81171004	2
10	81171005	81171097	0
10	81171098	81179098	1
10	81179099	81181880	0
10	81181881	81186312	1
10	81186313	81193323	0
10	81193324	81198899	2
10	81198900	81200686	3
10	81200687	81202054	2
10	81202055	81202057	3
10	81202058	81214348	1
10	81214349	81220260	0
10	81220261	81227099	2
10	81227100	81228883	0
10	81228884	81231224	2
10	81231225	81232018	0
10	81232019	81291467	1
10	81291468	81295059	0
10	81295060	81318541	1
10	81318542	81322081	0
10	81322082	81332224	1
10	81332225	81333579	0
10	81333580	81335964	1
10	81335965	81338145	0
10	81338146	81360057	1
10	81360058	81364556	0
10	81364557	81381022	1
10	81381023	81395326	0
10	81395327	81402194	2
10	81402195	81410566	0
10	81410567	81426677	2
10	81426678	81426736	0
10	81426737	81436905	1
10	81436906	81442135	0
10	81442136	81445668	2
10	81445669	81457617	0
10	81457618	81463629	1
10	81463630	81464372	0
10	81464373	81483442	2
10	81483443	81484891	0
10	81484892	81503193	2
10	81503194	81540657	0
10	81540658	81557808	2
10	81557809	81578653	0
10	81578654	81606993	1
10	81606994	81648018	0
10	81648019	81662322	2
10	81662323	81699766	0
10	81699767	81716913	2
10	81716914	81737743	0
10	81737744	81766312	1
10	81766313	81883955	0
10	81883956	81897418	2
10	81897419	81919185	0
10	81919186	81947048	2
10	81947049	81963845	0
10	81963846	81988897	2
10	81988898	82060682	0
10	82060683	82077105	1
10	82077106	82117948	0
10	82117949	82152414	1
10	82152415	82190087	0
10	82190088	82236678	2
10	82236679	82322369	0
10	82322370	82328450	1
10	82328451	82455683	0
10	82455684	82459060	1
10	82459061	82465660	0
10	82465661	82486265	2
10	82486266	82486631	3
10	82486632	82526482	1
10	82526483	82534839	0
10	82534840	82578260	2
10	82578261	82584533	0
10	82584534	82599976	1
10	82599977	82669783	0
10	82669784	82733544	2
10	82733545	82821330	0
10	82821331	83031732	2
10	83031733	83066710	0
10	83066711	83173744	1
10	83173745	83196083	0
10	83196084	83323312	2
10	83323313	83324367	3
10	83324368	83370002	1
10	83370003	83379803	0
10	83379804	83432335	2
10	83432336	83435895	0
10	83435896	83484600	1
10	83484601	83558727	0
10	83558728	83598624	2
10	83598625	84206767	0
10	84206768	84276459	1
10	84276460	84362167	0
10	84362168	84369924	1
10	84369925	84412488	0
10	84412489	84450221	2
10	84450222	84458154	0
10	84458155	84563040	2
10	84563041	84591924	0
10	84591925	84742400	2
10	84742401	84753478	0
10	84753479	84852309	2
10	84852310	84932149	0
10	84932150	84938357	1
10	84938358	84938489	0
10	84938490	84953447	2
10	84953448	84955295	0
10	84955296	84963889	1
10	84963890	84967562	0
10	84967563	85020926	1
10	85020927	85222676	0
10	85222677	85496154	2
10	85496155	85665356	0
10	85665357	85724958	2
10	85724959	85727828	0
10	85727829	85753000	1
10	85753001	85763543	0
10	85763544	85765558	2
10	85765559	85774499	0
10	85774500	85793685	1
10	85793686	85795202	0
10	85795203	85847757	1
10	85847758	85857834	0
10	85857835	85887735	2
10	85887736	85890987	0
10	85890988	86136234	1
10	86136235	86185368	3
10	86185369	86334744	1
10	86334745	86526702	0
10	86526703	86541371	1
10	86541372	86541673	0
10	86541674	86674251	2
10	86674252	86677060	0
10	86677061	86843887	1
10	86843888	86893907	0
10	86893908	87066449	2
10	87066450	87326679	0
10	87326680	87329520	1
10	87329521	87357655	0
10	87357656	87419996	2
10	87419997	87694125	0
10	87694126	87772902	2
10	87772903	87926932	0
10	87926933	87927292	2
10	87927293	87928235	3
10	87928236	87982801	1
10	87982802	87982852	0
10	87982853	88014250	2
10	88014251	88036953	0
10	88036954	88082018	2
10	88082019	88158664	0
10	88158665	88214940	1
10	88214941	88214992	0
10	88214993	88283189	2
10	88283190	88288605	0
10	88288606	88295429	1
10	88295430	88309095	3
10	88309096	88339933	1
10	88339934	88354139	0
10	88354140	88441012	1
10	88441013	88510632	0
10	88510633	88520875	1
10	88520876	88566718	0
10	88566719	88579954	2
10	88579955	88582467	0
10	88582468	88662664	1
10	88662665	88721852	0
10	88721853	88765375	2
10	88765376	88784855	0
10	88784856	89180505	1
10	89180506	89244683	0
10	89244684	89279827	1
10	89279828	89290094	0
10	89290095	89369445	1
10	89369446	89409880	0
10	89409881	89457113	1
10	89457114	89474581	0
10	89474582	89522145	1
10	89522146	89547831	0
10	89547832	89568155	1
10	89568156	89580851	0
10	89580852	89655731	2
10	89655732	89709369	0
10	89709370	90809160	2
10	90809161	90825171	0
10	90825172	90918630	1
10	90918631	90918800	0
10	90918801	90938467	2
10	90938468	90952434	0
10	90952435	90959919	1
10	90959920	90983431	0
10	90983432	91007442	1
10	91007443	92520606	0
10	92520607	92558280	1
10	92558281	92611479	0
10	92611480	92917478	1
10	92917479	92996750	0
10	92996751	93077188	2
10	93077189	93083274	0
10	93083275	93146995	1
10	93146996	93289271	0
10	93289272	93320734	2
10	93320735	93324628	0
10	93324629	93355164	2
10	93355165	93359198	0
10	93359199	93375893	1
10	93375894	93376492	0
10	93376493	93418889	2
10	93418890	93420187	3
10	93420188	93425566	1
10	93425567	93476541	0
10	93476542	93583067	2
10	93583068	93669678	0
10	93669679	93693948	2
10	93693949	93694349	0
10	93694350	93727062	1
10	93727063	93775025	0
10	93775026	93871677	1
10	93871678	93871861	0
10	93871862	93981199	2
10	93981200	93983883	0
10	93983884	94033071	2
10	94033072	94034815	0
10	94034816	94057303	2
10	94057304	94129525	0
10	94129526	94134563	1
10	94134564	94147884	0
10	94147885	94426816	2
10	94426817	94524514	0
10	94524515	94626713	2
10	94626714	94626726	0
10	94626727	94780695	1
10	94780696	95010606	0
10	95010607	95159968	1
10	95159969	95247350	0
10	95247351	95253040	1
10	95253041	95316666	0
10	95316667	95337800	1
10	95337801	95351005	0
10	95351006	95381517	2
10	95381518	95382867	0
10	95382868	95400006	1
10	95400007	95508851	0
10	95508852	95509311	1
10	95509312	95659833	0
10	95659834	95678790	1
10	95678791	95776610	0
10	95776611	95881378	2
10	95881379	95972463	0
10	95972464	95972774	2
10	95972775	96452866	0
10	96452867	96458669	2
10	96458670	97315469	0
10	97315470	97354003	2
10	97354004	97400988	0
10	97400989	97408563	2
10	97408564	97442739	0
10	97442740	97449552	2
10	97449553	97479928	0
10	97479929	97518314	2
10	97518315	97528919	0
10	97528920	97530783	2
10	97530784	98750266	0
10	98750267	98862003	2
10	98862004	98942896	0
10	98942897	98961027	2
10	98961028	98962185	3
10	98962186	99033934	2
10	99033935	99099091	0
10	99099092	99103349	2
10	99103350	99593566	0
10	99593567	99595518	1
10	99595519	99851490	0
10	99851491	99936276	2
10	99936277	100171536	0
10	100171537	100172449	2
10	100172450	100176696	0
10	100176697	100177622	2
10	100177623	100181832	0
10	100181833	100182741	2
10	100182742	100186953	0
10	100186954	100187862	2
10	100187863	100197198	0
10	100197199	100198107	2
10	100198108	100217507	0
10	100217508	100218420	1
10	100218421	100279762	0
10	100279763	100323210	1
10	100323211	100323418	0
10	100323419	100408125	2
10	100408126	100409515	3
10	100409516	100425255	1
10	100425256	100426344	0
10	100426345	100454261	2
10	100454262	101517346	0
10	101517347	102227328	2
10	102227329	102317615	0
10	102317616	102326345	1
10	102326346	102348081	0
10	102348082	102385595	2
10	102385596	102834566	0
10	102834567	102866074	1
10	102866075	102881890	0
10	102881891	103072181	1
10	103072182	103203667	0
10	103203668	103255236	2
10	103255237	103978846	0
10	103978847	103989824	2
10	103989825	103995865	0
10	103995866	103998332	2
10	103998333	104004374	0
10	104004375	104006842	2
10	104006843	104012883	0
10	104012884	104015350	2
10	104015351	104021392	0
10	104021393	104023859	2
10	104023860	104029901	0
10	104029902	104032381	2
10	104032382	105023522	0
10	105023523	105410294	1
10	105410295	105599048	0
10	105599049	105676926	1
10	105676927	105677237	3
10	105677238	105683692	2
10	105683693	106306198	0
10	106306199	106769376	2
10	106769377	106771811	3
10	106771812	106959527	1
10	106959528	107107545	0
10	107107546	107257333	2
10	107257334	107318767	0
10	107318768	107321993	1
10	107321994	107328712	0
10	107328713	107330596	1
10	107330597	107352908	0
10	107352909	107555910	1
10	107555911	107596390	0
10	107596391	107747993	1
10	107747994	107998052	0
10	107998053	108115843	2
10	108115844	108167980	0
10	108167981	108250099	2
10	108250100	108333509	0
10	108333510	108846841	1
10	108846842	109517118	0
10	109517119	110292063	1
10	110292064	110581324	0
10	110581325	110623243	2
10	110623244	110755648	0
10	110755649	110775481	2
10	110775482	110777639	0
10	110777640	110845925	1
10	110845926	111000611	0
10	111000612	111133108	2
10	111133109	111134538	0
10	111134539	111137586	2
10	111137587	111309082	0
10	111309083	111334009	2
10	111334010	111342145	0
10	111342146	111344504	2
10	111344505	111808567	0
10	111808568	111821351	2
10	111821352	111824335	3
10	111824336	111838524	1
10	111838525	111896092	0
10	111896093	111914413	2
10	111914414	111919257	0
10	111919258	111944001	2
10	111944002	111977657	0
10	111977658	111996230	1
10	111996231	111999524	0
10	111999525	112052458	2
10	112052459	112107024	0
10	112107025	112302927	2
10	112302928	112761333	0
10	112761334	112764898	1
10	112764899	114234724	0
10	114234725	114638205	1
10	114638206	114914544	0
10	114914545	115020925	1
10	115020926	115033775	0
10	115033776	115087370	1
10	115087371	115122987	0
10	115122988	115151497	1
10	115151498	115175577	0
10	115175578	115198404	1
10	115198405	115204307	0
10	115204308	115220346	1
10	115220347	115220862	0
10	115220863	115268675	2
10	115268676	115286214	0
10	115286215	115405889	1
10	115405890	115418351	3
10	115418352	115423683	1
10	115423684	115652735	0
10	115652736	115685796	2
10	115685797	115854116	0
10	115854117	115947567	2
10	115947568	115949820	3
10	115949821	116110835	2
10	116110836	116111453	0
10	116111454	116225438	2
10	116225439	116253764	0
10	116253765	116309781	1
10	116309782	116321064	0
10	116321065	116417414	1
10	116417415	116612438	0
10	116612439	116732822	1
10	116732823	116741687	0
10	116741688	116786672	1
10	116786673	116792727	0
10	116792728	116808512	1
10	116808513	116822217	0
10	116822218	116860943	2
10	116860944	116881244	0
10	116881245	116882671	2
10	116882672	116886904	0
10	116886905	116899717	1
10	116899718	116905330	0
10	116905331	116984413	1
10	116984414	117051125	0
10	117051126	117060410	1
10	117060411	117068140	0
10	117068141	117074606	1
10	117074607	117113234	0
10	117113235	117118224	1
10	117118225	117123700	0
10	117123701	117128771	1
10	117128772	117180576	0
10	117180577	117215918	1
10	117215919	117465403	0
10	117465404	117523255	2
10	117523256	117524778	0
10	117524779	117546661	1
10	117546662	117569582	0
10	117569583	117582268	1
10	117582269	117586524	0
10	117586525	117628608	1
10	117628609	117649774	0
10	117649775	117681938	1
10	117681939	117977735	0
10	117977736	118004900	2
10	118004901	118040845	0
10	118040846	118045950	2
10	118045951	118074275	0
10	118074276	118076683	1
10	118076684	118094591	0
10	118094592	118096999	2
10	118097000	118125532	0
10	118125533	118130941	1
10	118130942	118160464	0
10	118160465	118162872	1
10	118162873	118165903	0
10	118165904	118168311	1
10	118168312	118171326	0
10	118171327	118173734	1
10	118173735	118176750	0
10	118176751	118179158	1
10	118179159	118182174	0
10	118182175	118184582	1
10	118184583	118187600	0
10	118187601	118190008	1
10	118190009	118276949	0
10	118276950	118281795	2
10	118281796	118691506	0
10	118691507	118705052	1
10	118705053	119035158	0
10	119035159	119075958	1
10	119075959	119289733	0
10	119289734	119919511	2
10	119919512	119923163	3
10	119923164	119923164	2
10	119923165	119948890	1
10	119948891	119977551	0
10	119977552	120038033	1
10	120038034	120044653	0
10	120044654	120060820	2
10	120060821	120062973	0
10	120062974	120068485	2
10	120068486	120197178	0
10	120197179	120312372	1
10	120312373	120616999	0
10	120617000	120735004	1
10	120735005	120759316	0
10	120759317	120815235	1
10	120815236	120869863	0
10	120869864	120936553	2
10	120936554	121099723	0
10	121099724	121187181	1
10	121187182	121200993	0
10	121200994	121233148	2
10	121233149	121246253	0
10	121246254	121312250	1
10	121312251	121382358	0
10	121382359	121422690	1
10	121422691	121423283	0
10	121423284	121462235	1
10	121462236	121477491	0
10	121477492	121529818	2
10	121529819	121575840	0
10	121575841	121588781	2
10	121588782	121616894	0
10	121616895	121883218	1
10	121883219	121914017	0
10	121914018	121933274	1
10	121933275	122284402	0
10	122284403	122289355	2
10	122289356	122514681	0
10	122514682	122781698	2
10	122781699	122827963	0
10	122827964	122912408	1
10	122912409	122940909	0
10	122940910	123032898	1
10	123032899	123099979	0
10	123099980	123577107	2
10	123577108	125055137	0
10	125055138	125225332	1
10	125225333	125802120	0
10	125802121	125851226	2
10	125851227	126704294	0
10	126704295	126737222	1
10	126737223	126814584	0
10	126814585	126835842	2
10	126835843	126836576	0
10	126836577	126847439	2
10	126847440	126856861	3
10	126856862	126866707	1
10	126866708	126866871	0
10	126866872	126877281	1
10	126877282	126877380	3
10	126877381	126882232	2
10	126882233	126884117	0
10	126884118	126888836	2
10	126888837	126890878	0
10	126890879	126896051	1
10	126896052	126899401	0
10	126899402	126903147	2
10	126903148	126903787	3
10	126903788	126906131	1
10	126906132	126911151	0
10	126911152	126929036	2
10	126929037	126931517	0
10	126931518	126956998	1
10	126956999	127001092	0
10	127001093	127007378	2
10	127007379	127008197	3
10	127008198	127016512	1
10	127016513	127018393	0
10	127018394	127025950	1
10	127025951	127026245	0
10	127026246	127031595	1
10	127031596	127032934	0
10	127032935	127047422	1
10	127047423	127061563	0
10	127061564	127099215	1
10	127099216	127102254	0
10	127102255	127117817	2
10	127117818	127117823	0
10	127117824	127124885	1
10	127124886	127126641	0
10	127126642	127132088	2
10	127132089	127132155	3
10	127132156	127147653	1
10	127147654	127157831	0
10	127157832	127165749	2
10	127165750	127165810	3
10	127165811	127177841	1
10	127177842	127184724	0
10	127184725	127190278	1
10	127190279	127192189	0
10	127192190	127206298	1
10	127206299	127216194	0
10	127216195	127335251	2
10	127335252	127337553	0
10	127337554	127344690	2
10	127344691	127350834	0
10	127350835	127352990	2
10	127352991	127353021	3
10	127353022	127358311	1
10	127358312	127361340	0
10	127361341	127370426	1
10	127370427	127374028	0
10	127374029	127457015	1
10	127457016	127478853	0
10	127478854	127496785	2
10	127496786	127496824	3
10	127496825	127503011	1
10	127503012	127504435	3
10	127504436	127536916	2
10	127536917	127541037	0
10	127541038	127556807	2
10	127556808	127560345	0
10	127560346	127567635	2
10	127567636	127575405	0
10	127575406	127583143	2
10	127583144	127583216	3
10	127583217	127587599	1
10	127587600	127595588	0
10	127595589	127628564	2
10	127628565	127637021	0
10	127637022	127651706	2
10	127651707	127685795	0
10	127685796	127697043	2
10	127697044	127702341	0
10	127702342	127713184	2
10	127713185	127719895	0
10	127719896	127724684	1
10	127724685	127734385	0
10	127734386	127747628	2
10	127747629	127826803	0
10	127826804	127843478	1
10	127843479	127851035	0
10	127851036	127865904	2
10	127865905	127871442	0
10	127871443	127884504	2
10	127884505	127894821	0
10	127894822	127913139	2
10	127913140	127919140	0
10	127919141	127926258	2
10	127926259	127927449	0
10	127927450	127965170	2
10	127965171	127967425	0
10	127967426	128016164	1
10	128016165	128030324	0
10	128030325	128045775	2
10	128045776	128045806	3
10	128045807	128047674	1
10	128047675	128061705	0
10	128061706	128067679	2
10	128067680	128067932	0
10	128067933	128088808	2
10	128088809	128089963	0
10	128089964	128091763	2
10	128091764	128103864	0
10	128103865	128106020	2
10	128106021	128106443	0
10	128106444	128128716	2
10	128128717	128132006	0
10	128132007	128133951	1
10	128133952	128139202	0
10	128139203	128157220	2
10	128157221	128158326	0
10	128158327	128163420	2
10	128163421	128173601	0
10	128173602	128198346	2
10	128198347	128198967	0
10	128198968	128204864	1
10	128204865	128212986	0
10	128212987	128231798	2
10	128231799	128237096	3
10	128237097	128237262	2
10	128237263	128244571	3
10	128244572	128247359	1
10	128247360	128247524	0
10	128247525	128277308	2
10	128277309	128295115	0
10	128295116	128326349	2
10	128326350	128326727	0
10	128326728	128329742	1
10	128329743	128330024	0
10	128330025	128334552	1
10	128334553	128345832	0
10	128345833	128361737	1
10	128361738	128377830	0
10	128377831	128383641	1
10	128383642	128383981	0
10	128383982	128385172	1
10	128385173	128393633	0
10	128393634	128401854	1
10	128401855	128403390	0
10	128403391	128425519	1
10	128425520	128460404	0
10	128460405	128462614	1
10	128462615	128466710	0
10	128466711	128505225	1
10	128505226	128505761	0
10	128505762	128509940	1
10	128509941	128513042	0
10	128513043	128532131	1
10	128532132	128533806	0
10	128533807	128540062	1
10	128540063	128540870	3
10	128540871	128540897	1
10	128540898	128556001	2
10	128556002	128556105	3
10	128556106	128579942	1
10	128579943	128583756	0
10	128583757	128602431	2
10	128602432	128626777	0
10	128626778	128635903	2
10	128635904	128636691	3
10	128636692	128639929	1
10	128639930	128640237	3
10	128640238	128653769	2
10	128653770	128655126	3
10	128655127	128655313	2
10	128655314	128657512	1
10	128657513	128657761	0
10	128657762	128713491	2
10	128713492	128718162	0
10	128718163	128727585	1
10	128727586	128736856	0
10	128736857	128748689	2
10	128748690	128749460	0
10	128749461	128759902	1
10	128759903	128769685	0
10	128769686	128794141	2
10	128794142	128794149	3
10	128794150	128796855	1
10	128796856	128825298	0
10	128825299	128827969	2
10	128827970	128846658	0
10	128846659	128849180	2
10	128849181	128868564	0
10	128868565	128875763	1
10	128875764	128880684	0
10	128880685	128885865	1
10	128885866	128897720	0
10	128897721	128904844	1
10	128904845	128910692	0
10	128910693	128918777	1
10	128918778	128928901	0
10	128928902	128929839	1
10	128929840	128944819	0
10	128944820	128953728	1
10	128953729	128968445	0
10	128968446	128974865	1
10	128974866	128995870	0
10	128995871	129000618	1
10	129000619	129008440	0
10	129008441	129013788	1
10	129013789	129022351	0
10	129022352	129023286	1
10	129023287	129072071	0
10	129072072	129075270	2
10	129075271	129084279	0
10	129084280	129089791	2
10	129089792	129094994	0
10	129094995	129100165	2
10	129100166	129100274	0
10	129100275	129107352	1
10	129107353	129153984	0
10	129153985	129160008	2
10	129160009	129164721	0
10	129164722	129169711	2
10	129169712	129184717	0
10	129184718	129188011	2
10	129188012	129219950	0
10	129219951	129226065	2
10	129226066	129241293	0
10	129241294	129247060	2
10	129247061	129263173	0
10	129263174	129274947	2
10	129274948	129297729	0
10	129297730	129303352	2
10	129303353	129306865	0
10	129306866	129312485	2
10	129312486	129320619	0
10	129320620	129326409	2
10	129326410	129334359	0
10	129334360	129339209	2
10	129339210	129357659	0
10	129357660	129364220	2
10	129364221	129375029	0
10	129375030	129378401	2
10	129378402	129403522	0
10	129403523	129408977	2
10	129408978	129441359	0
10	129441360	129448437	1
10	129448438	129458482	0
10	129458483	129463801	1
10	129463802	129473351	0
10	129473352	129484193	2
10	129484194	129493561	0
10	129493562	129497941	2
10	129497942	129502856	0
10	129502857	129509732	1
10	129509733	129513550	0
10	129513551	129524036	1
10	129524037	129526488	0
10	129526489	129530153	1
10	129530154	129539077	0
10	129539078	129545885	2
10	129545886	129557088	0
10	129557089	129565242	1
10	129565243	129571438	0
10	129571439	129577788	1
10	129577789	129589959	0
10	129589960	129593660	1
10	129593661	129601349	0
10	129601350	129607580	2
10	129607581	129610505	0
10	129610506	129614804	2
10	129614805	129623156	0
10	129623157	129630784	1
10	129630785	129636482	0
10	129636483	129640263	1
10	129640264	129677285	0
10	129677286	129681961	1
10	129681962	129691234	0
10	129691235	129694589	2
10	129694590	129707340	0
10	129707341	129715718	1
10	129715719	129736437	0
10	129736438	129741734	1
10	129741735	129745030	0
10	129745031	129751464	1
10	129751465	129780263	0
10	129780264	129784967	1
10	129784968	129798878	0
10	129798879	129803133	1
10	129803134	129809698	0
10	129809699	129812007	1
10	129812008	129815942	0
10	129815943	129820929	1
10	129820930	129848488	0
10	129848489	129857153	2
10	129857154	129866215	0
10	129866216	129870938	2
10	129870939	129907077	0
10	129907078	129912776	2
10	129912777	129947394	0
10	129947395	129951250	1
10	129951251	129959337	0
10	129959338	129965867	1
10	129965868	129996215	0
10	129996216	130002633	1
10	130002634	130014338	0
10	130014339	130020053	1
10	130020054	130038916	0
10	130038917	130050270	1
10	130050271	130104019	0
10	130104020	130116107	1
10	130116108	130158744	0
10	130158745	130199978	2
10	130199979	130213792	0
10	130213793	130230199	1
10	130230200	130249931	0
10	130249932	130265570	1
10	130265571	130277429	0
10	130277430	130291917	1
10	130291918	130306919	0
10	130306920	130333263	1
