<CHROM>	<START>	<END>	<TSB>
11	0	3081848	0
11	3081849	3143461	1
11	3143462	3152390	0
11	3152391	3194586	2
11	3194587	3199905	0
11	3199906	3216391	1
11	3216392	3239279	0
11	3239280	3259081	2
11	3259082	3280399	0
11	3280400	3292969	2
11	3292970	3294254	0
11	3294255	3359172	1
11	3359173	3365980	0
11	3365981	3402361	1
11	3402362	3438282	0
11	3438283	3444164	2
11	3444165	3444373	0
11	3444374	3454819	1
11	3454820	3464865	0
11	3464866	3467349	2
11	3467350	3467521	0
11	3467522	3490610	1
11	3490611	3598060	0
11	3598061	3599189	1
11	3599190	3599671	3
11	3599672	3640475	2
11	3640476	3653729	0
11	3653730	3813901	1
11	3813902	3836086	0
11	3836087	3845096	1
11	3845097	3845238	0
11	3845239	3851294	2
11	3851295	3857019	0
11	3857020	3864662	1
11	3864663	3867190	0
11	3867191	3882157	1
11	3882158	3887539	0
11	3887540	3913973	1
11	3913974	3926776	3
11	3926777	3930002	2
11	3930003	3933634	0
11	3933635	3949324	2
11	3949325	3981781	0
11	3981782	3998022	2
11	3998023	4014839	0
11	4014840	4027734	2
11	4027735	4041478	0
11	4041479	4045443	1
11	4045444	4047037	0
11	4047038	4068829	1
11	4068830	4085200	0
11	4085201	4091121	2
11	4091122	4091170	3
11	4091171	4110291	1
11	4110292	4110348	0
11	4110349	4132539	2
11	4132540	4136787	0
11	4136788	4165503	2
11	4165504	4168223	0
11	4168224	4172407	2
11	4172408	4186418	0
11	4186419	4191024	2
11	4191025	4207555	0
11	4207556	4222512	2
11	4222513	4295812	0
11	4295813	4391103	1
11	4391104	4430866	0
11	4430867	4544813	1
11	4544814	4570065	0
11	4570066	4571696	2
11	4571697	4587745	0
11	4587746	4635697	2
11	4635698	4651971	0
11	4651972	4654340	1
11	4654341	4654676	0
11	4654677	4686890	2
11	4686891	4687667	3
11	4687668	4696776	1
11	4696777	4715843	0
11	4715844	4799534	1
11	4799535	4823949	0
11	4823950	4844198	2
11	4844199	4845318	0
11	4845319	4878865	2
11	4878866	4888752	0
11	4888753	4898062	1
11	4898063	4936822	0
11	4936823	4992789	2
11	4992790	5005376	0
11	5005377	5008126	1
11	5008127	5010383	3
11	5010384	5015325	1
11	5015326	5019687	0
11	5019688	5048924	1
11	5048925	5049264	3
11	5049265	5056089	2
11	5056090	5056263	0
11	5056264	5102255	1
11	5102256	5141550	0
11	5141551	5211556	1
11	5211557	5226322	0
11	5226323	5394845	1
11	5394846	5470657	0
11	5470658	5475891	2
11	5475892	5478885	0
11	5478886	5492185	1
11	5492186	5519682	0
11	5519683	5639335	2
11	5639336	5653981	0
11	5653982	5657685	1
11	5657686	5663415	0
11	5663416	5712374	1
11	5712375	5738486	0
11	5738487	5750960	2
11	5750961	5751638	0
11	5751639	5753731	1
11	5753732	5777858	0
11	5777859	5788014	1
11	5788015	5811945	0
11	5811946	5822086	2
11	5822087	5822178	0
11	5822179	5828290	1
11	5828291	5846635	0
11	5846636	5848780	1
11	5848781	5850818	0
11	5850819	5900079	1
11	5900080	5905691	0
11	5905692	5917778	2
11	5917779	5919642	0
11	5919643	6015746	1
11	6015747	6055689	0
11	6055690	6150027	1
11	6150028	6150413	3
11	6150414	6151641	2
11	6151642	6161011	0
11	6161012	6180141	1
11	6180142	6208917	0
11	6208918	6217770	1
11	6217771	6220367	0
11	6220368	6224868	1
11	6224869	6241631	0
11	6241632	6306640	2
11	6306641	6339072	0
11	6339073	6356156	2
11	6356157	6365441	0
11	6365442	6369815	2
11	6369816	6377227	0
11	6377228	6394441	1
11	6394442	6417597	0
11	6417598	6425915	1
11	6425916	6456546	0
11	6456547	6470956	1
11	6470957	6496885	0
11	6496886	6546742	2
11	6546743	6547821	0
11	6547822	6556051	1
11	6556052	6565597	0
11	6565598	6576065	1
11	6576066	6585480	0
11	6585481	6588635	1
11	6588636	6608519	0
11	6608520	6627473	2
11	6627474	6786806	0
11	6786807	6787123	1
11	6787124	7013487	0
11	7013488	7128504	2
11	7128505	7133151	0
11	7133152	7138567	1
11	7138568	7147780	0
11	7147781	7152544	2
11	7152545	7156084	0
11	7156085	7163921	1
11	7163922	8381650	0
11	8381651	8614679	1
11	8614680	8776706	0
11	8776707	8923264	1
11	8923265	8943135	0
11	8943136	8961189	1
11	8961190	8966052	0
11	8966053	8998592	1
11	8998593	8998989	3
11	8998990	9019354	2
11	9019355	9068101	0
11	9068102	9086168	2
11	9086169	9141940	0
11	9141941	9634257	2
11	9634258	11064221	0
11	11064222	11216636	2
11	11216637	11229624	0
11	11229625	11412406	1
11	11412407	11414254	0
11	11414255	11465190	2
11	11465191	11539221	0
11	11539222	11577822	1
11	11577823	11635001	0
11	11635002	11722924	2
11	11722925	11750286	0
11	11750287	11758960	1
11	11758961	11764099	0
11	11764100	11848142	1
11	11848143	11880506	0
11	11880507	11988681	1
11	11988682	12186606	0
11	12186607	12414958	1
11	12414959	14549274	0
11	14549275	14550312	2
11	14550313	16207722	0
11	16207723	16377308	2
11	16377309	16450528	0
11	16450529	16458482	1
11	16458483	16702201	0
11	16702202	16868156	2
11	16868157	16901373	0
11	16901374	16904770	2
11	16904771	16921204	0
11	16921205	17001584	1
11	17001585	17002379	3
11	17002380	17029369	2
11	17029370	17109261	0
11	17109262	17150373	2
11	17150374	17153196	0
11	17153197	17161566	1
11	17161567	17161916	0
11	17161917	17183794	2
11	17183795	17207592	0
11	17207593	17219174	2
11	17219175	17888754	0
11	17888755	17903873	1
11	17903874	18829815	0
11	18829816	18968983	1
11	18968984	19874373	0
11	19874374	19974024	2
11	19974025	20012302	0
11	20012303	20062911	1
11	20062912	20151430	0
11	20151431	20176854	2
11	20176855	20177035	0
11	20177036	20199427	1
11	20199428	20252178	0
11	20252179	20282711	1
11	20282712	20493332	0
11	20493333	20603019	2
11	20603020	20635082	0
11	20635083	20691587	1
11	20691588	20773574	0
11	20773575	20781054	1
11	20781055	21041289	0
11	21041290	21100321	2
11	21100322	21189279	0
11	21189280	21271134	2
11	21271135	21271136	0
11	21271137	21321199	1
11	21321200	21506690	0
11	21506691	21522233	1
11	21522234	21522365	3
11	21522366	21848987	2
11	21848988	21944762	0
11	21944763	21952895	1
11	21952896	21955826	0
11	21955827	22236793	1
11	22236794	22462086	0
11	22462087	22469232	2
11	22469233	22784742	0
11	22784743	22922003	1
11	22922004	22926494	3
11	22926495	22932380	1
11	22932381	22940517	0
11	22940518	22953778	2
11	22953779	22957529	0
11	22957530	22980786	2
11	22980787	23206039	0
11	23206040	23248247	2
11	23248248	23256893	0
11	23256894	23437880	2
11	23437881	23440558	3
11	23440559	23448028	1
11	23448029	23466201	0
11	23466202	23471153	1
11	23471154	23523249	0
11	23523250	23583637	1
11	23583638	23596477	0
11	23596478	23615672	1
11	23615673	23615957	3
11	23615958	23682874	2
11	23682875	23686845	0
11	23686846	23720968	1
11	23720969	23812644	0
11	23812645	23845251	1
11	23845252	23998953	0
11	23998954	24025052	1
11	24025053	24028054	0
11	24028055	24124121	2
11	24124122	25569085	0
11	25569086	26160570	1
11	26160571	26336133	0
11	26336134	26421320	2
11	26421321	26421874	3
11	26421875	26543997	1
11	26543998	28335683	0
11	28335684	28534322	1
11	28534323	28803202	0
11	28803203	28876741	2
11	28876742	29080746	0
11	29080747	29111826	2
11	29111827	29122888	0
11	29122889	29170795	2
11	29170796	29171530	0
11	29171531	29197407	1
11	29197408	29323656	0
11	29323657	29460806	2
11	29460807	29461755	0
11	29461756	29465031	1
11	29465032	29476406	0
11	29476407	29495277	2
11	29495278	29495844	0
11	29495845	29497948	1
11	29497949	29498107	3
11	29498108	29528365	2
11	29528366	29642945	0
11	29642946	29693046	2
11	29693047	29694329	3
11	29694330	29976031	1
11	29976032	30049393	0
11	30049394	30218167	1
11	30218168	30376004	0
11	30376005	30421806	1
11	30421807	30455989	0
11	30455990	30599585	1
11	30599586	30721724	0
11	30721725	30830359	2
11	30830360	30835356	0
11	30835357	30880772	2
11	30880773	30904150	3
11	30904151	30926705	2
11	30926706	30936348	3
11	30936349	31052702	2
11	31052703	31132374	0
11	31132375	31132460	1
11	31132461	31307305	0
11	31307306	31320072	1
11	31320073	31615179	0
11	31615180	31621883	1
11	31621884	31822209	0
11	31822210	31885632	2
11	31885633	31915590	0
11	31915591	31929649	2
11	31929650	31950461	0
11	31950462	32009200	2
11	32009201	32137539	0
11	32137540	32150234	1
11	32150235	32155413	0
11	32155414	32158982	2
11	32158983	32159583	0
11	32159584	32172298	1
11	32172299	32176509	0
11	32176510	32181961	2
11	32181962	32182698	3
11	32182699	32217705	1
11	32217706	32226398	0
11	32226399	32228114	2
11	32228115	32233509	0
11	32233510	32234463	2
11	32234464	32236963	0
11	32236964	32237725	2
11	32237726	32246487	0
11	32246488	32247296	2
11	32247297	32250067	0
11	32250068	32250871	2
11	32250872	32297818	0
11	32297819	32378171	2
11	32378172	32405368	0
11	32405369	32466685	2
11	32466686	32472749	0
11	32472750	32482079	1
11	32482080	32483303	0
11	32483304	32574585	2
11	32574586	32592722	0
11	32592723	32696814	2
11	32696815	32768527	0
11	32768528	32774603	1
11	32774604	33067428	0
11	33067429	33097398	1
11	33097399	33102285	0
11	33102286	33113204	1
11	33113205	33150750	0
11	33150751	33153587	1
11	33153588	33161793	0
11	33161794	33463744	1
11	33463745	33500779	0
11	33500780	33528957	1
11	33528958	33579337	0
11	33579338	33913011	1
11	33913012	33923639	3
11	33923640	33942986	1
11	33942987	33996918	0
11	33996919	34041279	2
11	34041280	34042293	3
11	34042294	34048543	1
11	34048544	34154336	0
11	34154337	34158087	1
11	34158088	34176813	0
11	34176814	34264756	1
11	34264757	34372638	3
11	34372639	34674717	1
11	34674718	34700015	0
11	34700016	34724466	1
11	34724467	35012049	0
11	35012050	35599332	2
11	35599333	35660309	0
11	35660310	35682110	2
11	35682111	35688207	0
11	35688208	35689709	1
11	35689710	35699206	0
11	35699207	35725331	1
11	35725332	35729225	0
11	35729226	35871352	1
11	35871353	35897481	0
11	35897482	37126707	1
11	37126708	40570139	0
11	40570140	40586028	1
11	40586029	40592220	0
11	40592221	40624247	1
11	40624248	40624492	0
11	40624493	40630871	2
11	40630872	40639377	0
11	40639378	40646136	1
11	40646137	41801028	0
11	41801029	41891682	1
11	41891683	42021764	0
11	42021765	42073755	1
11	42073756	42197262	0
11	42197263	42211897	1
11	42211898	42310582	0
11	42310583	42519853	2
11	42519854	43042424	0
11	43042425	43153110	2
11	43153111	43311075	0
11	43311076	43317076	1
11	43317077	43324569	0
11	43324570	43338806	2
11	43338807	43365101	0
11	43365102	43382350	2
11	43382351	43419609	0
11	43419610	43477822	2
11	43477823	43486874	0
11	43486875	43492365	1
11	43492366	43572823	0
11	43572824	43611236	2
11	43611237	43620337	0
11	43620338	43638833	1
11	43638834	43665431	0
11	43665432	43792035	1
11	43792036	44290888	0
11	44290889	44304858	2
11	44304859	44345396	0
11	44345397	44361323	1
11	44361324	44409789	0
11	44409790	44456345	2
11	44456346	44508142	0
11	44508143	44898916	2
11	44898917	45742789	0
11	45742790	45801450	2
11	45801451	45819094	0
11	45819095	45835760	1
11	45835761	45837668	0
11	45837669	45846319	1
11	45846320	45871135	0
11	45871136	45908819	2
11	45908820	45942179	0
11	45942180	45943136	1
11	45943137	45946817	0
11	45946818	46038168	2
11	46038169	46038980	0
11	46038981	46057333	1
11	46057334	46084675	0
11	46084676	46126356	1
11	46126357	46130697	3
11	46130698	46203684	1
11	46203685	46215975	0
11	46215976	46280340	1
11	46280341	46295555	0
11	46295556	46298807	2
11	46298808	46327750	0
11	46327751	46333546	2
11	46333547	46345760	0
11	46345761	46372080	2
11	46372081	46415037	0
11	46415038	46428981	2
11	46428982	46462361	0
11	46462362	46480057	2
11	46480058	46498597	0
11	46498598	46520086	1
11	46520087	46559785	0
11	46559786	46597886	1
11	46597887	46625905	0
11	46625906	46670403	2
11	46670404	46701625	0
11	46701626	46735157	2
11	46735158	46787078	0
11	46787079	47469790	1
11	47469791	48691185	0
11	48691186	48697229	2
11	48697230	48697259	3
11	48697260	48708178	1
11	48708179	48716171	0
11	48716172	48716965	1
11	48716966	48717480	3
11	48717481	48742012	2
11	48742013	48756070	0
11	48756071	48762245	1
11	48762246	48778247	0
11	48778248	48793039	1
11	48793040	48795481	0
11	48795482	48869714	1
11	48869715	48883051	3
11	48883052	48906699	2
11	48906700	48942050	3
11	48942051	48948019	2
11	48948020	48955029	3
11	48955030	49000807	2
11	49000808	49005699	3
11	49005700	49026212	2
11	49026213	49033099	0
11	49033100	49041278	2
11	49041279	49045202	0
11	49045203	49053679	2
11	49053680	49056410	0
11	49056411	49077984	1
11	49077985	49094117	0
11	49094118	49109641	2
11	49109642	49135016	0
11	49135017	49153855	2
11	49153856	49169129	0
11	49169130	49173594	2
11	49173595	49176107	0
11	49176108	49186716	2
11	49186717	49195566	0
11	49195567	49210846	2
11	49210847	49213567	0
11	49213568	49220635	2
11	49220636	49226013	0
11	49226014	49233072	2
11	49233073	49313892	0
11	49313893	49323793	2
11	49323794	49327449	0
11	49327450	49336928	2
11	49336929	49346168	0
11	49346169	49354826	2
11	49354827	49355871	0
11	49355872	49362540	2
11	49362541	49379913	0
11	49379914	49388321	2
11	49388322	49397549	0
11	49397550	49408170	2
11	49408171	49410473	0
11	49410474	49418024	2
11	49418025	49419072	0
11	49419073	49429516	2
11	49429517	49434274	0
11	49434275	49446952	2
11	49446953	49447703	0
11	49447704	49456684	2
11	49456685	49500088	0
11	49500089	49543564	2
11	49543565	49554435	0
11	49554436	49555943	2
11	49555944	49562328	0
11	49562329	49603548	1
11	49603549	49685012	0
11	49685013	49729438	2
11	49729439	49737576	0
11	49737577	49777246	2
11	49777247	49792660	0
11	49792661	49871819	2
11	49871820	49916171	0
11	49916172	50016544	2
11	50016545	50022221	0
11	50022222	50063610	2
11	50063611	50065674	0
11	50065675	50090191	2
11	50090192	50090940	3
11	50090941	50101652	1
11	50101653	50101715	0
11	50101716	50125928	2
11	50125929	50127294	0
11	50127295	50129441	1
11	50129442	50146459	0
11	50146460	50183136	1
11	50183137	50184786	0
11	50184787	50216498	1
11	50216499	50245287	0
11	50245288	50250524	2
11	50250525	50267815	0
11	50267816	50277353	2
11	50277354	50280111	0
11	50280112	50321950	1
11	50321951	50492909	0
11	50492910	50698398	2
11	50698399	50701911	0
11	50701912	50718515	1
11	50718516	50722856	0
11	50722857	50732377	1
11	50732378	50741510	0
11	50741511	50757031	2
11	50757032	50763545	0
11	50763546	50778476	1
11	50778477	50789537	0
11	50789538	50806990	1
11	50806991	50812648	0
11	50812649	50822458	1
11	50822459	50831536	0
11	50831537	50834590	1
11	50834591	50841631	0
11	50841632	50844590	1
11	50844591	50857355	0
11	50857356	50863938	2
11	50863939	50872792	0
11	50872793	50877418	2
11	50877419	50894421	0
11	50894422	50900501	2
11	50900502	50905061	0
11	50905062	50922403	2
11	50922404	50938934	0
11	50938935	50939875	2
11	50939876	50950082	0
11	50950083	50963624	2
11	50963625	51111298	0
11	51111299	51125878	2
11	51125879	51144476	0
11	51144477	51152555	1
11	51152556	51153776	3
11	51153777	51153871	1
11	51153872	51172591	2
11	51172592	51180745	0
11	51180746	51474743	2
11	51474744	51475582	0
11	51475583	51490925	2
11	51490926	51495314	3
11	51495315	51497672	1
11	51497673	51510560	0
11	51510561	51514498	2
11	51514499	51514539	3
11	51514540	51526721	1
11	51526722	51533888	0
11	51533889	51541667	1
11	51541668	51541779	0
11	51541780	51548506	2
11	51548507	51576211	0
11	51576212	51579699	1
11	51579700	51583089	0
11	51583090	51647443	1
11	51647444	51654512	0
11	51654513	51682750	2
11	51682751	51704280	0
11	51704281	51748478	1
11	51748479	51858486	0
11	51858487	51868159	2
11	51868160	51876322	0
11	51876323	51891587	1
11	51891588	51895046	0
11	51895047	51980601	2
11	51980602	51989506	0
11	51989507	52018603	2
11	52018604	52035418	0
11	52035419	52036353	1
11	52036354	52103877	0
11	52103878	52104812	1
11	52104813	52122834	0
11	52122835	52137683	2
11	52137684	52143196	0
11	52143197	52174156	1
11	52174157	52251685	0
11	52251686	52280222	2
11	52280223	52287253	0
11	52287254	52299553	2
11	52299554	52655459	0
11	52655460	53079363	2
11	53079364	53150639	0
11	53150640	53191282	1
11	53191283	53215504	0
11	53215505	53224126	2
11	53224127	53241658	0
11	53241659	53312655	2
11	53312656	53313006	0
11	53313007	53313995	1
11	53313996	53318747	0
11	53318748	53321652	1
11	53321653	53324124	0
11	53324125	53328729	2
11	53328730	53348030	0
11	53348031	53358591	2
11	53358592	53367398	0
11	53367399	53371099	1
11	53371100	53410082	0
11	53410083	53440390	2
11	53440391	53458204	0
11	53458205	53492792	2
11	53492793	53503285	0
11	53503286	53509494	1
11	53509495	53522149	0
11	53522150	53525527	1
11	53525528	53540344	0
11	53540345	53598144	1
11	53598145	53611619	0
11	53611620	53615931	2
11	53615932	53660839	0
11	53660840	53669198	2
11	53669199	53676313	0
11	53676314	53750080	1
11	53750081	53755366	0
11	53755367	53782484	1
11	53782485	53840789	0
11	53840790	53871156	1
11	53871157	53873947	0
11	53873948	53918914	1
11	53918915	53945752	0
11	53945753	53959838	1
11	53959839	53990919	0
11	53990920	54022486	2
11	54022487	54138095	0
11	54138096	54140491	1
11	54140492	54156127	0
11	54156128	54158101	1
11	54158102	54194622	0
11	54194623	54255580	2
11	54255581	54261476	0
11	54261477	54317614	2
11	54317615	54329023	0
11	54329024	54409059	2
11	54409060	54413671	0
11	54413672	54590109	2
11	54590110	54608280	0
11	54608281	54678499	1
11	54678500	54729183	0
11	54729184	54751736	1
11	54751737	54757207	0
11	54757208	54761325	2
11	54761326	54793277	0
11	54793278	54801201	2
11	54801202	54801609	0
11	54801610	54853741	1
11	54853742	54869932	0
11	54869933	54924269	1
11	54924270	54940555	0
11	54940556	54968955	1
11	54968956	54988939	0
11	54988940	55003853	2
11	55003854	55015639	0
11	55015640	55042532	1
11	55042533	55049294	0
11	55049295	55075901	1
11	55075902	55095174	0
11	55095175	55127154	2
11	55127155	55141433	0
11	55141434	55227388	1
11	55227389	55285324	0
11	55285325	55314007	1
11	55314008	55337465	0
11	55337466	55352063	1
11	55352064	55360509	0
11	55360510	55395662	2
11	55395663	55405062	0
11	55405063	55499022	1
11	55499023	55915811	0
11	55915812	55931834	1
11	55931835	56902211	0
11	56902212	57221068	2
11	57221069	57373817	0
11	57373818	57409441	1
11	57409442	57409488	0
11	57409489	57424639	2
11	57424640	57536266	0
11	57536267	57678338	2
11	57678339	57692461	0
11	57692462	57701041	2
11	57701042	57719529	0
11	57719530	57723642	1
11	57723643	57899888	0
11	57899889	57952858	2
11	57952859	57954376	0
11	57954377	57983958	1
11	57983959	57994977	0
11	57994978	58009418	2
11	58009419	58010826	0
11	58010827	58059363	1
11	58059364	58062485	0
11	58062486	58070389	2
11	58070390	58090380	0
11	58090381	58113606	2
11	58113607	58165623	0
11	58165624	58185113	2
11	58185114	58197893	0
11	58197894	58205451	2
11	58205452	58205938	0
11	58205939	58221163	1
11	58221164	58221548	0
11	58221549	58238552	2
11	58238553	58269867	0
11	58269868	58281552	2
11	58281553	58311935	0
11	58311936	58316848	2
11	58316849	58323383	0
11	58323384	58332446	2
11	58332447	58336973	0
11	58336974	58343747	1
11	58343748	58344929	0
11	58344930	58353094	1
11	58353095	58378774	0
11	58378775	58383379	1
11	58383380	58392422	0
11	58392423	58393396	1
11	58393397	58418010	0
11	58418011	58425660	1
11	58425661	58430625	0
11	58430626	58437246	1
11	58437247	58441678	0
11	58441679	58446460	1
11	58446461	58456680	0
11	58456681	58461377	1
11	58461378	58468554	0
11	58468555	58473189	2
11	58473190	58485938	0
11	58485939	58491607	2
11	58491608	58499028	0
11	58499029	58506899	1
11	58506900	58514983	0
11	58514984	58521325	1
11	58521326	58531289	0
11	58531290	58543228	2
11	58543229	58549640	0
11	58549641	58560352	2
11	58560353	58571923	0
11	58571924	58577057	2
11	58577058	58589986	0
11	58589987	58594296	2
11	58594297	58608021	0
11	58608022	58614838	1
11	58614839	58621842	0
11	58621843	58630036	1
11	58630037	58643558	0
11	58643559	58650495	2
11	58650496	58664012	0
11	58664013	58671075	2
11	58671076	58673776	0
11	58673777	58679592	2
11	58679593	58683621	0
11	58683622	58692784	1
11	58692785	58705824	0
11	58705825	58710274	2
11	58710275	58720061	0
11	58720062	58725604	2
11	58725605	58730083	0
11	58730084	58734749	2
11	58734750	58737982	0
11	58737983	58752780	2
11	58752781	58758040	0
11	58758041	58774112	2
11	58774113	58778977	0
11	58778978	58795049	1
11	58795050	58808732	0
11	58808733	58817789	2
11	58817790	58823112	0
11	58823113	58829740	1
11	58829741	58839744	0
11	58839745	58840357	2
11	58840358	58845509	0
11	58845510	58863922	2
11	58863923	58868917	0
11	58868918	58882282	2
11	58882283	58885080	0
11	58885081	59029994	1
11	59029995	59046193	0
11	59046194	59054563	1
11	59054564	59066392	0
11	59066393	59074037	1
11	59074038	59074699	0
11	59074700	59083036	1
11	59083037	59093310	0
11	59093311	59096958	2
11	59096959	59099145	0
11	59099146	59101562	2
11	59101563	59102236	0
11	59102237	59119094	1
11	59119095	59138857	0
11	59138858	59181576	1
11	59181577	59197752	0
11	59197753	59224376	2
11	59224377	59263493	0
11	59263494	59266481	1
11	59266482	59297958	0
11	59297959	59340869	1
11	59340870	59342010	3
11	59342011	59349297	2
11	59349298	59352021	0
11	59352022	59363298	1
11	59363299	59376344	0
11	59376345	59397468	1
11	59397469	59432392	0
11	59432393	59457780	2
11	59457781	59461079	0
11	59461080	59467059	1
11	59467060	59479321	0
11	59479322	59484113	1
11	59484114	59553319	0
11	59553320	59671684	2
11	59671685	59675527	0
11	59675528	59678466	1
11	59678467	59682232	0
11	59682233	59700840	1
11	59700841	59708619	0
11	59708620	59730662	1
11	59730663	59738897	0
11	59738898	59767357	2
11	59767358	59839030	0
11	59839031	59853029	2
11	59853030	59854005	0
11	59854006	59855768	1
11	59855769	59861438	0
11	59861439	59937313	1
11	59937314	59995837	0
11	59995838	60089913	2
11	60089914	60090019	3
11	60090020	60090021	2
11	60090022	60111428	1
11	60111429	60117538	0
11	60117539	60243729	1
11	60243730	60244153	0
11	60244154	60285165	2
11	60285166	60291450	0
11	60291451	60307923	1
11	60307924	60308086	0
11	60308087	60336101	2
11	60336102	60345415	0
11	60345416	60359578	2
11	60359579	60360163	0
11	60360164	60419193	2
11	60419194	60428802	0
11	60428803	60449336	2
11	60449337	60590547	0
11	60590548	60604967	2
11	60604968	60605010	3
11	60605011	60618087	1
11	60618088	60619222	0
11	60619223	60623775	2
11	60623776	60630882	0
11	60630883	60668189	1
11	60668190	60668348	0
11	60668349	60678928	2
11	60678929	60679111	3
11	60679112	60702089	1
11	60702090	60721455	0
11	60721456	60751019	2
11	60751020	60755276	0
11	60755277	60770096	1
11	60770097	60793070	0
11	60793071	60804636	1
11	60804637	60822857	0
11	60822858	60843635	2
11	60843636	60913388	0
11	60913389	60961955	2
11	60961956	61017579	0
11	61017580	61040196	2
11	61040197	61042609	0
11	61042610	61065879	1
11	61065880	61098361	0
11	61098362	61109245	2
11	61109246	61114241	0
11	61114242	61158009	1
11	61158010	61192455	0
11	61192456	61233684	1
11	61233685	61234225	0
11	61234226	61269169	1
11	61269170	61339266	0
11	61339267	61344930	1
11	61344931	61376255	0
11	61376256	61379636	2
11	61379637	61379724	3
11	61379725	61385120	1
11	61385121	61395968	0
11	61395969	61403755	2
11	61403756	61408073	0
11	61408074	61470511	1
11	61470512	61544089	0
11	61544090	61563606	2
11	61563607	61563608	3
11	61563609	61575243	1
11	61575244	61600775	3
11	61600776	61611623	1
11	61611624	61620474	0
11	61620475	61652912	1
11	61652913	61666473	0
11	61666474	61745897	1
11	61745898	61762131	0
11	61762132	61821076	1
11	61821077	61847587	0
11	61847588	62113837	2
11	62113838	62139808	0
11	62139809	62157277	2
11	62157278	62158048	0
11	62158049	62172199	1
11	62172200	62172306	0
11	62172307	62207514	2
11	62207515	62218947	3
11	62218948	62349284	1
11	62349285	62349365	3
11	62349366	62405241	2
11	62405242	62415770	0
11	62415771	62430085	1
11	62430086	62441995	0
11	62441996	62444037	2
11	62444038	62465362	0
11	62465363	62491339	2
11	62491340	62495708	0
11	62495709	62539347	1
11	62539348	62539488	0
11	62539489	62557178	2
11	62557179	62591180	0
11	62591181	62622709	1
11	62622710	62643401	0
11	62643402	62643924	1
11	62643925	62644322	3
11	62644323	62680286	1
11	62680287	62711055	0
11	62711056	62768289	2
11	62768290	62770279	0
11	62770280	62786009	2
11	62786010	62842017	0
11	62842018	62883919	2
11	62883920	62952478	0
11	62952479	62985788	2
11	62985789	63019806	0
11	63019807	63050371	2
11	63050372	63776616	0
11	63776617	63813114	1
11	63813115	63853451	0
11	63853452	63970290	1
11	63970291	64326156	0
11	64326157	64413665	2
11	64413666	64869862	0
11	64869863	64892863	2
11	64892864	64892893	3
11	64892894	65053785	1
11	65053786	65067385	0
11	65067386	65160813	1
11	65160814	65579067	0
11	65579068	65679121	1
11	65679122	65697999	0
11	65698000	65720063	2
11	65720064	65722106	0
11	65722107	66059357	1
11	66059358	66102549	0
11	66102550	66416788	1
11	66416789	66802805	0
11	66802806	66820700	2
11	66820701	66847462	0
11	66847463	66855568	2
11	66855569	66915978	0
11	66915979	66926136	2
11	66926137	66928865	0
11	66928866	66943394	1
11	66943395	66943494	0
11	66943495	66956396	2
11	66956397	66969124	0
11	66969125	66993115	2
11	66993116	67061851	0
11	67061852	67088341	2
11	67088342	67090876	0
11	67090877	67115399	2
11	67115400	67128853	0
11	67128854	67151270	2
11	67151271	67167948	0
11	67167949	67199458	2
11	67199459	67212482	0
11	67212483	67262410	2
11	67262411	67345915	0
11	67345916	67552326	2
11	67552327	67574284	3
11	67574285	67579814	2
11	67579815	67586150	1
11	67586151	67594157	3
11	67594158	67661977	1
11	67661978	67665432	0
11	67665433	67680722	2
11	67680723	67689111	0
11	67689112	67706826	2
11	67706827	67745347	0
11	67745348	67812977	1
11	67812978	67815632	0
11	67815633	67856475	1
11	67856476	67857017	0
11	67857018	68097972	2
11	68097973	68100188	0
11	68100189	68291647	1
11	68291648	68322945	0
11	68322946	68388673	2
11	68388674	68393843	0
11	68393844	68443522	2
11	68443523	68447010	0
11	68447011	68449069	2
11	68449070	68477845	0
11	68477846	68488790	2
11	68488791	68582739	0
11	68582740	68707456	2
11	68707457	68712258	0
11	68712259	68762682	1
11	68762683	68779377	0
11	68779378	68786601	2
11	68786602	68792407	0
11	68792408	68795358	2
11	68795359	68812659	0
11	68812660	68817898	1
11	68817899	68833979	0
11	68833980	68848304	1
11	68848305	68858955	0
11	68858956	68863308	2
11	68863309	68863340	3
11	68863341	68865189	2
11	68865190	68876521	0
11	68876522	68899284	1
11	68899285	68906735	0
11	68906736	68927297	2
11	68927298	68936471	0
11	68936472	68942488	2
11	68942489	68950541	0
11	68950542	68952402	2
11	68952403	68961630	0
11	68961631	68964117	2
11	68964118	68979314	0
11	68979315	68983208	2
11	68983209	68986041	0
11	68986042	69000784	2
11	69000785	69011228	0
11	69011229	69014879	2
11	69014880	69016720	0
11	69016721	69039939	2
11	69039940	69047813	0
11	69047814	69060616	2
11	69060617	69074756	0
11	69074757	69088667	1
11	69088668	69108941	0
11	69108942	69127860	1
11	69127861	69190311	0
11	69190312	69214599	1
11	69214600	69214804	0
11	69214805	69216617	2
11	69216618	69217082	0
11	69217083	69223866	2
11	69223867	69231285	0
11	69231286	69233465	2
11	69233466	69234097	0
11	69234098	69260230	1
11	69260231	69284087	0
11	69284088	69286157	1
11	69286158	69286471	0
11	69286472	69287343	2
11	69287344	69287504	3
11	69287505	69289058	1
11	69289059	69289332	0
11	69289333	69304499	1
11	69304500	69311633	0
11	69311634	69439932	1
11	69439933	69444916	0
11	69444917	69451029	1
11	69451030	69452583	0
11	69452584	69471079	1
11	69471080	69471183	0
11	69471184	69482697	2
11	69482698	69490560	0
11	69490561	69496653	1
11	69496654	69505628	0
11	69505629	69508729	1
11	69508730	69512848	0
11	69512849	69514694	2
11	69514695	69523814	0
11	69523815	69544121	2
11	69544122	69546138	0
11	69546139	69547521	2
11	69547522	69547551	3
11	69547552	69553466	1
11	69553467	69555037	0
11	69555038	69556977	1
11	69556978	69557760	0
11	69557761	69563141	1
11	69563142	69563939	0
11	69563940	69572908	1
11	69572909	69573401	0
11	69573402	69586922	1
11	69586923	69624821	0
11	69624822	69649461	1
11	69649462	69650714	0
11	69650715	69652792	1
11	69652793	69656736	0
11	69656737	69674847	2
11	69674848	69674860	0
11	69674861	69686767	1
11	69686768	69686892	0
11	69686893	69692681	1
11	69692682	69694427	0
11	69694428	69696448	1
11	69696449	69701789	0
11	69701790	69706122	1
11	69706123	69707390	0
11	69707391	69709289	1
11	69709290	69711700	0
11	69711701	69713004	1
11	69713005	69713946	0
11	69713947	69728608	1
11	69728609	69729338	0
11	69729339	69730442	2
11	69730443	69737200	0
11	69737201	69741829	2
11	69741830	69741860	3
11	69741861	69742043	2
11	69742044	69742882	3
11	69742883	69749554	1
11	69749555	69766881	0
11	69766882	69768877	1
11	69768878	69769085	0
11	69769086	69772230	1
11	69772231	69772391	0
11	69772392	69786363	1
11	69786364	69788176	0
11	69788177	69791781	1
11	69791782	69792640	0
11	69792641	69804644	2
11	69804645	69804712	0
11	69804713	69807415	2
11	69807416	69807538	0
11	69807539	69812782	1
11	69812783	69826620	0
11	69826621	69832429	2
11	69832430	69833367	0
11	69833368	69839012	1
11	69839013	69855603	0
11	69855604	69858709	2
11	69858710	69859048	0
11	69859049	69871980	1
11	69871981	69872076	3
11	69872077	69873341	1
11	69873342	69881425	2
11	69881426	69881967	0
11	69881968	69885775	2
11	69885776	69886601	0
11	69886602	69890833	2
11	69890834	69891419	0
11	69891420	69901007	2
11	69901008	69903125	3
11	69903126	69906232	1
11	69906233	69907766	0
11	69907767	69938346	2
11	69938347	69944909	0
11	69944910	69948718	2
11	69948719	69983468	0
11	69983469	69997011	2
11	69997012	70021153	0
11	70021154	70028374	2
11	70028375	70047021	0
11	70047022	70061658	2
11	70061659	70103576	0
11	70103577	70107241	2
11	70107242	70107613	0
11	70107614	70111888	1
11	70111889	70114952	0
11	70114953	70120563	1
11	70120564	70126030	0
11	70126031	70128738	1
11	70128739	70128948	0
11	70128949	70130666	1
11	70130667	70132281	0
11	70132282	70146177	1
11	70146178	70206434	0
11	70206435	70213452	1
11	70213453	70234976	0
11	70234977	70242855	1
11	70242856	70283707	0
11	70283708	70300855	1
11	70300856	70323461	0
11	70323462	70331652	2
11	70331653	70342743	0
11	70342744	70344551	2
11	70344552	70344807	0
11	70344808	70350257	1
11	70350258	70350808	3
11	70350809	70357026	2
11	70357027	70396068	0
11	70396069	70402002	2
11	70402003	70404340	0
11	70404341	70405440	1
11	70405441	70410020	0
11	70410021	70411560	2
11	70411561	70416210	0
11	70416211	70418473	2
11	70418474	70423056	0
11	70423057	70423763	1
11	70423764	70430888	0
11	70430889	70448934	2
11	70448935	70453705	0
11	70453706	70505307	2
11	70505308	70505707	0
11	70505708	70506672	1
11	70506673	70507699	3
11	70507700	70510040	1
11	70510041	70529946	0
11	70529947	70532860	2
11	70532861	70535020	0
11	70535021	70538111	1
11	70538112	70538303	3
11	70538304	70542245	2
11	70542246	70542674	0
11	70542675	70545468	1
11	70545469	70548026	0
11	70548027	70553337	2
11	70553338	70554595	0
11	70554596	70560240	1
11	70560241	70560287	0
11	70560288	70578929	1
11	70578930	70579185	0
11	70579186	70590979	1
11	70590980	70591372	0
11	70591373	70622788	2
11	70622789	70655033	0
11	70655034	70663752	2
11	70663753	70681756	0
11	70681757	70703410	1
11	70703411	70735602	0
11	70735603	70833896	2
11	70833897	70833929	3
11	70833930	70860797	1
11	70860798	70861037	0
11	70861038	70868657	2
11	70868658	70868660	0
11	70868661	70873850	1
11	70873851	70874915	0
11	70874916	70895261	1
11	70895262	70897988	0
11	70897989	70910435	1
11	70910436	70910665	3
11	70910666	70918195	2
11	70918196	70922765	0
11	70922766	70924337	1
11	70924338	70983060	0
11	70983061	71035528	1
11	71035529	71043926	0
11	71043927	71121557	1
11	71121558	71640744	0
11	71640745	71680471	2
11	71680472	71918787	0
11	71918788	71928313	1
11	71928314	71932856	0
11	71932857	71938194	2
11	71938195	71938352	0
11	71938353	72026602	1
11	72026603	72044921	0
11	72044922	72098255	1
11	72098256	72098371	0
11	72098372	72100839	2
11	72100840	72102548	0
11	72102549	72105962	1
11	72105963	72106416	3
11	72106417	72108567	2
11	72108568	72132813	0
11	72132814	72157483	1
11	72157484	72192453	0
11	72192454	72204557	2
11	72204558	72205268	0
11	72205269	72210240	2
11	72210241	72235546	0
11	72235547	72253266	1
11	72253267	72279988	0
11	72279989	72302537	1
11	72302538	72326350	0
11	72326351	72329224	2
11	72329225	72332179	0
11	72332180	72342462	2
11	72342463	72342592	3
11	72342593	72380728	1
11	72380729	72388979	0
11	72388980	72441330	1
11	72441331	72498107	0
11	72498108	72577305	2
11	72577306	72580830	0
11	72580831	72662970	2
11	72662971	72668056	0
11	72668057	72686966	1
11	72686967	72687050	0
11	72687051	72817944	2
11	72817945	72851993	0
11	72851994	72883868	2
11	72883869	72889927	0
11	72889928	72906024	2
11	72906025	72909867	0
11	72909868	72932897	2
11	72932898	72938607	0
11	72938608	72980141	2
11	72980142	72981407	0
11	72981408	73026309	2
11	73026310	73029118	3
11	73029119	73038270	2
11	73038271	73051245	0
11	73051246	73063509	2
11	73063510	73066343	0
11	73066344	73067861	1
11	73067862	73067907	0
11	73067908	73072976	2
11	73072977	73074420	0
11	73074421	73089866	1
11	73089867	73090284	0
11	73090285	73115335	2
11	73115336	73125116	0
11	73125117	73152066	2
11	73152067	73158212	0
11	73158213	73191187	2
11	73191188	73195816	0
11	73195817	73220420	1
11	73220421	73220565	0
11	73220566	73246775	2
11	73246776	73262070	0
11	73262071	73268660	2
11	73268661	73283834	0
11	73283835	73290438	1
11	73290439	73315433	0
11	73315434	73319301	1
11	73319302	73343710	0
11	73343711	73348332	1
11	73348333	73375098	0
11	73375099	73382427	1
11	73382428	73407083	0
11	73407084	73408021	1
11	73408022	73479126	0
11	73479127	73483832	1
11	73483833	73489418	0
11	73489419	73495916	2
11	73495917	73579602	0
11	73579603	73604622	2
11	73604623	73665673	0
11	73665674	73671537	1
11	73671538	73673788	0
11	73673789	73681270	2
11	73681271	73688685	0
11	73688686	73693876	1
11	73693877	73702564	0
11	73702565	73707873	1
11	73707874	73735237	0
11	73735238	73742278	1
11	73742279	73774161	0
11	73774162	73781595	1
11	73781596	73794142	0
11	73794143	73800123	1
11	73800124	73827501	0
11	73827502	73833482	2
11	73833483	73851641	0
11	73851642	73858636	2
11	73858637	73870791	0
11	73870792	73881231	1
11	73881232	73934857	0
11	73934858	73947439	1
11	73947440	73960779	0
11	73960780	73978116	2
11	73978117	74004536	0
11	74004537	74013765	2
11	74013766	74044353	0
11	74044354	74048985	2
11	74048986	74077073	0
11	74077074	74089436	2
11	74089437	74096488	0
11	74096489	74102203	1
11	74102204	74150632	0
11	74150633	74162449	2
11	74162450	74174560	0
11	74174561	74182432	2
11	74182433	74221105	0
11	74221106	74228855	1
11	74228856	74235953	0
11	74235954	74243474	1
11	74243475	74252893	0
11	74252894	74257042	2
11	74257043	74274180	0
11	74274181	74501739	1
11	74501740	74510429	0
11	74510430	74532340	2
11	74532341	74540339	0
11	74540340	74561671	2
11	74561672	74564773	0
11	74564774	74615494	1
11	74615495	74661654	0
11	74661655	74719349	2
11	74719350	74721744	0
11	74721745	74736549	2
11	74736550	74740085	0
11	74740086	74787884	1
11	74787885	74788902	0
11	74788903	74797183	2
11	74797184	74800166	3
11	74800167	74816647	1
11	74816648	74816772	3
11	74816773	75055272	2
11	75055273	75055389	0
11	75055390	75060343	1
11	75060344	75066766	0
11	75066767	75082065	1
11	75082066	75084607	0
11	75084608	75158593	2
11	75158594	75188990	0
11	75188991	75239148	1
11	75239149	75239257	0
11	75239258	75296529	2
11	75296530	75300593	0
11	75300594	75313525	1
11	75313526	75322556	0
11	75322557	75330415	1
11	75330416	75331768	0
11	75331769	75345541	1
11	75345542	75358903	0
11	75358904	75361723	2
11	75361724	75377640	0
11	75377641	75400273	2
11	75400274	75400918	0
11	75400919	75403992	2
11	75403993	75404364	0
11	75404365	75417406	2
11	75417407	75422518	0
11	75422519	75468399	2
11	75468400	75478921	0
11	75478922	75519628	2
11	75519629	75521812	0
11	75521813	75539695	2
11	75539696	75541328	0
11	75541329	75564734	2
11	75564735	75570083	0
11	75570084	75597732	2
11	75597733	75623693	0
11	75623694	75656669	2
11	75656670	75659790	0
11	75659791	75686873	1
11	75686874	75721823	0
11	75721824	75829253	1
11	75829254	75890736	0
11	75890737	75894393	2
11	75894394	75910018	0
11	75910019	75918606	1
11	75918607	75937050	0
11	75937051	76070471	1
11	76070472	76070495	0
11	76070496	76100240	2
11	76100241	76101395	0
11	76101396	76108432	1
11	76108433	76108488	3
11	76108489	76134539	1
11	76134540	76134549	3
11	76134550	76141443	2
11	76141444	76148022	0
11	76148023	76289964	1
11	76289965	76297776	0
11	76297777	76307116	2
11	76307117	76307558	0
11	76307559	76514382	1
11	76514383	76563294	0
11	76563295	76564500	2
11	76564501	76570632	0
11	76570633	76589488	2
11	76589489	76617426	0
11	76617427	76654403	1
11	76654404	76669248	0
11	76669249	76737842	1
11	76737843	76792983	0
11	76792984	76807411	2
11	76807412	76815633	0
11	76815634	76878203	2
11	76878204	76889427	0
11	76889428	76923164	2
11	76923165	76935116	0
11	76935117	76969259	1
11	76969260	76980739	0
11	76980740	77079792	1
11	77079793	77107111	0
11	77107112	77351044	2
11	77351045	77353235	0
11	77353236	77361308	2
11	77361309	77361309	0
11	77361310	77380502	1
11	77380503	77384386	0
11	77384387	77398610	2
11	77398611	77398923	0
11	77398924	77405945	1
11	77405946	77406555	3
11	77406556	77419986	2
11	77419987	77429431	3
11	77429432	77498639	1
11	77498640	77576979	0
11	77576980	77609451	2
11	77609452	77616107	3
11	77616108	77632745	2
11	77632746	77654070	0
11	77654071	77676277	2
11	77676278	77678571	3
11	77678572	77756804	2
11	77756805	77771439	0
11	77771440	77784920	1
11	77784921	77821624	0
11	77821625	77869872	2
11	77869873	77873578	0
11	77873579	77921363	2
11	77921364	77923104	0
11	77923105	77928690	2
11	77928691	77928755	0
11	77928756	77951258	2
11	77951259	77964200	0
11	77964201	77971207	1
11	77971208	77985484	0
11	77985485	78047524	2
11	78047525	78050224	0
11	78050225	78056413	1
11	78056414	78056930	0
11	78056931	78067499	1
11	78067500	78067535	0
11	78067536	78071759	2
11	78071760	78072733	3
11	78072734	78074408	1
11	78074409	78079254	0
11	78079255	78083017	2
11	78083018	78084216	0
11	78084217	78096587	2
11	78096588	78097570	0
11	78097571	78136570	1
11	78136571	78136811	3
11	78136812	78146320	2
11	78146321	78152576	0
11	78152577	78181447	2
11	78181448	78181665	0
11	78181666	78185892	2
11	78185893	78192353	0
11	78192354	78213281	2
11	78213282	78213792	0
11	78213793	78218605	2
11	78218606	78219239	0
11	78219240	78233606	2
11	78233607	78234306	0
11	78234307	78239988	2
11	78239989	78248401	0
11	78248402	78277382	1
11	78277383	78287911	0
11	78287912	78313041	1
11	78313042	78356521	0
11	78356522	78362769	2
11	78362770	78363154	0
11	78363155	78388578	1
11	78388579	78389944	0
11	78389945	78393148	2
11	78393149	78394271	0
11	78394272	78395905	2
11	78395906	78397879	0
11	78397880	78402996	1
11	78402997	78403017	0
11	78403018	78413560	2
11	78413561	78413674	0
11	78413675	78427156	1
11	78427157	78427185	0
11	78427186	78432561	2
11	78432562	78432641	0
11	78432642	78441601	1
11	78441602	78457992	0
11	78457993	78588197	1
11	78588198	78641330	0
11	78641331	78642553	1
11	78642554	78717408	0
11	78717409	78737694	2
11	78737695	78811611	0
11	78811612	78851078	2
11	78851079	78853798	0
11	78853799	78875770	1
11	78875771	78904264	0
11	78904265	79037231	1
11	79037232	79130196	0
11	79130197	79145495	1
11	79145496	79230616	0
11	79230617	79391806	2
11	79391807	79394908	3
11	79394909	79404209	2
11	79404210	79421413	3
11	79421414	79472436	2
11	79472437	79482036	0
11	79482037	79588847	2
11	79588848	79823145	0
11	79823146	79853214	1
11	79853215	79883930	0
11	79883931	79924947	2
11	79924948	79937317	0
11	79937318	79971815	1
11	79971816	79980224	0
11	79980225	80026618	2
11	80026619	80027502	0
11	80027503	80032999	1
11	80033000	80044929	0
11	80044930	80069782	2
11	80069783	80074675	0
11	80074676	80090581	2
11	80090582	80099843	0
11	80099844	80158731	2
11	80158732	80191736	0
11	80191737	80246779	2
11	80246780	80251316	0
11	80251317	80268858	1
11	80268859	80274103	0
11	80274104	80296557	2
11	80296558	80319447	0
11	80319448	80364072	2
11	80364073	80367847	0
11	80367848	80372008	2
11	80372009	80372950	0
11	80372951	80670849	1
11	80670850	80700999	0
11	80701000	80712857	2
11	80712858	80749189	0
11	80749190	80758638	2
11	80758639	80770993	0
11	80770994	81751503	1
11	81751504	81785406	3
11	81785407	81859281	1
11	81859282	81919048	0
11	81919049	81926395	1
11	81926396	81928277	3
11	81928278	81929386	1
11	81929387	81936536	0
11	81936537	81938349	2
11	81938350	81948647	0
11	81948648	81953779	2
11	81953780	81992669	0
11	81992670	81994224	2
11	81994225	82006009	0
11	82006010	82007623	2
11	82007624	82067481	0
11	82067482	82070636	1
11	82070637	82279724	0
11	82279725	82337156	2
11	82337157	82610074	0
11	82610075	82655145	1
11	82655146	82655169	0
11	82655170	82656759	2
11	82656760	82671932	0
11	82671933	82693273	2
11	82693274	82693686	3
11	82693687	82694646	2
11	82694647	82695098	3
11	82695099	82762034	1
11	82762035	82767523	0
11	82767524	82781438	1
11	82781439	82782948	0
11	82782949	82791592	2
11	82791593	82791625	3
11	82791626	82799235	1
11	82799236	82801374	0
11	82801375	82834227	2
11	82834228	82842919	0
11	82842920	82855664	2
11	82855665	82869214	0
11	82869215	82882654	1
11	82882655	82892982	0
11	82892983	82911634	1
11	82911635	82955936	0
11	82955937	82961502	2
11	82961503	83007673	0
11	83007674	83013494	2
11	83013495	83066010	0
11	83066011	83081040	2
11	83081041	83082154	0
11	83082155	83105978	2
11	83105979	83165934	0
11	83165935	83177550	1
11	83177551	83185466	0
11	83185467	83189848	1
11	83189849	83193410	3
11	83193411	83295859	2
11	83295860	83299961	0
11	83299962	83311863	2
11	83311864	83312726	0
11	83312727	83320279	1
11	83320280	83328501	0
11	83328502	83331592	2
11	83331593	83332057	3
11	83332058	83353895	1
11	83353896	83363916	0
11	83363917	83397567	2
11	83397568	83402560	0
11	83402561	83412999	1
11	83413000	83416602	0
11	83416603	83421342	1
11	83421343	83463743	0
11	83463744	83469460	1
11	83469461	83478706	0
11	83478707	83483911	1
11	83483912	83535870	0
11	83535871	83536445	1
11	83536446	83538668	0
11	83538669	83540179	1
11	83540180	83553408	0
11	83553409	83555507	2
11	83555508	83594815	0
11	83594816	83597092	2
11	83597093	83599839	0
11	83599840	83602172	2
11	83602173	83637764	0
11	83637765	83643466	2
11	83643467	83644520	0
11	83644521	83674578	2
11	83674579	83740887	0
11	83740888	83796643	2
11	83796644	83832886	0
11	83832887	83853912	2
11	83853913	83855252	0
11	83855253	83935402	2
11	83935403	83938865	0
11	83938866	83960085	1
11	83960086	83969744	0
11	83969745	84020424	1
11	84020425	84020496	0
11	84020497	84039175	2
11	84039176	84058300	3
11	84058301	84292475	2
11	84292476	84313679	0
11	84313680	84404346	1
11	84404347	84409108	0
11	84409109	84416359	1
11	84416360	84703885	0
11	84703886	84710339	1
11	84710340	84711680	0
11	84711681	84719788	1
11	84719789	84723185	0
11	84723186	84761641	1
11	84761642	84767139	0
11	84767140	84770972	1
11	84770973	84771019	3
11	84771020	84771109	1
11	84771110	84801774	2
11	84801775	84802050	3
11	84802051	84807190	1
11	84807191	84848612	0
11	84848613	84856868	2
11	84856869	84875266	0
11	84875267	85030862	1
11	85030863	85061228	0
11	85061229	85071969	2
11	85071970	85078086	0
11	85078087	85125954	1
11	85125955	85202068	0
11	85202069	85237890	2
11	85237891	85243991	0
11	85243992	85716882	2
11	85716883	85723375	0
11	85723376	85732772	2
11	85732773	85737614	0
11	85737615	85741157	1
11	85741158	85777246	0
11	85777247	85806921	2
11	85806922	85948962	0
11	85948963	86092017	1
11	86092018	86101505	0
11	86101506	86148399	1
11	86148400	86157857	0
11	86157858	86248426	1
11	86248427	86375481	0
11	86375482	86389695	2
11	86389696	86389849	3
11	86389850	86435629	1
11	86435630	86435815	0
11	86435816	86458184	2
11	86458185	86474689	0
11	86474690	86574660	1
11	86574661	86574809	0
11	86574810	86583281	2
11	86583282	86585175	0
11	86585176	86648389	1
11	86648390	86659670	0
11	86659671	86698570	1
11	86698571	86827249	0
11	86827250	86884531	1
11	86884532	86924691	0
11	86924692	86964886	1
11	86964887	86968556	0
11	86968557	86977598	1
11	86977599	86979977	0
11	86979978	86999532	1
11	86999533	87000058	0
11	87000059	87015459	2
11	87015460	87017901	0
11	87017902	87111507	2
11	87111508	87117730	0
11	87117731	87249847	1
11	87249848	87267469	0
11	87267470	87295778	1
11	87295779	87295889	0
11	87295890	87446647	2
11	87446648	87457477	0
11	87457478	87481363	2
11	87481364	87482986	0
11	87482987	87507126	2
11	87507127	87507988	0
11	87507989	87550366	2
11	87550367	87553911	0
11	87553912	87626363	2
11	87626364	87628376	0
11	87628377	87634441	2
11	87634442	87651365	0
11	87651366	87676752	2
11	87676753	87684405	0
11	87684406	87695237	2
11	87695238	87697252	0
11	87697253	87719113	1
11	87719114	87744039	0
11	87744040	87754627	2
11	87754628	87754824	0
11	87754825	87766360	1
11	87766361	87775803	0
11	87775804	87783092	1
11	87783093	87783442	0
11	87783443	87788211	1
11	87788212	87804092	0
11	87804093	87811786	1
11	87811787	87870349	0
11	87870350	87878357	1
11	87878358	87938197	0
11	87938198	87944579	2
11	87944580	87959103	0
11	87959104	87975553	2
11	87975554	87989970	0
11	87989971	88084964	2
11	88084965	88095212	0
11	88095213	88102331	2
11	88102332	88184882	0
11	88184883	88186085	2
11	88186086	88230206	0
11	88230207	88609337	1
11	88609338	88721616	0
11	88721617	88755410	1
11	88755411	88814844	0
11	88814845	88846289	1
11	88846290	88855482	0
11	88855483	88857755	1
11	88857756	88861076	0
11	88861077	88882437	2
11	88882438	88890200	0
11	88890201	88911117	2
11	88911118	88926003	0
11	88926004	88957674	1
11	88957675	88964665	0
11	88964666	88983864	2
11	88983865	89191462	0
11	89191463	89193156	1
11	89193157	89281047	0
11	89281048	89732090	1
11	89732091	89873489	0
11	89873490	89893718	1
11	89893719	89921172	0
11	89921173	89927332	2
11	89927333	90078507	0
11	90078508	90169413	2
11	90169414	90227360	0
11	90227361	90281719	1
11	90281720	90367316	0
11	90367317	90528908	1
11	90528909	90528997	0
11	90528998	90534289	2
11	90534290	90535755	3
11	90535756	90578431	1
11	90578432	91466139	0
11	91466140	91468382	1
11	91468383	92989228	0
11	92989229	93492573	2
11	93492574	93750067	0
11	93750068	93776590	1
11	93776591	93776676	0
11	93776677	93837809	2
11	93837810	93840638	0
11	93840639	93859345	1
11	93859346	93886927	0
11	93886928	94016909	2
11	94016910	94102278	0
11	94102279	94106319	2
11	94106320	94126780	0
11	94126781	94133531	1
11	94133532	94172697	0
11	94172698	94177077	2
11	94177078	94178714	0
11	94178715	94212812	1
11	94212813	94218825	0
11	94218826	94232665	2
11	94232666	94234119	0
11	94234120	94283800	1
11	94283801	94299215	0
11	94299216	94365022	1
11	94365023	94369728	0
11	94369729	94376172	1
11	94376173	94380423	0
11	94380424	94390798	1
11	94390799	94392171	0
11	94392172	94412566	1
11	94412567	94430622	0
11	94430623	94440023	1
11	94440024	94447926	0
11	94447927	94455871	1
11	94455872	94459951	3
11	94459952	94492695	1
11	94492696	94520591	0
11	94520592	94535820	2
11	94535821	94536040	3
11	94536041	94544591	1
11	94544592	94544788	3
11	94544789	94550913	2
11	94550914	94554675	0
11	94554676	94568339	1
11	94568340	94585322	0
11	94585323	94595323	1
11	94595324	94632606	0
11	94632607	94633857	2
11	94633858	94668041	0
11	94668042	94673527	1
11	94673528	94827048	0
11	94827049	94843866	2
11	94843867	94853615	0
11	94853616	94858417	1
11	94858418	94859280	3
11	94859281	94867151	1
11	94867152	94881859	0
11	94881860	94897723	2
11	94897724	94900703	0
11	94900704	94916911	2
11	94916912	94917082	0
11	94917083	94932178	1
11	94932179	94935298	0
11	94935299	94967625	1
11	94967626	95010943	0
11	95010944	95016120	2
11	95016121	95031271	0
11	95031272	95037087	1
11	95037088	95152353	0
11	95152354	95160089	2
11	95160090	95165083	0
11	95165084	95201070	1
11	95201071	95227842	0
11	95227843	95272696	2
11	95272697	95275516	0
11	95275517	95282600	2
11	95282601	95304904	0
11	95304905	95384230	2
11	95384231	95400669	0
11	95400670	95405394	1
11	95405395	95459642	0
11	95459643	95478559	1
11	95478560	95557781	0
11	95557782	95571597	2
11	95571598	95603497	0
11	95603498	95663177	2
11	95663178	95715323	0
11	95715324	95720898	2
11	95720899	95721525	3
11	95721526	95722964	2
11	95722965	95728040	1
11	95728041	95733233	3
11	95733234	95736558	2
11	95736559	95756767	0
11	95756768	95805715	1
11	95805716	95847987	0
11	95847988	95896764	1
11	95896765	95915369	0
11	95915370	95921655	2
11	95921656	95925709	0
11	95925710	95938254	2
11	95938255	95938256	0
11	95938257	95956212	1
11	95956213	95959676	0
11	95959677	95966494	1
11	95966495	95990150	0
11	95990151	96002788	1
11	96002789	96024610	0
11	96024611	96056275	2
11	96056276	96085140	0
11	96085141	96088271	2
11	96088272	96162281	0
11	96162282	96167419	2
11	96167420	96172729	0
11	96172730	96176139	2
11	96176140	96177447	0
11	96177448	96180986	2
11	96180987	96183300	0
11	96183301	96192393	2
11	96192394	96194336	0
11	96194337	96196944	2
11	96196945	96209091	0
11	96209092	96212462	2
11	96212463	96214150	0
11	96214151	96238754	2
11	96238755	96242455	0
11	96242456	96244836	2
11	96244837	96256576	0
11	96256577	96259080	2
11	96259081	96355417	0
11	96355418	96649954	2
11	96649955	96658379	0
11	96658380	96668383	1
11	96668384	96679951	0
11	96679952	96699464	2
11	96699465	96708238	0
11	96708239	96720792	1
11	96720793	96740700	0
11	96740701	96752027	2
11	96752028	96798250	0
11	96798251	96807320	1
11	96807321	96820126	0
11	96820127	96828649	2
11	96828650	96828654	3
11	96828655	96834810	1
11	96834811	96844165	0
11	96844166	96873783	1
11	96873784	96904218	0
11	96904219	96915558	2
11	96915559	96920762	0
11	96920763	96924782	2
11	96924783	96925426	0
11	96925427	96932231	1
11	96932232	96932384	0
11	96932385	96940037	2
11	96940038	96941452	0
11	96941453	96959728	2
11	96959729	96988895	0
11	96988896	97006155	1
11	97006156	97026995	0
11	97026996	97042319	1
11	97042320	97050538	0
11	97050539	97078705	1
11	97078706	97096666	0
11	97096667	97171462	1
11	97171463	97206540	0
11	97206541	97220744	2
11	97220745	97222933	0
11	97222934	97242840	1
11	97242841	97253259	0
11	97253260	97289366	2
11	97289367	97306357	0
11	97306358	97381607	2
11	97381608	97391164	3
11	97391165	97393226	2
11	97393227	97400164	0
11	97400165	97466050	1
11	97466051	97518213	0
11	97518214	97520526	1
11	97520527	97554238	0
11	97554239	97576287	2
11	97576288	97576650	0
11	97576651	97579445	2
11	97579446	97579647	0
11	97579648	97591321	1
11	97591322	97594223	0
11	97594224	97604324	2
11	97604325	97605981	0
11	97605982	97635528	1
11	97635529	97636439	0
11	97636440	97657380	1
11	97657381	97662305	0
11	97662306	97666742	1
11	97666743	97668351	0
11	97668352	97673261	1
11	97673262	97689824	0
11	97689825	97729588	2
11	97729589	97731604	0
11	97731605	97734923	2
11	97734924	97744650	0
11	97744651	97774978	1
11	97774979	97814062	0
11	97814063	97877268	1
11	97877269	97880402	0
11	97880403	97887005	1
11	97887006	97892332	0
11	97892333	97913458	1
11	97913459	97917534	0
11	97917535	97921316	2
11	97921317	97927447	0
11	97927448	97944286	1
11	97944287	97973380	0
11	97973381	98041227	1
11	98041228	98042978	0
11	98042979	98084117	1
11	98084118	98093883	0
11	98093884	98142388	2
11	98142389	98216239	0
11	98216240	98220472	1
11	98220473	98239228	0
11	98239229	98248620	2
11	98248621	98249192	0
11	98249193	98271923	2
11	98271924	98274635	0
11	98274636	98275777	2
11	98275778	98277274	0
11	98277275	98279005	2
11	98279006	98279501	0
11	98279502	98291314	1
11	98291315	98303294	0
11	98303295	98328532	2
11	98328533	98328540	3
11	98328541	98329815	1
11	98329816	98337218	0
11	98337219	98346197	2
11	98346198	98355726	0
11	98355727	98436624	1
11	98436625	98441921	0
11	98441922	98449489	2
11	98449490	98472080	0
11	98472081	98478192	1
11	98478193	98489115	0
11	98489116	98490410	2
11	98490411	98517184	0
11	98517185	98529050	2
11	98529051	98537583	0
11	98537584	98548788	2
11	98548789	98555175	0
11	98555176	98568532	2
11	98568533	98573378	0
11	98573379	98586803	2
11	98586804	98592087	0
11	98592088	98594453	2
11	98594454	98595415	0
11	98595416	98620259	1
11	98620260	98632635	0
11	98632636	98658756	2
11	98658757	98659830	3
11	98659831	98666157	1
11	98666158	98686340	0
11	98686341	98724638	2
11	98724639	98727609	0
11	98727610	98744521	2
11	98744522	98754462	0
11	98754463	98795864	2
11	98795865	98798625	0
11	98798626	98814760	2
11	98814761	98818642	0
11	98818643	98865766	2
11	98865767	98873004	0
11	98873005	98873840	1
11	98873841	98883767	0
11	98883768	98915013	1
11	98915014	98932068	0
11	98932069	98945216	2
11	98945217	98956502	0
11	98956503	98980130	1
11	98980131	99035020	0
11	99035021	99045901	1
11	99045902	99099871	0
11	99099872	99121841	1
11	99121842	99123585	0
11	99123586	99134909	1
11	99134910	99170783	0
11	99170784	99176086	1
11	99176087	99206340	0
11	99206341	99213775	1
11	99213776	99219438	0
11	99219439	99228790	1
11	99228791	99236389	0
11	99236390	99241928	1
11	99241929	99255696	0
11	99255697	99265727	1
11	99265728	99276078	0
11	99276079	99280188	1
11	99280189	99306490	0
11	99306491	99313083	1
11	99313084	99319227	0
11	99319228	99328974	1
11	99328975	99368798	0
11	99368799	99383961	1
11	99383962	99404938	0
11	99404939	99412162	1
11	99412163	99428309	0
11	99428310	99433982	1
11	99433983	99440954	0
11	99440955	99441689	1
11	99441690	99446647	0
11	99446648	99447677	1
11	99447678	99449991	0
11	99449992	99450290	1
11	99450291	99456851	0
11	99456852	99457454	1
11	99457455	99470800	0
11	99470801	99471840	1
11	99471841	99473886	0
11	99473887	99474478	1
11	99474479	99481285	0
11	99481286	99482163	1
11	99482164	99488171	0
11	99488172	99488929	1
11	99488930	99493470	0
11	99493471	99494132	1
11	99494133	99500618	0
11	99500619	99501013	1
11	99501014	99504843	0
11	99504844	99505670	1
11	99505671	99510443	0
11	99510444	99511259	1
11	99511260	99518048	0
11	99518049	99519062	1
11	99519063	99524935	0
11	99524936	99525908	1
11	99525909	99533930	0
11	99533931	99534913	1
11	99534914	99540423	0
11	99540424	99541060	1
11	99541061	99548773	0
11	99548774	99549784	1
11	99549785	99555867	0
11	99555868	99556784	1
11	99556785	99581412	0
11	99581413	99581564	1
11	99581565	99625037	0
11	99625038	99625114	1
11	99625115	99662538	0
11	99662539	99663737	1
11	99663738	99670546	0
11	99670547	99671528	1
11	99671529	99676024	0
11	99676025	99677082	2
11	99677083	99683213	0
11	99683214	99684291	1
11	99684292	99688888	0
11	99688889	99689756	1
11	99689757	99694381	0
11	99694382	99695270	1
11	99695271	99699902	0
11	99699903	99700716	1
11	99700717	99705800	0
11	99705801	99706490	1
11	99706491	99727626	0
11	99727627	99728890	1
11	99728891	99741479	0
11	99741480	99742432	1
11	99742433	99748741	0
11	99748742	99749885	2
11	99749886	99755300	0
11	99755301	99756395	2
11	99756396	99764213	0
11	99764214	99765256	2
11	99765257	99770011	0
11	99770012	99771053	2
11	99771054	99798744	0
11	99798745	99799716	2
11	99799717	99805575	0
11	99805576	99806495	2
11	99806496	99827115	0
11	99827116	99828049	2
11	99828050	99839299	0
11	99839300	99840375	2
11	99840376	99868849	0
11	99868850	99869877	1
11	99869878	99875534	0
11	99875535	99877421	1
11	99877422	99884058	0
11	99884059	99884818	1
11	99884819	99902019	0
11	99902020	99907036	1
11	99907037	99914458	0
11	99914459	99920692	1
11	99920693	99928171	0
11	99928172	99932378	1
11	99932379	99937470	0
11	99937471	99941375	1
11	99941376	99971681	0
11	99971682	99979050	1
11	99979051	99983017	0
11	99983018	99987049	1
11	99987050	99992831	0
11	99992832	99996450	1
11	99996451	100008151	0
11	100008152	100012390	1
11	100012391	100022582	0
11	100022583	100026752	1
11	100026753	100031634	0
11	100031635	100036944	1
11	100036945	100077605	0
11	100077606	100084070	1
11	100084071	100093986	0
11	100093987	100098372	1
11	100098373	100136915	0
11	100136916	100139726	1
11	100139727	100147041	0
11	100147042	100151853	1
11	100151854	100153711	0
11	100153712	100160695	1
11	100160696	100210709	0
11	100210710	100212920	2
11	100212921	100225231	0
11	100225232	100227820	2
11	100227821	100238151	0
11	100238152	100246952	1
11	100246953	100261443	0
11	100261444	100288573	1
11	100288574	100299280	0
11	100299281	100305660	1
11	100305661	100306521	0
11	100306522	100313145	2
11	100313146	100315648	3
11	100315649	100332632	1
11	100332633	100332741	0
11	100332742	100347846	2
11	100347847	100353438	0
11	100353439	100363565	1
11	100363566	100367177	0
11	100367178	100418824	1
11	100418825	100436431	0
11	100436432	100463392	2
11	100463393	100465728	0
11	100465729	100472552	2
11	100472553	100473642	0
11	100473643	100510068	1
11	100510069	100510992	3
11	100510993	100511012	1
11	100511013	100518367	2
11	100518368	100518431	3
11	100518432	100583279	1
11	100583280	100585708	0
11	100585709	100595095	1
11	100595096	100595570	0
11	100595571	100603289	1
11	100603290	100604674	0
11	100604675	100605399	2
11	100605400	100605833	0
11	100605834	100629039	1
11	100629040	100631200	0
11	100631201	100650766	1
11	100650767	100651893	0
11	100651894	100653755	1
11	100653756	100656856	0
11	100656857	100661781	1
11	100661782	100671555	0
11	100671556	100741548	1
11	100741549	100750175	0
11	100750176	100775922	2
11	100775923	100775993	3
11	100775994	100830364	1
11	100830365	100847557	0
11	100847558	100861711	1
11	100861712	100900276	0
11	100900277	100954543	2
11	100954544	100960836	0
11	100960837	100968496	2
11	100968497	100969235	0
11	100969236	100971351	2
11	100971352	100973389	0
11	100973390	100977443	2
11	100977444	100978101	0
11	100978102	100982647	2
11	100982648	100983031	3
11	100983032	100986260	1
11	100986261	100987146	0
11	100987147	101010717	1
11	101010718	101010762	0
11	101010763	101017243	2
11	101017244	101046731	0
11	101046732	101052611	2
11	101052612	101053503	0
11	101053504	101062175	1
11	101062176	101063821	0
11	101063822	101066267	1
11	101066268	101066865	0
11	101066866	101081548	2
11	101081549	101081939	0
11	101081940	101117287	1
11	101117288	101136852	0
11	101136853	101139074	2
11	101139075	101144531	0
11	101144532	101150373	2
11	101150374	101151422	0
11	101151423	101168233	2
11	101168234	101168792	0
11	101168793	101169920	1
11	101169921	101169938	3
11	101169939	101176776	2
11	101176777	101179525	3
11	101179526	101193110	1
11	101193111	101207037	0
11	101207038	101214361	2
11	101214362	101215887	0
11	101215888	101220526	2
11	101220527	101221429	0
11	101221430	101232762	2
11	101232763	101258385	0
11	101258386	101268727	2
11	101268728	101297488	0
11	101297489	101315909	1
11	101315910	101316157	3
11	101316158	101326497	2
11	101326498	101333122	0
11	101333123	101336353	2
11	101336354	101339231	0
11	101339232	101349522	2
11	101349523	101349569	0
11	101349570	101357054	1
11	101357055	101358999	0
11	101359000	101362677	2
11	101362678	101379588	0
11	101379589	101442703	1
11	101442704	101442973	0
11	101442974	101472775	2
11	101472776	101473066	0
11	101473067	101482612	2
11	101482613	101484567	0
11	101484568	101490080	1
11	101490081	101518766	0
11	101518767	101526924	2
11	101526925	101556365	0
11	101556366	101558656	2
11	101558657	101623774	0
11	101623775	101658182	2
11	101658183	101660566	0
11	101660567	101676195	1
11	101676196	101768334	0
11	101768335	101785198	1
11	101785199	101853282	0
11	101853283	101857839	1
11	101857840	101861967	0
11	101861968	101875103	1
11	101875104	101875623	3
11	101875624	101877837	1
11	101877838	101883088	2
11	101883089	101890476	0
11	101890477	101919285	1
11	101919286	101932333	0
11	101932334	101946444	2
11	101946445	101947839	0
11	101947840	101979339	1
11	101979340	101990754	0
11	101990755	101992143	1
11	101992144	101997500	0
11	101997501	101998656	1
11	101998657	102036373	0
11	102036374	102040301	2
11	102040302	102043370	0
11	102043371	102047228	1
11	102047229	102053321	0
11	102053322	102076120	1
11	102076121	102080444	0
11	102080445	102084905	2
11	102084906	102085256	0
11	102085257	102120990	1
11	102120991	102139706	0
11	102139707	102156011	2
11	102156012	102159567	0
11	102159568	102170286	2
11	102170287	102175755	0
11	102175756	102180061	2
11	102180062	102180124	0
11	102180125	102187455	1
11	102187456	102195384	0
11	102195385	102210566	1
11	102210567	102239648	0
11	102239649	102256104	1
11	102256105	102284227	0
11	102284228	102293379	2
11	102293380	102293809	0
11	102293810	102298770	1
11	102298771	102321139	0
11	102321140	102327805	2
11	102327806	102327872	3
11	102327873	102338506	1
11	102338507	102344121	0
11	102344122	102360707	1
11	102360708	102366739	0
11	102366740	102447023	1
11	102447024	102467222	0
11	102467223	102470285	1
11	102470286	102495220	0
11	102495221	102498882	2
11	102498883	102554540	0
11	102554541	102573061	2
11	102573062	102575510	0
11	102575511	102588606	1
11	102588607	102652263	0
11	102652264	102671086	2
11	102671087	102690403	0
11	102690404	102710524	1
11	102710525	102726673	0
11	102726674	102728864	2
11	102728865	102729297	0
11	102729298	102771809	1
11	102771810	102772028	0
11	102772029	102777555	2
11	102777556	102778160	0
11	102778161	102788024	1
11	102788025	102796353	0
11	102796354	102815948	1
11	102815949	102830088	0
11	102830089	102837512	1
11	102837513	102884871	0
11	102884872	102919128	1
11	102919129	102919170	0
11	102919171	102959736	2
11	102959737	102961128	0
11	102961129	102992482	1
11	102992483	102992506	0
11	102992507	103003023	2
11	103003024	103007055	0
11	103007056	103010549	2
11	103010550	103023253	0
11	103023254	103030700	2
11	103030701	103061931	0
11	103061932	103089725	2
11	103089726	103089768	0
11	103089769	103109256	1
11	103109257	103110586	0
11	103110587	103158296	1
11	103158297	103222321	0
11	103222322	103254288	1
11	103254289	103255099	0
11	103255100	103303511	1
11	103303512	103341533	0
11	103341534	103395421	1
11	103395422	103425401	0
11	103425402	103511964	1
11	103511965	103521894	0
11	103521895	103529714	1
11	103529715	103540394	0
11	103540395	103541403	2
11	103541404	103567673	0
11	103567674	103588722	1
11	103588723	103618188	0
11	103618189	103640645	1
11	103640646	103664974	0
11	103664975	103708781	2
11	103708782	103712606	0
11	103712607	103844880	1
11	103844881	103857563	0
11	103857564	103876161	2
11	103876162	104023679	0
11	104023680	104066347	2
11	104066348	104077151	0
11	104077152	104081987	2
11	104081988	104122214	0
11	104122215	104222914	2
11	104222915	104224053	0
11	104224054	104359685	1
11	104359686	104393569	0
11	104393570	104441307	1
11	104441308	104441487	0
11	104441488	104486577	2
11	104486578	104498824	0
11	104498825	104561300	2
11	104561301	104576531	0
11	104576532	105008361	2
11	105008362	105017249	0
11	105017250	105031218	2
11	105031219	105069631	0
11	105069632	105174783	2
11	105174784	105183470	0
11	105183471	105241963	2
11	105241964	105251622	0
11	105251623	105347559	1
11	105347560	105480810	0
11	105480811	105820128	2
11	105820129	105824526	0
11	105824527	105844160	1
11	105844161	105858769	0
11	105858770	105880788	2
11	105880789	105885499	0
11	105885500	105896267	2
11	105896268	105898948	0
11	105898949	105925373	2
11	105925374	105927696	0
11	105927697	105950148	2
11	105950149	105956885	0
11	105956886	105964436	2
11	105964437	105975437	0
11	105975438	106046270	2
11	106046271	106047080	0
11	106047081	106051684	1
11	106051685	106054175	0
11	106054176	106084396	1
11	106084397	106088232	0
11	106088233	106107168	1
11	106107169	106107750	0
11	106107751	106139963	2
11	106139964	106139966	0
11	106139967	106146903	1
11	106146904	106146978	0
11	106146979	106153944	2
11	106153945	106154003	0
11	106154004	106163796	1
11	106163797	106167572	0
11	106167573	106179569	2
11	106179570	106191095	0
11	106191096	106192689	1
11	106192690	106202165	0
11	106202166	106205586	1
11	106205587	106209416	0
11	106209417	106240213	1
11	106240214	106256296	0
11	106256297	106268382	2
11	106268383	106268480	0
11	106268481	106278899	1
11	106278900	106285474	0
11	106285475	106378660	1
11	106378661	106392971	0
11	106392972	106504247	1
11	106504248	106545041	0
11	106545042	106641452	1
11	106641453	106642050	0
11	106642051	106659077	2
11	106659078	106659618	3
11	106659619	106670339	1
11	106670340	106671179	0
11	106671180	106680009	1
11	106680010	106680076	0
11	106680077	106710754	2
11	106710755	106710890	0
11	106710891	106811539	1
11	106811540	106879453	0
11	106879454	106890365	1
11	106890366	106916505	0
11	106916506	106921267	2
11	106921268	106923905	0
11	106923906	107022951	1
11	107022952	107057487	0
11	107057488	107080205	1
11	107080206	107098716	0
11	107098717	107361523	1
11	107361524	107370308	0
11	107370309	107395186	2
11	107395187	107438780	0
11	107438781	107584650	2
11	107584651	107594042	0
11	107594043	107607346	1
11	107607347	107623181	0
11	107623182	107685381	1
11	107685382	107765429	0
11	107765430	107805879	1
11	107805880	107824211	0
11	107824212	108234178	1
11	108234179	108234752	3
11	108234753	108305220	2
11	108305221	108316016	0
11	108316017	108751439	2
11	108751440	108811173	0
11	108811174	108841607	2
11	108841608	109030115	0
11	109030116	109035193	1
11	109035194	109116179	0
11	109116180	109188953	1
11	109188954	109253655	0
11	109253656	109292193	2
11	109292194	109304741	0
11	109304742	109311229	2
11	109311230	109316770	0
11	109316771	109341679	2
11	109341680	109343196	3
11	109343197	109364198	1
11	109364199	109364422	3
11	109364423	109464154	2
11	109464155	109464155	0
11	109464156	109502256	1
11	109502257	109540229	0
11	109540230	109560480	2
11	109560481	109563750	0
11	109563751	109613080	1
11	109613081	109678475	0
11	109678476	109718870	1
11	109718871	109823014	0
11	109823015	109886669	1
11	109886670	109916458	0
11	109916459	109986802	1
11	109986803	109991573	0
11	109991574	110059020	1
11	110059021	110067644	0
11	110067645	110142600	1
11	110142601	110160193	0
11	110160194	110228502	1
11	110228503	110289946	0
11	110289947	110416346	2
11	110416347	110858857	0
11	110858858	110918792	2
11	110918793	110956988	0
11	110956989	110967645	2
11	110967646	112673048	0
11	112673049	112678584	2
11	112678585	113135677	0
11	113135678	113510166	1
11	113510167	113516852	3
11	113516853	113539993	1
11	113539994	113540895	3
11	113540896	113540903	1
11	113540904	113552143	2
11	113552144	113553771	3
11	113553772	113557878	2
11	113557879	113574979	1
11	113574980	113575236	0
11	113575237	113585471	2
11	113585472	113588996	0
11	113588997	113600841	1
11	113600842	113617674	0
11	113617675	113642705	1
11	113642706	113667198	0
11	113667199	113957042	1
11	113957043	114559348	0
11	114559349	114563155	2
11	114563156	114566255	0
11	114566256	114611801	2
11	114611802	114618236	0
11	114618237	114648713	2
11	114648714	114656212	0
11	114656213	114681563	2
11	114681564	114682041	0
11	114682042	114686721	1
11	114686722	114689748	0
11	114689749	114697569	2
11	114697570	114741976	0
11	114741977	114763441	2
11	114763442	114780865	0
11	114780866	114795478	2
11	114795479	114813605	0
11	114813606	114825210	1
11	114825211	114847092	0
11	114847093	114851241	1
11	114851242	114873098	0
11	114873099	114880746	1
11	114880747	114887545	0
11	114887546	114892704	1
11	114892705	114901159	0
11	114901160	114907017	1
11	114907018	114911552	0
11	114911553	114917836	1
11	114917837	114922310	0
11	114922311	114928593	1
11	114928594	114932955	0
11	114932956	114939233	1
11	114939234	114942741	0
11	114942742	114953001	1
11	114953002	114982255	0
11	114982256	115007038	2
11	115007039	115024816	3
11	115024817	115053060	2
11	115053061	115054165	0
11	115054166	115072005	2
11	115072006	115073656	0
11	115073657	115078311	1
11	115078312	115078668	3
11	115078669	115137847	2
11	115137848	115139993	0
11	115139994	115158067	1
11	115158068	115158848	0
11	115158849	115167874	1
11	115167875	115170446	0
11	115170447	115188338	1
11	115188339	115197987	0
11	115197988	115206016	2
11	115206017	115212865	3
11	115212866	115223127	2
11	115223128	115225555	0
11	115225556	115237751	2
11	115237752	115238531	0
11	115238532	115258580	1
11	115258581	115272740	0
11	115272741	115286956	2
11	115286957	115294576	0
11	115294577	115303498	2
11	115303499	115306513	0
11	115306514	115310786	1
11	115310787	115310952	0
11	115310953	115322098	2
11	115322099	115331369	0
11	115331370	115339094	2
11	115339095	115353298	0
11	115353299	115365222	2
11	115365223	115366491	0
11	115366492	115381244	2
11	115381245	115381291	3
11	115381292	115382686	1
11	115382687	115388177	0
11	115388178	115405211	1
11	115405212	115413926	0
11	115413927	115427100	1
11	115427101	115455258	0
11	115455259	115474809	2
11	115474810	115475079	0
11	115475080	115494749	1
11	115494750	115494875	3
11	115494876	115498742	2
11	115498743	115498860	3
11	115498861	115503793	1
11	115503794	115505002	0
11	115505003	115519119	1
11	115519120	115534869	0
11	115534870	115599421	1
11	115599422	115656257	0
11	115656258	115690007	2
11	115690008	115690190	3
11	115690191	115704463	1
11	115704464	115705548	0
11	115705549	115713918	2
11	115713919	115714873	0
11	115714874	115746604	2
11	115746605	115749230	0
11	115749231	115783419	2
11	115783420	115783427	3
11	115783428	115790790	1
11	115790791	115797093	3
11	115797094	115802841	1
11	115802842	115804744	3
11	115804745	115824106	1
11	115824107	115824301	3
11	115824302	115857549	2
11	115857550	115865533	0
11	115865534	115899236	2
11	115899237	115899281	0
11	115899282	115903543	1
11	115903544	115912736	0
11	115912737	115918786	1
11	115918787	115921146	0
11	115921147	115952038	2
11	115952039	115952919	0
11	115952920	115968785	1
11	115968786	115969397	0
11	115969398	115977819	1
11	115977820	115996576	0
11	115996577	116001070	1
11	116001071	116012670	0
11	116012671	116021950	1
11	116021951	116022641	0
11	116022642	116029692	1
11	116029693	116033109	0
11	116033110	116058978	1
11	116058979	116062712	0
11	116062713	116089679	1
11	116089680	116089869	3
11	116089870	116106142	2
11	116106143	116111383	0
11	116111384	116128901	1
11	116128902	116135990	0
11	116135991	116165041	1
11	116165042	116171763	0
11	116171764	116174762	2
11	116174763	116178825	0
11	116178826	116198057	1
11	116198058	116221528	0
11	116221529	116226223	1
11	116226224	116227177	0
11	116227178	116303828	1
11	116303829	116324918	0
11	116324919	116329901	2
11	116329902	116332153	0
11	116332154	116357065	1
11	116357066	116361669	0
11	116361670	116385026	1
11	116385027	116421749	0
11	116421750	116427499	2
11	116427500	116428564	0
11	116428565	116472271	1
11	116472272	116484511	0
11	116484512	116488504	2
11	116488505	116488989	0
11	116488990	116517843	1
11	116517844	116536419	0
11	116536420	116544358	1
11	116544359	116545137	3
11	116545138	116559211	2
11	116559212	116566127	0
11	116566128	116585692	1
11	116585693	116655849	0
11	116655850	116666331	1
11	116666332	116693886	0
11	116693887	116718870	1
11	116718871	116728256	0
11	116728257	116734102	1
11	116734103	116734273	3
11	116734274	116740725	2
11	116740726	116743918	3
11	116743919	116766459	2
11	116766460	116809687	0
11	116809688	116877772	2
11	116877773	117005996	0
11	117005997	117050092	2
11	117050093	117090485	0
11	117090486	117253149	2
11	117253150	117375192	0
11	117375193	117379838	2
11	117379839	117545113	0
11	117545114	117654263	2
11	117654264	117656812	0
11	117656813	117672900	1
11	117672901	117673022	3
11	117673023	117683934	2
11	117683935	117688484	0
11	117688485	117698125	2
11	117698126	117700492	0
11	117700493	117706350	2
11	117706351	117716916	3
11	117716917	117730732	2
11	117730733	117740075	0
11	117740076	117746567	2
11	117746568	117751576	0
11	117751577	117756367	2
11	117756368	117758776	0
11	117758777	117764283	1
11	117764284	117856903	0
11	117856904	117860010	1
11	117860011	117877116	0
11	117877117	117912547	2
11	117912548	117914835	3
11	117914836	118021458	1
11	118021459	118022843	0
11	118022844	118139416	1
11	118139417	118150475	0
11	118150476	118181068	1
11	118181069	118191893	0
11	118191894	118246564	1
11	118246565	118283575	0
11	118283576	118292916	1
11	118292917	118297113	0
11	118297114	118309910	1
11	118309911	118319027	0
11	118319028	118340787	2
11	118340788	118367653	0
11	118367654	118380033	2
11	118380034	118380586	0
11	118380587	118802421	1
11	118802422	118879012	0
11	118879013	118884045	2
11	118884046	118913786	0
11	118913787	118922094	2
11	118922095	118927129	0
11	118927130	118931793	1
11	118931794	118968397	0
11	118968398	118977045	1
11	118977046	119033869	0
11	119033870	119119323	1
11	119119324	119119422	0
11	119119423	119156062	2
11	119156063	119158711	0
11	119158712	119176278	2
11	119176279	119179187	0
11	119179188	119190913	1
11	119190914	119198592	0
11	119198593	119234306	2
11	119234307	119236199	3
11	119236200	119246360	1
11	119246361	119246381	0
11	119246382	119271903	2
11	119271904	119283924	0
11	119283925	119378242	2
11	119378243	119382171	0
11	119382172	119402261	2
11	119402262	119429543	0
11	119429544	119438577	1
11	119438578	119493973	0
11	119493974	119790231	2
11	119790232	119804265	0
11	119804266	119810372	2
11	119810373	119833587	0
11	119833588	119897606	2
11	119897607	119898137	0
11	119898138	119937969	1
11	119937970	119955254	0
11	119955255	119977651	1
11	119977652	119981355	0
11	119981356	119989555	1
11	119989556	119989752	0
11	119989753	119991529	2
11	119991530	119994784	0
11	119994785	120042170	1
11	120042171	120123771	0
11	120123772	120183120	2
11	120183121	120236514	0
11	120236515	120239366	1
11	120239367	120252358	0
11	120252359	120258992	2
11	120258993	120260386	0
11	120260387	120269588	1
11	120269589	120271194	0
11	120271195	120328532	1
11	120328533	120333468	0
11	120333469	120337774	2
11	120337775	120338450	0
11	120338451	120344324	1
11	120344325	120347430	0
11	120347431	120348892	1
11	120348893	120348939	0
11	120348940	120355182	2
11	120355183	120356262	0
11	120356263	120358424	1
11	120358425	120358459	0
11	120358460	120374803	2
11	120374804	120375437	0
11	120375438	120379889	2
11	120379890	120382664	0
11	120382665	120390011	2
11	120390012	120421523	0
11	120421524	120429808	2
11	120429809	120433712	0
11	120433713	120440551	1
11	120440552	120440803	0
11	120440804	120441956	1
11	120441957	120451122	0
11	120451123	120464077	1
11	120464078	120468928	0
11	120468929	120472448	1
11	120472449	120482945	0
11	120482946	120489189	1
11	120489190	120489245	0
11	120489246	120499022	2
11	120499023	120499301	0
11	120499302	120499917	2
11	120499918	120500911	0
11	120500912	120508760	1
11	120508761	120509196	0
11	120509197	120515838	1
11	120515839	120515941	0
11	120515942	120524424	1
11	120524425	120526536	0
11	120526537	120534593	1
11	120534594	120536855	0
11	120536856	120538982	1
11	120538983	120544612	0
11	120544613	120551999	1
11	120552000	120563816	0
11	120563817	120600271	2
11	120600272	120601766	0
11	120601767	120604562	1
11	120604563	120604749	0
11	120604750	120611952	2
11	120611953	120612294	0
11	120612295	120614793	2
11	120614794	120616223	0
11	120616224	120618105	1
11	120618106	120620313	0
11	120620314	120622938	1
11	120622939	120653618	0
11	120653619	120655243	2
11	120655244	120671572	0
11	120671573	120675031	1
11	120675032	120675099	0
11	120675100	120679926	2
11	120679927	120680025	0
11	120680026	120687227	1
11	120687228	120696670	0
11	120696671	120715371	1
11	120715372	120717353	0
11	120717354	120823696	1
11	120823697	120839304	0
11	120839305	120849814	2
11	120849815	120849824	3
11	120849825	120851692	2
11	120851693	120882154	1
11	120882155	120927571	0
11	120927572	120930242	1
11	120930243	120944282	0
11	120944283	120954393	1
11	120954394	120958231	0
11	120958232	120972044	1
11	120972045	121007039	0
11	121007040	121009501	1
11	121009502	121036967	0
11	121036968	121039143	2
11	121039144	121051095	0
11	121051096	121052797	2
11	121052798	121068415	0
11	121068416	121095257	1
11	121095258	121095535	3
11	121095536	121113412	2
11	121113413	121113479	3
11	121113480	121120146	1
11	121120147	121128077	0
11	121128078	121146680	2
11	121146681	121150814	0
11	121150815	121200720	2
11	121200721	121218048	0
11	121218049	121245269	1
11	121245270	121246949	0
11	121246950	121279075	1
11	121279076	121312225	0
11	121312226	121322112	2
11	121322113	121325737	0
11	121325738	121341315	2
11	121341316	121342773	0
11	121342774	121401802	2
11	121401803	121410157	3
11	121410158	121507021	2
11	121507022	121507988	3
11	121507989	121563977	1
11	121563978	121592368	0
11	121592369	121607130	2
11	121607131	121721071	0
11	121721072	121734247	2
