<CHROM>	<START>	<END>	<TSB>
14	0	3575427	0
14	3575428	3896117	2
14	3896118	4137835	0
14	4137836	4185691	2
14	4185692	4186972	3
14	4186973	4198303	1
14	4198304	4198558	3
14	4198559	4201871	2
14	4201872	4230567	0
14	4230568	4265640	2
14	4265641	4431609	0
14	4431610	4809433	1
14	4809434	5650538	0
14	5650539	6034299	2
14	6034300	6038424	3
14	6038425	6038922	2
14	6038923	6104582	1
14	6104583	6157835	0
14	6157836	6219953	1
14	6219954	6220481	3
14	6220482	6231109	2
14	6231110	7030774	0
14	7030775	7112246	2
14	7112247	7457702	0
14	7457703	7666346	1
14	7666347	7669821	0
14	7669822	7767482	1
14	7767483	8059666	0
14	8059667	8068463	1
14	8068464	8113750	0
14	8113751	8123486	1
14	8123487	8137970	0
14	8137971	8146933	1
14	8146934	8282923	0
14	8282924	8298023	2
14	8298024	8348777	0
14	8348778	8357587	2
14	8357588	8362459	0
14	8362460	8507909	1
14	8507910	8508321	3
14	8508322	8518629	2
14	8518630	8520611	3
14	8520612	8520749	2
14	8520750	8551427	1
14	8551428	8555283	0
14	8555284	8655143	2
14	8655144	8786613	0
14	8786614	8798885	1
14	8798886	8853421	0
14	8853422	9184981	1
14	9184982	9646682	0
14	9646683	10097196	2
14	10097197	10121572	0
14	10121573	10127667	2
14	10127668	10145307	0
14	10145308	10185785	1
14	10185786	11113045	0
14	11113046	11189036	2
14	11189037	11307736	0
14	11307737	12919679	2
14	12919680	13803531	0
14	13803532	14038579	2
14	14038580	14091017	0
14	14091018	14120834	2
14	14120835	14151748	0
14	14151749	14173497	2
14	14173498	14210418	0
14	14210419	14244260	2
14	14244261	14246208	0
14	14246209	14255876	1
14	14255877	14296746	0
14	14296747	14303775	2
14	14303776	14304654	0
14	14304655	14371560	1
14	14371561	14377937	0
14	14377938	14389404	1
14	14389405	14413008	0
14	14413009	14466869	1
14	14466870	14475198	0
14	14475199	14505238	2
14	14505239	14509135	0
14	14509136	14512483	1
14	14512484	14518183	0
14	14518184	14651814	1
14	14651815	14825799	0
14	14825800	14828876	2
14	14828877	14874179	0
14	14874180	14889154	2
14	14889155	14901205	0
14	14901206	14924620	2
14	14924621	14986009	0
14	14986010	15003409	2
14	15003410	15018854	0
14	15018855	15028847	2
14	15028848	15104637	0
14	15104638	15107674	2
14	15107675	15137376	0
14	15137377	15145783	2
14	15145784	15154722	0
14	15154723	15176123	2
14	15176124	15205057	0
14	15205058	15213882	2
14	15213883	15275231	0
14	15275232	15283844	2
14	15283845	15295238	0
14	15295239	15316260	2
14	15316261	15344359	0
14	15344360	15352973	2
14	15352974	15369150	0
14	15369151	15386563	2
14	15386564	15424801	0
14	15424802	15433236	2
14	15433237	15442322	0
14	15442323	15463656	2
14	15463657	15495953	0
14	15495954	15504322	2
14	15504323	15579809	0
14	15579810	15601269	2
14	15601270	15629460	0
14	15629461	15637540	2
14	15637541	15695360	0
14	15695361	15703809	2
14	15703810	15727439	0
14	15727440	15734086	2
14	15734087	15749520	0
14	15749521	15757588	2
14	15757589	15785601	0
14	15785602	15831351	2
14	15831352	15847353	0
14	15847354	15855804	2
14	15855805	15879158	0
14	15879159	15885812	2
14	15885813	15932481	0
14	15932482	15941159	2
14	15941160	16025160	0
14	16025161	16033975	2
14	16033976	16057289	0
14	16057290	16063944	2
14	16063945	16079452	0
14	16079453	16089050	2
14	16089051	16164928	0
14	16164929	16173406	2
14	16173407	16182521	0
14	16182522	16210024	2
14	16210025	16250479	0
14	16250480	16259154	2
14	16259155	16343964	0
14	16343965	16352403	2
14	16352404	16361106	0
14	16361107	16382476	2
14	16382477	16411504	0
14	16411505	16420302	2
14	16420303	16431562	0
14	16431563	16453012	2
14	16453013	16490634	0
14	16490635	16499027	2
14	16499028	16508026	0
14	16508027	16530546	2
14	16530547	16589389	0
14	16589390	16611853	2
14	16611854	16639442	0
14	16639443	16647837	2
14	16647838	16661813	0
14	16661814	16679215	2
14	16679216	16728194	0
14	16728195	16751435	2
14	16751436	16782314	0
14	16782315	16790987	2
14	16790988	16836743	0
14	16836744	16839490	2
14	16839491	16946844	0
14	16946845	16968097	1
14	16968098	16991941	0
14	16991942	17000333	2
14	17000334	17014304	0
14	17014305	17031706	2
14	17031707	17080722	0
14	17080723	17103977	2
14	17103978	17134843	0
14	17134844	17143516	2
14	17143517	17209191	0
14	17209192	17215864	2
14	17215865	17276028	0
14	17276029	17283978	1
14	17283979	17300538	0
14	17300539	17305236	1
14	17305237	17329812	0
14	17329813	17338252	1
14	17338253	17376453	0
14	17376454	17398731	1
14	17398732	17451094	0
14	17451095	17453880	1
14	17453881	17477362	0
14	17477363	17485836	1
14	17485837	17567340	0
14	17567341	17577355	1
14	17577356	17593920	0
14	17593921	17614195	1
14	17614196	17622904	0
14	17622905	17631665	1
14	17631666	17684769	0
14	17684770	17693434	1
14	17693435	17722278	0
14	17722279	17742996	1
14	17742997	17752093	0
14	17752094	17760533	1
14	17760534	17798921	0
14	17798922	17805579	1
14	17805580	17828969	0
14	17828970	17837419	1
14	17837420	17907024	0
14	17907025	17914366	1
14	17914367	17950319	0
14	17950320	17955013	1
14	17955014	17979594	0
14	17979595	17988026	1
14	17988027	18025932	0
14	18025933	18054323	1
14	18054324	18063424	0
14	18063425	18072245	1
14	18072246	18115083	0
14	18115084	18135008	1
14	18135009	18144050	0
14	18144051	18152488	1
14	18152489	18211765	0
14	18211766	18220140	1
14	18220141	18264876	0
14	18264877	18287195	1
14	18287196	18296268	0
14	18296269	18304741	1
14	18304742	18336987	0
14	18336988	18359245	1
14	18359246	18370465	0
14	18370466	18385651	1
14	18385652	18428401	0
14	18428402	18445830	1
14	18445831	18462765	0
14	18462766	18471377	1
14	18471378	18499564	0
14	18499565	18506224	1
14	18506225	18529586	0
14	18529587	18538015	1
14	18538016	18548131	0
14	18548132	18585599	1
14	18585600	18639086	0
14	18639087	18659697	1
14	18659698	18771771	0
14	18771772	18780988	1
14	18780989	18796556	0
14	18796557	18817741	1
14	18817742	18826828	0
14	18826829	18835259	1
14	18835260	18875551	0
14	18875552	18897748	1
14	18897749	19010484	0
14	19010485	19020392	1
14	19020393	19035971	0
14	19035972	19057157	1
14	19057158	19066246	0
14	19066247	19074678	1
14	19074679	19114972	0
14	19114973	19137144	1
14	19137145	19235420	0
14	19235421	19261242	1
14	19261243	19273090	0
14	19273091	19281516	1
14	19281517	19328162	0
14	19328163	19335774	1
14	19335775	19392931	0
14	19392932	19420486	1
14	19420487	19431009	0
14	19431010	19439769	1
14	19439770	19582962	0
14	19582963	19600029	1
14	19600030	19613866	0
14	19613867	19635201	1
14	19635202	19644205	0
14	19644206	19652647	1
14	19652648	19801331	0
14	19801332	19861417	2
14	19861418	19861853	3
14	19861854	19873890	1
14	19873891	19922625	0
14	19922626	20027693	1
14	20027694	20125702	0
14	20125703	20133249	1
14	20133250	20190123	0
14	20190124	20231875	1
14	20231876	20311442	0
14	20311443	20319265	1
14	20319266	20344763	0
14	20344764	20367644	2
14	20367645	20369918	0
14	20369919	20398187	1
14	20398188	20398228	0
14	20398229	20433557	2
14	20433558	20434704	0
14	20434705	20438976	1
14	20438977	20439370	0
14	20439371	20443700	1
14	20443701	20444259	0
14	20444260	20502289	1
14	20502290	20505326	0
14	20505327	20530199	1
14	20530200	20532933	0
14	20532934	20546967	1
14	20546968	20549430	0
14	20549431	20596639	1
14	20596640	20598978	0
14	20598979	20691129	1
14	20691130	20699173	0
14	20699174	20706606	1
14	20706607	20709012	0
14	20709013	20718420	1
14	20718421	20724374	0
14	20724375	20744918	2
14	20744919	20745034	0
14	20745035	20751082	2
14	20751083	20753072	0
14	20753073	20754491	2
14	20754492	20757618	0
14	20757619	20773685	2
14	20773686	20773796	0
14	20773797	20784628	1
14	20784629	20784941	0
14	20784942	20844154	1
14	20844155	20886726	0
14	20886727	20893451	2
14	20893452	20979464	0
14	20979465	21081508	2
14	21081509	21083742	3
14	21083743	21102574	1
14	21102575	21102640	0
14	21102641	21498635	2
14	21498636	21531500	0
14	21531501	21722544	2
14	21722545	21726603	0
14	21726604	21764642	1
14	21764643	21783460	0
14	21783461	21798692	1
14	21798693	21800597	0
14	21800598	21848792	2
14	21848793	21875304	0
14	21875305	21895921	2
14	21895922	21895945	3
14	21895946	21899043	1
14	21899044	22034025	0
14	22034026	22039667	1
14	22039668	22069778	0
14	22069779	23106151	2
14	23106152	23339497	0
14	23339498	24064557	1
14	24064558	24184019	0
14	24184020	24295986	1
14	24295987	24343430	0
14	24343431	24360025	2
14	24360026	24498762	0
14	24498763	24537118	1
14	24537119	24540747	0
14	24540748	24547025	2
14	24547026	25459646	0
14	25459647	25667165	2
14	25667166	25694592	0
14	25694593	25700890	2
14	25700891	25712064	0
14	25712065	25769461	1
14	25769462	25842578	0
14	25842579	25887226	2
14	25887227	25887928	0
14	25887929	25903522	1
14	25903523	25923722	0
14	25923723	25928094	1
14	25928095	25942961	0
14	25942962	25956778	2
14	25956779	25979505	0
14	25979506	25990510	2
14	25990511	26134321	0
14	26134322	26256084	1
14	26256085	26295009	0
14	26295010	26355475	2
14	26355476	26359227	0
14	26359228	26378411	2
14	26378412	26381111	0
14	26381112	26391036	1
14	26391037	26414427	0
14	26414428	26613658	2
14	26613659	26616512	0
14	26616513	26637212	2
14	26637213	26640943	0
14	26640944	26693187	1
14	26693188	26716371	0
14	26716372	26724284	2
14	26724285	26760896	0
14	26760897	26829241	2
14	26829242	26836854	0
14	26836855	27125866	2
14	27125867	27150789	0
14	27150790	27203045	2
14	27203046	27205510	3
14	27205511	27230415	1
14	27230416	27344383	0
14	27344384	28200492	2
14	28200493	28226705	0
14	28226706	28249403	2
14	28249404	28626898	0
14	28626899	28740163	1
14	28740164	28755600	3
14	28755601	29443819	1
14	29443820	29690263	0
14	29690264	29697617	2
14	29697618	29700292	0
14	29700293	29718090	2
14	29718091	29728309	3
14	29728310	29730851	1
14	29730852	29730978	0
14	29730979	29761896	2
14	29761897	29762482	3
14	29762483	30201567	1
14	30201568	30213408	3
14	30213409	30249018	2
14	30249019	30271086	0
14	30271087	30296675	2
14	30296676	30317309	0
14	30317310	30348165	1
14	30348166	30376315	0
14	30376316	30413272	2
14	30413273	30436804	0
14	30436805	30544676	2
14	30544677	30547545	0
14	30547546	30599165	2
14	30599166	30601155	0
14	30601156	30603565	2
14	30603566	30608431	0
14	30608432	30624308	2
14	30624309	30630527	0
14	30630528	30645715	1
14	30645716	30651135	0
14	30651136	30665244	1
14	30665245	30673332	0
14	30673333	30710776	2
14	30710777	30721781	0
14	30721782	30723355	1
14	30723356	30723564	3
14	30723565	30723627	1
14	30723628	30733946	2
14	30733947	30734388	0
14	30734389	30741093	1
14	30741094	30741107	3
14	30741108	30810087	2
14	30810088	30841996	3
14	30841997	30843547	2
14	30843548	30850911	1
14	30850912	30853008	0
14	30853009	30860968	2
14	30860969	30861079	3
14	30861080	30890596	1
14	30890597	30892885	0
14	30892886	30928781	1
14	30928782	30930267	0
14	30930268	30933684	2
14	30933685	30939815	0
14	30939816	30952307	2
14	30952308	30959644	0
14	30959645	30973272	1
14	30973273	30973405	0
14	30973406	30981899	2
14	30981900	30982330	0
14	30982331	31045851	1
14	31045852	31058593	0
14	31058594	31093939	2
14	31093940	31095740	0
14	31095741	31158020	1
14	31158021	31195533	0
14	31195534	31216354	1
14	31216355	31216963	3
14	31216964	31216995	1
14	31216996	31231813	2
14	31231814	31245037	0
14	31245038	31313298	1
14	31313299	31329154	0
14	31329155	31362919	1
14	31362920	31363012	0
14	31363013	31390534	2
14	31390535	31420723	0
14	31420724	31552606	1
14	31552607	31750944	0
14	31750945	31784152	2
14	31784153	31802521	0
14	31802522	31807329	1
14	31807330	31807564	3
14	31807565	31807684	1
14	31807685	31825157	2
14	31825158	31863978	0
14	31863979	31880322	2
14	31880323	31881820	0
14	31881821	31901810	2
14	31901811	31902117	0
14	31902118	31923853	1
14	31923854	31923904	0
14	31923905	32019505	2
14	32019506	32043974	0
14	32043975	32070106	2
14	32070107	32098023	0
14	32098024	32110346	1
14	32110347	32130158	0
14	32130159	32187944	1
14	32187945	32235476	0
14	32235477	32302945	2
14	32302946	32321362	0
14	32321363	32371201	2
14	32371202	32381074	0
14	32381075	32407227	1
14	32407228	32507918	0
14	32507919	32539939	2
14	32539940	32555917	0
14	32555918	32558744	2
14	32558745	32578711	0
14	32578712	32661446	2
14	32661447	32681502	0
14	32681503	32713337	1
14	32713338	32737246	3
14	32737247	32907463	1
14	32907464	32935981	0
14	32935982	33091889	2
14	33091890	33099853	0
14	33099854	33169113	1
14	33169114	33193763	0
14	33193764	33297224	2
14	33297225	33311162	0
14	33311163	33362709	2
14	33362710	33645542	0
14	33645543	33659938	2
14	33659939	33662994	0
14	33662995	33669153	2
14	33669154	33675958	0
14	33675959	33686171	2
14	33686172	33689025	0
14	33689026	33700719	1
14	33700720	33710372	0
14	33710373	33737137	1
14	33737138	33738713	0
14	33738714	33770148	2
14	33770149	33773081	0
14	33773082	33774662	1
14	33774663	33778564	3
14	33778565	33807936	1
14	33807937	33822526	3
14	33822527	33824648	1
14	33824649	33865947	0
14	33865948	33874444	1
14	33874445	33907643	0
14	33907644	33923608	1
14	33923609	33942001	0
14	33942002	33952375	2
14	33952376	33958988	0
14	33958989	34032448	1
14	34032449	34032682	0
14	34032683	34067220	2
14	34067221	34073836	0
14	34073837	34077388	1
14	34077389	34092229	0
14	34092230	34096744	1
14	34096745	34097420	0
14	34097421	34126242	2
14	34126243	34132689	0
14	34132690	34225296	1
14	34225297	34233576	0
14	34233577	34244756	1
14	34244757	34248558	0
14	34248559	34310637	1
14	34310638	34312573	0
14	34312574	34322097	1
14	34322098	34395883	0
14	34395884	34469938	2
14	34469939	34542063	0
14	34542064	35305334	2
14	35305335	35531443	0
14	35531444	35533933	1
14	35533934	35816872	0
14	35816873	35820236	2
14	35820237	36596891	0
14	36596892	36690732	1
14	36690733	36756864	0
14	36756865	36770919	1
14	36770920	36776785	0
14	36776786	36786901	2
14	36786902	36790003	0
14	36790004	36795698	2
14	36795699	36799812	0
14	36799813	36820302	1
14	36820303	36824097	0
14	36824098	36832056	1
14	36832057	36842047	0
14	36842048	36857209	1
14	36857210	38090907	0
14	38090908	39195043	1
14	39195044	40535744	0
14	40535745	40615221	1
14	40615222	40628400	0
14	40628401	40688762	1
14	40688763	40715695	0
14	40715696	40735743	1
14	40735744	40771072	0
14	40771073	40791163	1
14	40791164	40794866	0
14	40794867	40814152	2
14	40814153	40826990	0
14	40826991	40846367	2
14	40846368	40853737	0
14	40853738	40858407	2
14	40858408	40873413	0
14	40873414	40881556	2
14	40881557	40894169	0
14	40894170	40907104	1
14	40907105	41000760	0
14	41000761	41010770	2
14	41010771	41070564	0
14	41070565	41078794	2
14	41078795	41103583	0
14	41103584	41108334	1
14	41108335	41124840	0
14	41124841	41130236	1
14	41130237	41170158	0
14	41170159	41175473	1
14	41175474	41206187	0
14	41206188	41211440	1
14	41211441	41272075	0
14	41272076	41277538	1
14	41277539	41295166	0
14	41295167	41303260	2
14	41303261	41341241	0
14	41341242	41346567	1
14	41346568	41363134	0
14	41363135	41368442	1
14	41368443	41418348	0
14	41418349	41423840	1
14	41423841	41467872	0
14	41467873	41472569	1
14	41472570	41489127	0
14	41489128	41494396	1
14	41494397	41723768	0
14	41723769	41729245	1
14	41729246	41746904	0
14	41746905	41754996	2
14	41754997	41765950	0
14	41765951	41784663	2
14	41784664	41789882	3
14	41789883	41799828	2
14	41799829	41805280	3
14	41805281	41825776	2
14	41825777	41933918	0
14	41933919	41939324	1
14	41939325	41979245	0
14	41979246	41984577	1
14	41984578	42007346	0
14	42007347	42012746	1
14	42012747	42076614	0
14	42076615	42082003	1
14	42082004	42113862	0
14	42113863	42119313	1
14	42119314	42132165	0
14	42132166	42147349	2
14	42147350	42256111	0
14	42256112	42261628	1
14	42261629	42285836	0
14	42285837	42294077	2
14	42294078	42318839	0
14	42318840	42324304	1
14	42324305	42340833	0
14	42340834	42346237	1
14	42346238	42416457	0
14	42416458	42421837	1
14	42421838	42458422	0
14	42458423	42463872	1
14	42463873	42477893	0
14	42477894	42485560	2
14	42485561	42585480	0
14	42585481	42590776	1
14	42590777	42614523	0
14	42614524	42619942	1
14	42619943	42669935	0
14	42669936	42675432	1
14	42675433	42845797	0
14	42845798	42851079	1
14	42851080	42867643	0
14	42867644	42873083	1
14	42873084	42928597	0
14	42928598	42934098	1
14	42934099	42958056	0
14	42958057	42972645	2
14	42972646	43037322	0
14	43037323	43045443	2
14	43045444	43087287	0
14	43087288	43092759	1
14	43092760	43116104	0
14	43116105	43124254	2
14	43124255	43145767	0
14	43145768	43151287	1
14	43151288	43156327	0
14	43156328	43163459	2
14	43163460	43199838	0
14	43199839	43205266	1
14	43205267	43268282	0
14	43268283	43273805	1
14	43273806	43781031	0
14	43781032	43788668	2
14	43788669	43811298	0
14	43811299	43816601	1
14	43816602	43840082	0
14	43840083	43845468	1
14	43845469	43909417	0
14	43909418	43914654	1
14	43914655	43935283	0
14	43935284	43952833	2
14	43952834	43959708	0
14	43959709	43964940	1
14	43964941	43985321	0
14	43985322	43993403	2
14	43993404	44016943	0
14	44016944	44022200	1
14	44022201	44056220	0
14	44056221	44112972	1
14	44112973	44160175	0
14	44160176	44161014	1
14	44161015	44162845	0
14	44162846	44170866	2
14	44170867	44194524	0
14	44194525	44200527	2
14	44200528	44239281	0
14	44239282	44239724	1
14	44239725	44340109	0
14	44340110	44340989	2
14	44340990	44361306	0
14	44361307	44366498	2
14	44366499	44400624	0
14	44400625	44435116	1
14	44435117	44440588	3
14	44440589	44450709	1
14	44450710	44523035	0
14	44523036	44528523	2
14	44528524	44567897	0
14	44567898	44576039	1
14	44576040	44602812	0
14	44602813	44608296	2
14	44608297	44640126	0
14	44640127	44648143	1
14	44648144	44671090	0
14	44671091	44676541	2
14	44676542	44737577	0
14	44737578	44743800	2
14	44743801	44755731	0
14	44755732	44760899	2
14	44760900	44794250	0
14	44794251	44820608	1
14	44820609	44825857	3
14	44825858	44865380	1
14	44865381	44886659	0
14	44886660	44943911	1
14	44943912	44954293	0
14	44954294	44987795	1
14	44987796	45088690	0
14	45088691	45096830	1
14	45096831	45225650	0
14	45225651	45241275	2
14	45241276	45370920	0
14	45370921	45457172	1
14	45457173	45457783	3
14	45457784	45520180	2
14	45520181	45520542	0
14	45520543	45556027	1
14	45556028	45567243	0
14	45567244	45587160	2
14	45587161	45588548	0
14	45588549	45613789	2
14	45613790	45622962	3
14	45622963	45642368	1
14	45642369	45696250	0
14	45696251	45767573	1
14	45767574	45825922	0
14	45825923	45895598	1
14	45895599	46616869	0
14	46616870	46620975	2
14	46620976	46621063	3
14	46621064	46628124	1
14	46628125	46997996	0
14	46997997	47009124	2
14	47009125	47013022	0
14	47013023	47025866	1
14	47025867	47045604	0
14	47045605	47059697	1
14	47059698	47069580	0
14	47069581	47091648	2
14	47091649	47120309	0
14	47120310	47343270	2
14	47343271	47391350	0
14	47391351	47426868	1
14	47426869	47478399	0
14	47478400	47514312	1
14	47514313	47514386	0
14	47514387	47533557	2
14	47533558	47535724	0
14	47535725	47560659	2
14	47560660	47605206	0
14	47605207	47623615	2
14	47623616	47625234	0
14	47625235	47655862	1
14	47655863	47687876	0
14	47687877	47769417	2
14	47769418	47778348	0
14	47778349	47808104	1
14	47808105	47885903	0
14	47885904	47977349	2
14	47977350	48358278	0
14	48358279	48519030	2
14	48519031	48683579	0
14	48683580	48761701	2
14	48761702	48895132	0
14	48895133	48911274	1
14	48911275	49241545	0
14	49241546	49303552	1
14	49303553	49304108	3
14	49304109	49331689	2
14	49331690	49409681	0
14	49409682	49428486	2
14	49428487	49457043	0
14	49457044	49482929	1
14	49482930	49535974	0
14	49535975	49763501	1
14	49763502	49913407	0
14	49913408	50020838	1
14	50020839	50131713	0
14	50131714	50139396	1
14	50139397	50166018	0
14	50166019	50169242	1
14	50169243	50197478	0
14	50197479	50200729	1
14	50200730	50271769	0
14	50271770	50277830	1
14	50277831	50321025	0
14	50321026	50328408	1
14	50328409	50360641	0
14	50360642	50366201	2
14	50366202	50371213	0
14	50371214	50380135	1
14	50380136	50382186	0
14	50382187	50390365	1
14	50390366	50420751	0
14	50420752	50425653	1
14	50425654	50470986	0
14	50470987	50479321	1
14	50479322	50515928	0
14	50515929	50521661	1
14	50521662	50533346	0
14	50533347	50538977	1
14	50538978	50553961	0
14	50553962	50564216	1
14	50564217	50580067	0
14	50580068	50586327	1
14	50586328	50595369	0
14	50595370	50601118	2
14	50601119	50618618	0
14	50618619	50631647	2
14	50631648	50645023	0
14	50645024	50652893	2
14	50652894	50656081	0
14	50656082	50665343	2
14	50665344	50683000	0
14	50683001	50694388	2
14	50694389	50710193	0
14	50710194	50725793	2
14	50725794	50741055	0
14	50741056	50754600	2
14	50754601	50759294	0
14	50759295	50772410	2
14	50772411	50852334	0
14	50852335	50857294	2
14	50857295	50876843	0
14	50876844	50881340	2
14	50881341	50884538	0
14	50884539	50891638	2
14	50891639	50918112	0
14	50918113	50930661	1
14	50930662	50944828	0
14	50944829	50951252	2
14	50951253	50973626	0
14	50973627	50982549	1
14	50982550	51002870	0
14	51002871	51022974	1
14	51022975	51026703	0
14	51026704	51045187	1
14	51045188	51045296	0
14	51045297	51058756	2
14	51058757	51061514	0
14	51061515	51108015	1
14	51108016	51126037	0
14	51126038	51134962	1
14	51134963	51151049	0
14	51151050	51162348	1
14	51162349	51162423	0
14	51162424	51163523	2
14	51163524	51164594	3
14	51164595	51168311	1
14	51168312	51168537	0
14	51168538	51202692	2
14	51202693	51245206	0
14	51245207	51248213	2
14	51248214	51275914	0
14	51275915	51279324	1
14	51279325	51286906	0
14	51286907	51287618	1
14	51287619	51294153	0
14	51294154	51295116	1
14	51295117	51303756	0
14	51303757	51311890	1
14	51311891	51328532	0
14	51328533	51343606	2
14	51343607	51351881	0
14	51351882	51355262	2
14	51355263	51361363	0
14	51361364	51369642	2
14	51369643	51382453	0
14	51382454	51384240	1
14	51384241	51399715	0
14	51399716	51400473	2
14	51400474	51432779	0
14	51432780	51436603	1
14	51436604	51440846	0
14	51440847	51441793	2
14	51441794	51492717	0
14	51492718	51493567	1
14	51493568	51599211	0
14	51599212	51806347	2
14	51806348	51807437	3
14	51807438	51825108	2
14	51825109	51829594	3
14	51829595	51844262	2
14	51844263	51848765	3
14	51848766	51867728	2
14	51867729	51873121	3
14	51873122	51900408	2
14	51900409	51928474	0
14	51928475	51932923	1
14	51932924	51949098	0
14	51949099	51954638	1
14	51954639	52001333	0
14	52001334	52011045	1
14	52011046	52037501	0
14	52037502	52063814	2
14	52063815	52091154	0
14	52091155	52092098	2
14	52092099	52122297	0
14	52122298	52129323	2
14	52129324	52131065	0
14	52131066	52134200	2
14	52134201	52142726	0
14	52142727	52151613	1
14	52151614	52155880	0
14	52155881	52158155	2
14	52158156	52158817	0
14	52158818	52160228	1
14	52160229	52222293	0
14	52222294	52243532	2
14	52243533	52243706	3
14	52243707	52254320	1
14	52254321	52257249	3
14	52257250	52258188	1
14	52258189	52271417	0
14	52271418	52279914	1
14	52279915	52310832	0
14	52310833	52341483	1
14	52341484	52348159	0
14	52348160	52397869	2
14	52397870	52398762	3
14	52398763	52398794	2
14	52398795	52434871	1
14	52434872	52435606	0
14	52435607	52495235	1
14	52495236	52499214	0
14	52499215	52516601	1
14	52516602	52517000	3
14	52517001	52532296	2
14	52532297	52533856	3
14	52533857	52542583	1
14	52542584	52548627	0
14	52548628	52566217	1
14	52566218	52584950	0
14	52584951	52593863	1
14	52593864	52608787	0
14	52608788	52616623	1
14	52616624	52627249	0
14	52627250	52634834	1
14	52634835	52646586	0
14	52646587	52651828	1
14	52651829	52680445	0
14	52680446	52690029	2
14	52690030	52696284	0
14	52696285	52704950	1
14	52704951	52726246	0
14	52726247	52733204	1
14	52733205	54472934	0
14	54472935	54491559	1
14	54491560	54491643	0
14	54491644	54508092	2
14	54508093	54515708	0
14	54515709	54522394	1
14	54522395	54598296	0
14	54598297	54606897	2
14	54606898	54607128	3
14	54607129	54655235	1
14	54655236	54664364	0
14	54664365	54667211	2
14	54667212	54669067	0
14	54669068	54682819	2
14	54682820	54701592	0
14	54701593	54708952	2
14	54708953	54713555	0
14	54713556	54717886	2
14	54717887	54744642	0
14	54744643	54754980	1
14	54754981	54779240	0
14	54779241	54791816	1
14	54791817	54804927	0
14	54804928	54815013	1
14	54815014	54821118	0
14	54821119	54843448	1
14	54843449	54851574	0
14	54851575	54855477	1
14	54855478	54858888	0
14	54858889	54867011	2
14	54867012	54868686	0
14	54868687	54878407	1
14	54878408	54878819	3
14	54878820	54879616	2
14	54879617	54885748	3
14	54885749	54923671	1
14	54923672	54924386	3
14	54924387	54928196	2
14	54928197	54930053	0
14	54930054	54936288	1
14	54936289	54947815	0
14	54947816	54949629	1
14	54949630	54959664	0
14	54959665	55019385	1
14	55019386	55051596	0
14	55051597	55090191	2
14	55090192	55091550	3
14	55091551	55108416	1
14	55108417	55110136	0
14	55110137	55115005	1
14	55115006	55120832	0
14	55120833	55135624	2
14	55135625	55144182	0
14	55144183	55150587	1
14	55150588	55153990	0
14	55153991	55163581	1
14	55163582	55170150	0
14	55170151	55173292	2
14	55173293	55173716	0
14	55173717	55176728	2
14	55176729	55179376	0
14	55179377	55204382	1
14	55204383	55208139	0
14	55208140	55214388	1
14	55214389	55214480	3
14	55214481	55232081	1
14	55232082	55252909	0
14	55252910	55261592	2
14	55261593	55297717	0
14	55297718	55329779	1
14	55329780	55332239	0
14	55332240	55336305	2
14	55336306	55336441	3
14	55336442	55344048	1
14	55344049	55344281	0
14	55344282	55354390	1
14	55354391	55459462	0
14	55459463	55478890	2
14	55478891	55716213	0
14	55716214	55727795	2
14	55727796	55728548	0
14	55728549	55745723	2
14	55745724	55747900	0
14	55747901	55754886	2
14	55754887	55756433	0
14	55756434	55762436	1
14	55762437	55777721	0
14	55777722	55788697	2
14	55788698	55797461	0
14	55797462	55807520	2
14	55807521	55813072	0
14	55813073	55814409	2
14	55814410	55815578	0
14	55815579	55818971	2
14	55818972	55818983	3
14	55818984	55822757	1
14	55822758	55824896	0
14	55824897	55828568	1
14	55828569	55829163	0
14	55829164	55847485	2
14	55847486	55855492	0
14	55855493	55862850	2
14	55862851	55862855	0
14	55862856	55873139	1
14	55873140	55873420	0
14	55873421	55881261	1
14	55881262	55887639	0
14	55887640	55889994	2
14	55889995	55895334	0
14	55895335	55897963	1
14	55897964	55899718	0
14	55899719	55909579	1
14	55909580	55909690	0
14	55909691	55912144	2
14	55912145	55916655	3
14	55916656	55919275	1
14	55919276	55937464	0
14	55937465	55951381	1
14	55951382	55952871	0
14	55952872	55959718	1
14	55959719	55976475	0
14	55976476	55983145	1
14	55983146	55983148	0
14	55983149	55991505	2
14	55991506	55992955	3
14	55992956	55995913	1
14	55995914	55998883	0
14	55998884	56000684	2
14	56000685	56003417	0
14	56003418	56005949	2
14	56005950	56006512	0
14	56006513	56021550	1
14	56021551	56022450	0
14	56022451	56026320	1
14	56026321	56060599	0
14	56060600	56071398	2
14	56071399	56091465	0
14	56091466	56112191	2
14	56112192	56116368	0
14	56116369	56121847	1
14	56121848	56122402	0
14	56122403	56134236	2
14	56134237	56134738	0
14	56134739	56137713	1
14	56137714	56178906	0
14	56178907	56182130	1
14	56182131	56188435	0
14	56188436	56211486	2
14	56211487	56255426	0
14	56255427	56257839	2
14	56257840	56264319	0
14	56264320	56267950	1
14	56267951	56279496	0
14	56279497	56282097	2
14	56282098	56297084	0
14	56297085	56299768	1
14	56299769	56319621	0
14	56319622	56322652	1
14	56322653	56337336	0
14	56337337	56340029	1
14	56340030	56355081	0
14	56355082	56358080	1
14	56358081	56367011	0
14	56367012	56370063	1
14	56370064	56394037	0
14	56394038	56397034	1
14	56397035	56403252	0
14	56403253	56412054	1
14	56412055	56442718	0
14	56442719	56448872	1
14	56448873	56468896	0
14	56468897	56472111	1
14	56472112	56496293	0
14	56496294	56499715	1
14	56499716	56602523	0
14	56602524	56626005	2
14	56626006	56640036	0
14	56640037	56762487	2
14	56762488	56764216	0
14	56764217	56812837	1
14	56812838	56813074	0
14	56813075	56897249	2
14	56897250	56905703	0
14	56905704	56934885	2
14	56934886	56958165	0
14	56958166	57015771	1
14	57015772	57028040	0
14	57028041	57049171	1
14	57049172	57124108	0
14	57124109	57200156	2
14	57200157	57271915	0
14	57271916	57295555	1
14	57295556	57336055	0
14	57336056	57342157	1
14	57342158	57349961	0
14	57349962	57353338	1
14	57353339	57360758	0
14	57360759	57371066	1
14	57371067	57512448	0
14	57512449	57635984	1
14	57635985	57661517	0
14	57661518	57755391	2
14	57755392	57762232	0
14	57762233	57780621	2
14	57780622	57787052	0
14	57787053	57809067	1
14	57809068	57814976	0
14	57814977	57902885	1
14	57902886	57927117	0
14	57927118	57995843	1
14	57995844	58035635	0
14	58035636	58044016	2
14	58044017	58044093	3
14	58044094	58063618	1
14	58063619	58063689	0
14	58063690	58066751	2
14	58066752	58070158	0
14	58070159	58127731	1
14	58127732	58153716	0
14	58153717	58236717	1
14	58236718	58308002	0
14	58308003	58350175	2
14	58350176	59370487	0
14	59370488	59380340	1
14	59380341	59395950	0
14	59395951	59416196	1
14	59416197	59438656	0
14	59438657	59474712	2
14	59474713	59514360	0
14	59514361	59534969	1
14	59534970	59558411	0
14	59558412	59578798	1
14	59578799	59584854	0
14	59584855	59602917	1
14	59602918	59618280	0
14	59618281	59632828	1
14	59632829	59639456	0
14	59639457	59678331	1
14	59678332	59678428	0
14	59678429	59796835	2
14	59796836	59823211	3
14	59823212	59835406	1
14	59835407	59862755	0
14	59862756	59869107	2
14	59869108	59875987	0
14	59875988	60434626	1
14	60434627	60442729	0
14	60442730	60488954	1
14	60488955	60502675	0
14	60502676	60539817	2
14	60539818	60610706	0
14	60610707	60625644	2
14	60625645	60871448	0
14	60871449	61002003	2
14	61002004	61005581	0
14	61005582	61018316	2
14	61018317	61022020	0
14	61022021	61141676	2
14	61141677	61201322	0
14	61201323	61283937	1
14	61283938	61375904	0
14	61375905	61456562	2
14	61456563	61478142	3
14	61478143	61495937	1
14	61495938	61547200	0
14	61547201	61549383	2
14	61549384	61569189	0
14	61569190	61597886	1
14	61597887	61602658	0
14	61602659	61677321	1
14	61677322	61769440	0
14	61769441	61794333	1
14	61794334	61835694	0
14	61835695	61843393	2
14	61843394	61844904	0
14	61844905	61850273	2
14	61850274	62513678	0
14	62513679	62530036	1
14	62530037	62530410	3
14	62530411	62610439	2
14	62610440	62630123	0
14	62630124	62693736	1
14	62693737	62700861	0
14	62700862	62718602	1
14	62718603	62793184	0
14	62793185	62845933	2
14	62845934	62901114	0
14	62901115	62913777	2
14	62913778	62929690	3
14	62929691	62998559	1
14	62998560	63075125	0
14	63075126	63198956	2
14	63198957	63214971	0
14	63214972	63221957	1
14	63221958	63235524	0
14	63235525	63238607	2
14	63238608	63249218	0
14	63249219	63255535	2
14	63255536	63271534	0
14	63271535	63284438	1
14	63284439	63286057	3
14	63286058	63287407	1
14	63287408	63359909	0
14	63359910	63382597	2
14	63382598	63383370	3
14	63383371	63417025	1
14	63417026	63419890	0
14	63419891	63430988	1
14	63430989	63436369	0
14	63436370	63509139	1
14	63509140	63610283	0
14	63610284	63654484	1
14	63654485	63673841	0
14	63673842	63702945	2
14	63702946	63729794	0
14	63729795	63746539	1
14	63746540	63757098	0
14	63757099	63781429	1
14	63781430	63843950	0
14	63843951	64058256	2
14	64058257	64097811	0
14	64097812	64157302	2
14	64157303	64181120	0
14	64181121	64188179	2
14	64188180	64208569	0
14	64208570	64225227	1
14	64225228	64229953	0
14	64229954	64270953	2
14	64270954	64312885	0
14	64312886	64322898	1
14	64322899	64323681	0
14	64323682	64335125	2
14	64335126	64341733	0
14	64341734	64351202	2
14	64351203	64360072	0
14	64360073	64693350	1
14	64693351	64884712	0
14	64884713	65047064	2
14	65047065	65049047	0
14	65049048	65187318	1
14	65187319	65187492	0
14	65187493	65277282	2
14	65277283	65289507	0
14	65289508	65335553	1
14	65335554	65429896	0
14	65429897	65499910	1
14	65499911	65504065	0
14	65504066	65561420	2
14	65561421	65595836	0
14	65595837	65636377	2
14	65636378	65638120	0
14	65638121	65662919	1
14	65662920	65767896	0
14	65767897	65830522	1
14	65830523	65835993	0
14	65835994	65885978	2
14	65885979	65903850	0
14	65903851	66002273	2
14	66002274	66043284	0
14	66043285	66055269	2
14	66055270	66056485	0
14	66056486	66071441	1
14	66071442	66074749	0
14	66074750	66104054	2
14	66104055	66156841	0
14	66156842	66191382	1
14	66191383	66205930	0
14	66205931	66218994	2
14	66218995	66224233	0
14	66224234	66246654	1
14	66246655	66264776	0
14	66264777	66315180	1
14	66315181	66321821	0
14	66321822	66361947	1
14	66361948	66372486	0
14	66372487	66390395	2
14	66390396	66390704	0
14	66390705	66518499	1
14	66518500	66534478	0
14	66534479	66548871	2
14	66548872	66581743	0
14	66581744	66599127	2
14	66599128	66872698	0
14	66872699	67008615	2
14	67008616	67040311	0
14	67040312	67106135	1
14	67106136	67148617	0
14	67148618	67158470	2
14	67158471	67222686	0
14	67222687	67246324	1
14	67246325	67251503	0
14	67251504	67309891	1
14	67309892	67470739	0
14	67470740	67668365	2
14	67668366	67913778	0
14	67913779	67953288	1
14	67953289	67953384	0
14	67953385	67979757	2
14	67979758	67982628	0
14	67982629	67986886	2
14	67986887	67989582	0
14	67989583	68170879	1
14	68170880	68320037	0
14	68320038	68321310	1
14	68321311	68326542	3
14	68326543	68362293	1
14	68362294	68734783	0
14	68734784	68771136	1
14	68771137	68800827	0
14	68800828	68819542	1
14	68819543	68843474	0
14	68843475	68893289	1
14	68893290	69266685	0
14	69266686	69279251	2
14	69279252	69409249	0
14	69409250	69412965	2
14	69412966	69428085	0
14	69428086	69432109	2
14	69432110	69479295	0
14	69479296	69522559	1
14	69522560	69526791	0
14	69526792	69531746	1
14	69531747	69574621	0
14	69574622	69604717	2
14	69604718	69699756	0
14	69699757	69740809	1
14	69740810	69746079	0
14	69746080	69749996	1
14	69749997	69792871	0
14	69792872	69822967	2
14	69822968	69846515	0
14	69846516	69933281	2
14	69933282	69934754	0
14	69934755	69945031	1
14	69945032	69954447	0
14	69954448	69969981	1
14	69969982	70004919	0
14	70004920	70021858	2
14	70021859	70022437	0
14	70022438	70043083	1
14	70043084	70077867	0
14	70077868	70297365	2
14	70297366	70314650	0
14	70314651	70319997	2
14	70319998	70337552	0
14	70337553	70375615	2
14	70375616	70375653	3
14	70375654	70391258	1
14	70391259	70391852	0
14	70391853	70396949	1
14	70396950	70401665	0
14	70401666	70415128	1
14	70415129	70417915	0
14	70417916	70449436	1
14	70449437	70455312	0
14	70455313	70526918	1
14	70526919	70540916	0
14	70540917	70588872	1
14	70588873	70609924	0
14	70609925	70666830	1
14	70666831	70676195	0
14	70676196	70680885	1
14	70680886	70694914	0
14	70694915	70706270	2
14	70706271	70711996	0
14	70711997	70757626	1
14	70757627	70758391	0
14	70758392	70761519	1
14	70761520	70768266	0
14	70768267	70775762	2
14	70775763	70782689	0
14	70782690	70786371	2
14	70786372	70791125	0
14	70791126	70810986	2
14	70810987	70815075	0
14	70815076	70820126	2
14	70820127	70820734	0
14	70820735	70837273	1
14	70837274	70838701	0
14	70838702	70873486	1
14	70873487	70873641	0
14	70873642	70879706	1
14	70879707	70884740	0
14	70884741	70890522	1
14	70890523	70891684	0
14	70891685	71004066	1
14	71004067	71011742	0
14	71011743	71015933	2
14	71015934	71127558	0
14	71127559	71217276	2
14	71217277	72663451	0
14	72663452	72729276	1
14	72729277	72775384	0
14	72775385	72947441	1
14	72947442	73266566	0
14	73266567	73286552	1
14	73286553	73360475	0
14	73360476	73432940	2
14	73432941	73445281	3
14	73445282	73475333	1
14	73475334	73480732	3
14	73480733	73563260	1
14	73563261	73599664	0
14	73599665	73622727	1
14	73622728	73747463	0
14	73747464	73755983	2
14	73755984	73756315	0
14	73756316	73762757	1
14	73762758	73785680	3
14	73785681	73833580	2
14	73833581	73898663	0
14	73898664	73900159	2
14	73900160	74878278	0
14	74878279	74946932	2
14	74946933	74969735	0
14	74969736	74988203	2
14	74988204	74992113	0
14	74992114	75185314	1
14	75185315	75253465	0
14	75253466	75289970	2
14	75289971	75321741	0
14	75321742	75368319	1
14	75368320	75368539	0
14	75368540	75468280	2
14	75468281	75479725	0
14	75479726	75520993	2
14	75520994	75521811	0
14	75521812	75581864	2
14	75581865	75693420	0
14	75693421	75767146	2
14	75767147	75820315	0
14	75820316	75830548	1
14	75830549	75879687	0
14	75879688	75934155	2
14	75934156	75939808	0
14	75939809	75991996	1
14	75991997	75997555	0
14	75997556	76024475	1
14	76024476	76082531	0
14	76082532	76085963	2
14	76085964	76134375	0
14	76134376	76192447	1
14	76192448	76203644	3
14	76203645	76248303	1
14	76248304	76323674	0
14	76323675	76348198	1
14	76348199	76348329	0
14	76348330	76374817	2
14	76374818	76652399	0
14	76652400	76745203	2
14	76745204	76770252	0
14	76770253	76794327	1
14	76794328	77261638	0
14	77261639	77274079	1
14	77274080	77274210	0
14	77274211	77349642	2
14	77349643	77394201	0
14	77394202	77959198	2
14	77959199	78058119	0
14	78058120	78112364	1
14	78112365	78141677	0
14	78141678	78240095	2
14	78240096	78318459	0
14	78318460	78326445	1
14	78326446	78514883	0
14	78514884	78545481	1
14	78545482	78729684	0
14	78729685	78774246	1
14	78774247	78796188	0
14	78796189	78970214	1
14	78970215	79086490	0
14	79086491	79439748	2
14	79439749	79449793	0
14	79449794	79484805	1
14	79484806	79526194	0
14	79526195	79539083	1
14	79539084	79562707	0
14	79562708	79628216	1
14	79628217	79635210	0
14	79635211	79661025	2
14	79661026	79663949	0
14	79663950	79668474	2
14	79668475	79689273	0
14	79689274	79692256	2
14	79692257	79697375	0
14	79697376	79718632	1
14	79718633	79718958	3
14	79718959	79819932	2
14	79819933	79825129	0
14	79825130	79872634	2
14	79872635	79875128	0
14	79875129	79899608	1
14	79899609	80004213	0
14	80004214	80008750	1
14	80008751	80237689	0
14	80237690	80260577	2
14	80260578	84681001	0
14	84681002	84776440	2
14	84776441	86892801	0
14	86892802	87378658	1
14	87378659	87654073	0
14	87654074	87782938	2
14	87782939	88702177	0
14	88702178	88708830	1
14	88708831	93250844	0
14	93250845	94128113	1
14	94128114	96118688	0
14	96118689	96120214	2
14	96120215	96340170	0
14	96340171	96756536	1
14	96756537	98024287	0
14	98024288	98406977	1
14	98406978	99231304	0
14	99231305	99231752	1
14	99231753	99271978	0
14	99271979	99283554	1
14	99283555	99283811	0
14	99283812	99311974	2
14	99311975	99312640	0
14	99312641	99337204	1
14	99337205	99337341	0
14	99337342	99491927	2
14	99491928	99536125	0
14	99536126	99552470	2
14	99552471	100108066	0
14	100108067	100522113	1
14	100522114	101435124	0
14	101435125	101437764	1
14	101437765	101679794	0
14	101679795	101846625	1
14	101846626	101871200	0
14	101871201	101878120	1
14	101878121	101891428	0
14	101891429	101933559	2
14	101933560	101967391	0
14	101967392	102172144	2
14	102172145	103214015	0
14	103214016	103220071	1
14	103220072	103284411	0
14	103284412	103294007	2
14	103294008	103307650	0
14	103307651	103315062	2
14	103315063	103317673	0
14	103317674	103337000	1
14	103337001	103350845	0
14	103350846	103584234	1
14	103584235	103750776	0
14	103750777	103850231	2
14	103850232	103887662	0
14	103887663	103942341	2
14	103942342	104052059	0
14	104052060	104081836	1
14	104081837	104699110	0
14	104699111	104705433	1
14	104705434	104714970	0
14	104714971	104760079	1
14	104760080	105344185	0
14	105344186	105414761	1
14	105414762	105496006	0
14	105496007	105546730	2
14	105546731	106129379	0
14	106129380	106134251	1
14	106134252	106343630	0
14	106343631	106346704	2
14	106346705	109146230	0
14	109146231	109151588	1
14	109151589	110986010	0
14	110986011	110992579	1
14	110992580	111912527	0
14	111912528	111920571	2
14	111920572	113552038	0
14	113552039	113554184	2
14	113554185	115329680	0
14	115329681	116762589	2
14	116762590	117162840	0
14	117162841	118213954	2
14	118213955	118250200	0
14	118250201	118289595	1
14	118289596	118349884	0
14	118349885	118370165	1
14	118370166	118374568	0
14	118374569	118400671	2
14	118400672	118470642	0
14	118470643	118474440	1
14	118474441	118504370	0
14	118504371	118505098	2
14	118505099	118720102	0
14	118720103	118943629	1
14	118943630	119025318	0
14	119025319	119112899	2
14	119112900	119112930	0
14	119112931	119162797	1
14	119162798	119175386	0
14	119175387	119219107	2
14	119219108	119222449	0
14	119222450	119336840	1
14	119336841	119375751	0
14	119375752	120107225	2
14	120107226	120256995	0
14	120256996	120279845	1
14	120279846	120513079	0
14	120513080	120669107	2
14	120669108	120715854	0
14	120715855	120744604	2
14	120744605	121148634	0
14	121148635	121185409	2
14	121185410	121272610	0
14	121272611	121521154	2
14	121521155	121523753	0
14	121523754	121616744	1
14	121616745	121697031	0
14	121697032	121742662	1
14	121742663	121779456	0
14	121779457	122035247	1
14	122035248	122116030	0
14	122116031	122148663	2
14	122148664	122153191	3
14	122153192	122189961	2
14	122189962	122202605	3
14	122202606	122258444	2
14	122258445	122272084	0
14	122272085	122275830	2
14	122275831	122344448	0
14	122344449	122397014	2
14	122397015	122419114	0
14	122419115	122639644	2
14	122639645	122694205	0
14	122694206	122703087	1
14	122703088	122712845	0
14	122712846	122717262	2
14	122717263	122771741	0
14	122771742	123053633	2
14	123053634	123127354	3
14	123127355	123151167	1
14	123151168	123156381	0
14	123156382	123220693	1
14	123220694	123514044	0
14	123514045	123864554	1
14	123864555	123897381	0
14	123897382	124213028	2
14	124213029	124215317	0
14	124215318	124914537	1
