<CHROM>	<START>	<END>	<TSB>
17	0	3165522	0
17	3165523	3209618	2
17	3209619	3376846	0
17	3376847	3569529	2
17	3569530	3569670	3
17	3569671	3608054	1
17	3608055	3685513	0
17	3685514	3746534	1
17	3746535	5045212	0
17	5045213	5397929	2
17	5397930	5461143	0
17	5461144	5490532	1
17	5490533	5542830	0
17	5542831	5804084	2
17	5804085	5891602	0
17	5891603	5982227	2
17	5982228	5991553	0
17	5991554	6092469	2
17	6092470	6094563	3
17	6094564	6130014	1
17	6130015	6130059	0
17	6130060	6136790	2
17	6136791	6156752	0
17	6156753	6301401	2
17	6301402	6307133	0
17	6307134	6356620	2
17	6356621	6358587	3
17	6358588	6367773	1
17	6367774	6697509	0
17	6697510	6703693	2
17	6703694	6869068	0
17	6869069	6877076	2
17	6877077	6916335	0
17	6916336	6923297	1
17	6923298	6926490	0
17	6926491	7005438	2
17	7005439	7005441	3
17	7005442	7050181	1
17	7050182	7171810	0
17	7171811	7216079	1
17	7216080	7222408	0
17	7222409	7228553	1
17	7228554	7245843	0
17	7245844	7278696	2
17	7278697	7292965	0
17	7292966	7354994	2
17	7354995	7437512	0
17	7437513	7570712	2
17	7570713	7592043	0
17	7592044	7613371	2
17	7613372	7618282	0
17	7618283	7652861	1
17	7652862	7957399	0
17	7957400	8046132	1
17	8046133	8144830	0
17	8144831	8153727	2
17	8153728	8164444	0
17	8164445	8198654	2
17	8198655	8334275	0
17	8334276	8366927	1
17	8366928	8384331	0
17	8384332	8415634	2
17	8415635	8454873	0
17	8454874	8475971	2
17	8475972	8501734	0
17	8501735	8516491	2
17	8516492	8529932	0
17	8529933	8546272	2
17	8546273	8556289	0
17	8556290	8562943	2
17	8562944	8574822	0
17	8574823	8642343	2
17	8642344	8653253	0
17	8653254	8661326	2
17	8661327	8744202	0
17	8744203	8785229	2
17	8785230	8785699	3
17	8785700	9205478	2
17	9205479	9207163	0
17	9207164	9227149	2
17	9227150	9640890	0
17	9640891	9641288	2
17	9641289	9885422	0
17	9885423	9888644	1
17	9888645	10421528	0
17	10421529	10538307	1
17	10538308	10621939	0
17	10621940	11059196	1
17	11059197	11059269	0
17	11059270	12282246	2
17	12282247	12337589	0
17	12337590	12438530	2
17	12438531	12446506	0
17	12446507	12537681	1
17	12537682	12597493	0
17	12597494	12638270	2
17	12638271	12638854	0
17	12638855	12726589	1
17	12726590	12803017	0
17	12803018	12847373	2
17	12847374	12867759	0
17	12867760	12894714	1
17	12894715	12901291	0
17	12901292	12988549	1
17	12988550	13059964	0
17	13059965	13087028	1
17	13087029	13094919	0
17	13094920	13096862	2
17	13096863	13107614	0
17	13107615	13129115	1
17	13129116	13130234	0
17	13130235	13135214	1
17	13135215	13135230	3
17	13135231	13142698	2
17	13142699	13143441	3
17	13143442	13143952	2
17	13143953	13159485	1
17	13159486	13161775	0
17	13161776	13179632	1
17	13179633	13185681	0
17	13185682	13213054	1
17	13213055	13225731	0
17	13225732	13239019	2
17	13239020	13269899	0
17	13269900	13271181	1
17	13271182	13279989	0
17	13279990	13301366	2
17	13301367	13327502	0
17	13327503	13350695	1
17	13350696	13440073	0
17	13440074	13446543	2
17	13446544	13449142	0
17	13449143	13456069	2
17	13456070	13574832	0
17	13574833	13597483	2
17	13597484	13932704	0
17	13932705	13980799	1
17	13980800	13981638	3
17	13981639	13982085	1
17	13982086	14126410	2
17	14126411	14168633	0
17	14168634	14170938	2
17	14170939	14220499	0
17	14220500	14223964	1
17	14223965	14277485	0
17	14277486	14279791	1
17	14279792	14415312	0
17	14415313	14424564	1
17	14424565	14499766	0
17	14499767	14625050	2
17	14625051	14885760	0
17	14885761	14914495	1
17	14914496	15038932	0
17	15038933	15163384	1
17	15163385	15163444	0
17	15163445	15165269	2
17	15165270	15166196	3
17	15166197	15181533	1
17	15181534	15184502	0
17	15184503	15198728	1
17	15198729	15198953	3
17	15198954	15199050	1
17	15199051	15211165	2
17	15211166	15216047	0
17	15216048	15230436	1
17	15230437	15242709	3
17	15242710	15261468	1
17	15261469	15261797	3
17	15261798	15284490	2
17	15284491	15587614	0
17	15587615	15597132	1
17	15597133	15616462	0
17	15616463	15653698	2
17	15653699	15695281	0
17	15695282	15720011	1
17	15720012	15720148	0
17	15720149	15739468	2
17	15739469	15747541	3
17	15747542	15748639	2
17	15748640	15763339	0
17	15763340	15784600	1
17	15784601	15925227	0
17	15925228	15992870	2
17	15992871	16023448	0
17	16023449	16051299	1
17	16051300	17284373	0
17	17284374	17309888	2
17	17309889	17341675	0
17	17341676	17367091	2
17	17367092	17594569	0
17	17594570	17615159	2
17	17615160	17622932	0
17	17622933	17679647	2
17	17679648	17741670	0
17	17741671	17845307	1
17	17845308	17924007	0
17	17924008	17955416	2
17	17955417	18047584	0
17	18047585	18059331	2
17	18059332	18063583	0
17	18063584	18075448	1
17	18075449	18096731	0
17	18096732	18104200	1
17	18104201	18108084	0
17	18108085	18191937	2
17	18191938	18241993	0
17	18241994	18242964	2
17	18242965	18269684	0
17	18269685	18299992	2
17	18299993	18305276	0
17	18305277	18357028	2
17	18357029	18372147	0
17	18372148	18409146	2
17	18409147	18461382	0
17	18461383	18498016	1
17	18498017	18518359	0
17	18518360	18552174	2
17	18552175	18644338	0
17	18644339	18681165	2
17	18681166	18793411	0
17	18793412	18821973	2
17	18821974	19134560	0
17	19134561	19178347	2
17	19178348	19273720	0
17	19273721	19302671	2
17	19302672	19582209	0
17	19582210	19621358	2
17	19621359	19724992	0
17	19724993	19755491	2
17	19755492	19797487	0
17	19797488	19832577	2
17	19832578	19880588	0
17	19880589	19929793	2
17	19929794	19993623	0
17	19993624	20032796	2
17	20032797	20248678	0
17	20248679	20268596	1
17	20268597	20333470	0
17	20333471	20334486	1
17	20334487	20402338	0
17	20402339	20403357	1
17	20403358	20422581	0
17	20422582	20455312	1
17	20455313	20487027	0
17	20487028	20505813	1
17	20505814	20565502	0
17	20565503	20603373	2
17	20603374	20634406	0
17	20634407	20645603	2
17	20645604	20676587	0
17	20676588	20701591	1
17	20701592	20718418	0
17	20718419	20726408	2
17	20726409	20760229	0
17	20760230	20785016	1
17	20785017	20788020	0
17	20788021	20816683	1
17	20816684	20844106	0
17	20844107	20845137	1
17	20845138	20903103	0
17	20903104	20912931	2
17	20912932	20950103	0
17	20950104	20959410	2
17	20959411	20995244	0
17	20995245	21006417	1
17	21006418	21031815	0
17	21031816	21043887	2
17	21043888	21060704	0
17	21060705	21073117	2
17	21073118	21109443	0
17	21109444	21125351	1
17	21125352	21133423	0
17	21133424	21139974	1
17	21139975	21165571	0
17	21165572	21186176	2
17	21186177	21210007	0
17	21210008	21216724	1
17	21216725	21229163	0
17	21229164	21263330	2
17	21263331	21446347	0
17	21446348	21455727	2
17	21455728	21476671	0
17	21476672	21483141	2
17	21483142	21503202	0
17	21503203	21514267	2
17	21514268	21532125	0
17	21532126	21535172	2
17	21535173	21604008	0
17	21604009	21619525	2
17	21619526	21643487	0
17	21643488	21655900	2
17	21655901	21670634	0
17	21670635	21685847	2
17	21685848	21709258	0
17	21709259	21730733	2
17	21730734	21755799	0
17	21755800	21782861	2
17	21782862	21787268	0
17	21787269	21808959	2
17	21808960	21869543	0
17	21869544	21883880	2
17	21883881	21910765	0
17	21910766	21911019	2
17	21911020	21926721	0
17	21926722	21944615	2
17	21944616	21949774	0
17	21949775	21988321	2
17	21988322	22035864	0
17	22035865	22064751	1
17	22064752	22098549	0
17	22098550	22128905	1
17	22128906	22145939	0
17	22145940	22181430	1
17	22181431	22181531	0
17	22181532	22213345	2
17	22213346	22363338	0
17	22363339	22385169	1
17	22385170	22416244	0
17	22416245	22444595	1
17	22444596	22504850	0
17	22504851	22533816	1
17	22533817	22556968	0
17	22556969	22580379	1
17	22580380	22580432	0
17	22580433	22596260	2
17	22596261	22643238	0
17	22643239	22675668	2
17	22675669	22763483	0
17	22763484	22792461	1
17	22792462	22819930	0
17	22819931	22839821	2
17	22839822	23065669	0
17	23065670	23086106	1
17	23086107	23161956	0
17	23161957	23184630	2
17	23184631	23280138	0
17	23280139	23301336	2
17	23301337	23392841	0
17	23392842	23412224	1
17	23412225	23504364	0
17	23504365	23531400	1
17	23531401	23562713	0
17	23562714	23581510	2
17	23581511	23603576	0
17	23603577	23623394	2
17	23623395	23674145	0
17	23674146	23698671	1
17	23698672	23775739	0
17	23775740	23783210	1
17	23783211	23794816	0
17	23794817	23818459	1
17	23818460	23819828	0
17	23819829	23829991	2
17	23829992	23847283	0
17	23847284	23864249	1
17	23864250	23879478	0
17	23879479	23887590	2
17	23887591	23887593	3
17	23887594	23892568	1
17	23892569	23892814	3
17	23892815	23892854	1
17	23892855	23894199	2
17	23894200	23894417	0
17	23894418	23896440	1
17	23896441	23898221	0
17	23898222	23901418	2
17	23901419	23901556	0
17	23901557	23902998	1
17	23902999	23923460	0
17	23923461	23941755	1
17	23941756	23945308	0
17	23945309	23955158	2
17	23955159	23955702	3
17	23955703	23959370	1
17	23959371	23960169	0
17	23960170	23964805	1
17	23964806	23971765	0
17	23971766	23990574	1
17	23990575	23995888	0
17	23995889	24005053	1
17	24005054	24009634	0
17	24009635	24043710	2
17	24043711	24043713	3
17	24043714	24048108	1
17	24048109	24052319	0
17	24052320	24054715	1
17	24054716	24055757	0
17	24055758	24063144	1
17	24063145	24072515	0
17	24072516	24078748	2
17	24078749	24087028	0
17	24087029	24092086	2
17	24092087	24099848	0
17	24099849	24119760	2
17	24119761	24136430	0
17	24136431	24138413	2
17	24138414	24160644	0
17	24160645	24164579	2
17	24164580	24172056	0
17	24172057	24174246	1
17	24174247	24191098	0
17	24191099	24199538	1
17	24199539	24212506	0
17	24212507	24217072	1
17	24217073	24257116	0
17	24257117	24264926	2
17	24264927	24266706	0
17	24266707	24292457	1
17	24292458	24292652	0
17	24292653	24369896	1
17	24369897	24374805	0
17	24374806	24382738	1
17	24382739	24382838	0
17	24382839	24388649	1
17	24388650	24394403	0
17	24394404	24428503	1
17	24428504	24434026	0
17	24434027	24439762	1
17	24439763	24441170	0
17	24441171	24470381	1
17	24470382	24483231	0
17	24483232	24570040	1
17	24570041	24570995	0
17	24570996	24629173	2
17	24629174	24633618	0
17	24633619	24644873	2
17	24644874	24645613	0
17	24645614	24658320	2
17	24658321	24659059	0
17	24659060	24662077	1
17	24662078	24662751	0
17	24662752	24674364	1
17	24674365	24689364	0
17	24689365	24692082	2
17	24692083	24692523	0
17	24692524	24692856	1
17	24692857	24694441	3
17	24694442	24698050	1
17	24698051	24707755	0
17	24707756	24727534	2
17	24727535	24727643	3
17	24727644	24753182	1
17	24753183	24768806	0
17	24768807	24814788	2
17	24814789	24815480	3
17	24815481	24851602	1
17	24851603	24851654	0
17	24851655	24857809	2
17	24857810	24858258	0
17	24858259	24869299	1
17	24869300	24876302	0
17	24876303	24877429	1
17	24877430	24888659	0
17	24888660	24900988	2
17	24900989	24904064	0
17	24904065	24908927	1
17	24908928	24912162	0
17	24912163	24915128	1
17	24915129	24915206	0
17	24915207	24916921	2
17	24916922	24919501	3
17	24919502	24926632	1
17	24926633	24934811	0
17	24934812	24937035	1
17	24937036	24937088	0
17	24937089	24940901	2
17	24940902	24941032	0
17	24941033	24943450	1
17	24943451	24946792	0
17	24946793	24955115	2
17	24955116	24955614	0
17	24955615	24961750	2
17	24961751	24971975	0
17	24971976	24977656	2
17	24977657	25023261	0
17	25023262	25058760	2
17	25058761	25059115	0
17	25059116	25067864	2
17	25067865	25069336	3
17	25069337	25083422	2
17	25083423	25097230	0
17	25097231	25100982	2
17	25100983	25101584	0
17	25101585	25105320	1
17	25105321	25105615	0
17	25105616	25107458	2
17	25107459	25111121	3
17	25111122	25114059	1
17	25114060	25114088	0
17	25114089	25115261	2
17	25115262	25115472	0
17	25115473	25116478	2
17	25116479	25116494	3
17	25116495	25155949	1
17	25155950	25161442	0
17	25161443	25179661	1
17	25179662	25180198	0
17	25180199	25234760	1
17	25234761	25235057	0
17	25235058	25276674	2
17	25276675	25300153	3
17	25300154	25318459	2
17	25318460	25318542	0
17	25318543	25334939	1
17	25334940	25339732	0
17	25339733	25344240	2
17	25344241	25352363	0
17	25352364	25381076	2
17	25381077	25381433	0
17	25381434	25390885	2
17	25390886	25391869	0
17	25391870	25394443	1
17	25394444	25403526	0
17	25403527	25406634	2
17	25406635	25407369	0
17	25407370	25452303	2
17	25452304	25453415	3
17	25453416	25459096	1
17	25459097	25459142	0
17	25459143	25461631	2
17	25461632	25461770	3
17	25461771	25475336	1
17	25475337	25480888	0
17	25480889	25493594	1
17	25493595	25517366	0
17	25517367	25519137	2
17	25519138	25527618	0
17	25527619	25530848	2
17	25530849	25537626	0
17	25537627	25541656	2
17	25541657	25562217	0
17	25562218	25564534	1
17	25564535	25585277	0
17	25585278	25588070	2
17	25588071	25588245	0
17	25588246	25593257	2
17	25593258	25593412	3
17	25593413	25593414	2
17	25593415	25652755	1
17	25652756	25690562	0
17	25690563	25695574	2
17	25695575	25708847	0
17	25708848	25716260	1
17	25716261	25784864	0
17	25784865	25789658	1
17	25789659	25798057	0
17	25798058	25881798	2
17	25881799	25936143	0
17	25936144	25937898	2
17	25937899	25938378	3
17	25938379	25946391	1
17	25946392	25946642	0
17	25946643	25950436	2
17	25950437	25955014	0
17	25955015	25967302	2
17	25967303	25967585	0
17	25967586	25973350	1
17	25973351	25992748	0
17	25992749	25998815	2
17	25998816	26001763	3
17	26001764	26001795	2
17	26001796	26002304	3
17	26002305	26004645	1
17	26004646	26005552	0
17	26005553	26009052	2
17	26009053	26009485	3
17	26009486	26016108	1
17	26016109	26028057	0
17	26028058	26040227	2
17	26040228	26042599	0
17	26042600	26047702	2
17	26047703	26047839	0
17	26047840	26049477	2
17	26049478	26050815	3
17	26050816	26052376	1
17	26052377	26053437	0
17	26053438	26056267	1
17	26056268	26057429	0
17	26057430	26080473	1
17	26080474	26082670	0
17	26082671	26087736	1
17	26087737	26094046	0
17	26094047	26096141	2
17	26096142	26096600	0
17	26096601	26099830	1
17	26099831	26101086	0
17	26101087	26138699	1
17	26138700	26145393	0
17	26145394	26163908	1
17	26163909	26165359	0
17	26165360	26171537	1
17	26171538	26177339	0
17	26177340	26204768	1
17	26204769	26208008	0
17	26208009	26288527	1
17	26288528	26300183	0
17	26300184	26309309	1
17	26309310	26310706	0
17	26310707	26314574	1
17	26314575	26332271	0
17	26332272	26342226	2
17	26342227	26342472	0
17	26342473	26345585	2
17	26345586	26357660	0
17	26357661	26414783	2
17	26414784	26414971	0
17	26414972	26418059	1
17	26418060	26418155	0
17	26418156	26420341	1
17	26420342	26421930	0
17	26421931	26430296	2
17	26430297	26430794	0
17	26430795	26463214	1
17	26463215	26471868	0
17	26471869	26504476	2
17	26504477	26633801	0
17	26633802	26665321	2
17	26665322	26724562	0
17	26724563	26780461	1
17	26780462	26781100	3
17	26781101	26875903	2
17	26875904	26882203	0
17	26882204	26918619	2
17	26918620	26934622	0
17	26934623	26995607	2
17	26995608	27000038	0
17	27000039	27011493	2
17	27011494	27057636	0
17	27057637	27063981	1
17	27063982	27136063	0
17	27136064	27151555	2
17	27151556	27152024	0
17	27152025	27156880	2
17	27156881	27156944	0
17	27156945	27158541	1
17	27158542	27160225	0
17	27160226	27191406	2
17	27191407	27192139	0
17	27192140	27195175	2
17	27195176	27236959	0
17	27236960	27238782	2
17	27238783	27241489	3
17	27241490	27256596	2
17	27256597	27276276	0
17	27276277	27341195	2
17	27341196	27341635	0
17	27341636	27352888	1
17	27352889	27362937	0
17	27362938	27386767	1
17	27386768	27408572	0
17	27408573	27423441	1
17	27423442	27641359	0
17	27641360	27740375	1
17	27740376	27775469	0
17	27775470	27782545	2
17	27782546	27782646	3
17	27782647	27784728	1
17	27784729	27798354	0
17	27798355	27855641	1
17	27855642	27874481	0
17	27874482	27930454	2
17	27930455	27933324	0
17	27933325	27947927	1
17	27947928	27970207	0
17	27970208	28039620	1
17	28039621	28057122	0
17	28057123	28070940	2
17	28070941	28075413	0
17	28075414	28119013	2
17	28119014	28120094	0
17	28120095	28128214	1
17	28128215	28128278	0
17	28128279	28281747	2
17	28281748	28285717	0
17	28285718	28299611	1
17	28299612	28361113	0
17	28361114	28393826	2
17	28393827	28396101	0
17	28396102	28424858	2
17	28424859	28426750	0
17	28426751	28447580	2
17	28447581	28451672	0
17	28451673	28520446	2
17	28520447	28532491	0
17	28532492	28545544	2
17	28545545	28547443	0
17	28547444	28550005	2
17	28550006	28550643	0
17	28550644	28569789	1
17	28569790	28570487	0
17	28570488	28584194	1
17	28584195	28618066	0
17	28618067	28736496	1
17	28736497	28749778	0
17	28749779	28758082	2
17	28758083	28768383	0
17	28768384	28771592	2
17	28771593	28777121	0
17	28777122	28779738	1
17	28779739	28794613	0
17	28794614	28804651	2
17	28804652	28806620	0
17	28806621	28841681	1
17	28841682	28856755	0
17	28856756	28908959	1
17	28908960	28910301	0
17	28910302	28967378	2
17	28967379	28988269	0
17	28988270	28999205	2
17	28999206	29020062	0
17	29020063	29058921	2
17	29058922	29077383	0
17	29077384	29109281	2
17	29109282	29115364	0
17	29115365	29134296	1
17	29134297	29152956	0
17	29152957	29162812	1
17	29162813	29170922	0
17	29170923	29188521	2
17	29188522	29189852	0
17	29189853	29226967	1
17	29226968	29251600	0
17	29251601	29262345	2
17	29262346	29309951	0
17	29309952	29319699	2
17	29319700	29333117	0
17	29333118	29367952	2
17	29367953	29374528	0
17	29374529	29457139	1
17	29457140	29469775	0
17	29469776	29483158	1
17	29483159	29487760	0
17	29487761	29533037	2
17	29533038	29536652	0
17	29536653	29549565	2
17	29549566	29551044	0
17	29551045	29566906	1
17	29566907	29579886	0
17	29579887	29598525	2
17	29598526	29709725	0
17	29709726	29715084	2
17	29715085	29737614	0
17	29737615	29768757	1
17	29768758	29769134	3
17	29769135	29771357	1
17	29771358	29825867	2
17	29825868	29833762	0
17	29833763	29863963	2
17	29863964	29879567	0
17	29879568	29912432	2
17	29912433	29924951	3
17	29924952	29936016	1
17	29936017	30046921	0
17	30046922	30107680	1
17	30107681	30223705	0
17	30223706	30428994	2
17	30428995	30434496	0
17	30434497	30795460	1
17	30795461	30803908	0
17	30803909	30843326	1
17	30843327	30845843	3
17	30845844	31096337	2
17	31096338	31120789	0
17	31120790	31159763	2
17	31159764	31173612	0
17	31173613	31229682	2
17	31229683	31276647	0
17	31276648	31336960	2
17	31336961	31344278	0
17	31344279	31348618	1
17	31348619	31360021	0
17	31360022	31363254	1
17	31363255	31380367	0
17	31380368	31384249	1
17	31384250	31398237	0
17	31398238	31417949	1
17	31417950	31426845	0
17	31426846	31465864	2
17	31465865	31473991	0
17	31473992	31496355	1
17	31496356	31505764	0
17	31505765	31569711	2
17	31569712	31605182	0
17	31605183	31695282	2
17	31695283	31713294	0
17	31713295	31738952	1
17	31738953	31739087	0
17	31739088	31750303	2
17	31750304	31783706	0
17	31783707	31826665	2
17	31826666	31827866	0
17	31827867	31856210	1
17	31856211	31866053	0
17	31866054	31877864	1
17	31877865	31896779	0
17	31896780	31900705	2
17	31900706	32063222	0
17	32063223	32074776	1
17	32074777	32163741	0
17	32163742	32255072	1
17	32255073	32255321	3
17	32255322	32281837	2
17	32281838	32339792	0
17	32339793	32385824	1
17	32385825	32402742	0
17	32402743	32408521	1
17	32408522	32415246	0
17	32415247	32503694	1
17	32503695	32522644	0
17	32522645	32540157	1
17	32540158	32540396	0
17	32540397	32569579	1
17	32569580	32573029	0
17	32573030	32608088	1
17	32608089	32609631	0
17	32609632	32622555	1
17	32622556	32631431	0
17	32631432	32643139	1
17	32643140	32671695	0
17	32671696	32712292	2
17	32712293	32725022	0
17	32725023	32749115	2
17	32749116	32755530	0
17	32755531	32770770	2
17	32770771	32840281	0
17	32840282	32855156	2
17	32855157	32877872	0
17	32877873	32895886	2
17	32895887	32904599	0
17	32904600	32922324	2
17	32922325	32984468	0
17	32984469	33007259	1
17	33007260	33014648	0
17	33014649	33028903	1
17	33028904	33034421	0
17	33034422	33049233	1
17	33049234	33098191	0
17	33098192	33110614	1
17	33110615	33124042	0
17	33124043	33136314	1
17	33136315	33143660	0
17	33143661	33166374	1
17	33166375	33184786	0
17	33184787	33198205	2
17	33198206	33212111	0
17	33212112	33224429	2
17	33224430	33235835	0
17	33235836	33252374	1
17	33252375	33308282	0
17	33308283	33329677	2
17	33329678	33354560	0
17	33354561	33358655	1
17	33358656	33387419	0
17	33387420	33399725	2
17	33399726	33410274	0
17	33410275	33421478	2
17	33421479	33430178	0
17	33430179	33440662	1
17	33440663	33458690	0
17	33458691	33474117	1
17	33474118	33483648	0
17	33483649	33494616	2
17	33494617	33508516	0
17	33508517	33526213	2
17	33526214	33548314	0
17	33548315	33577850	1
17	33577851	33599227	0
17	33599228	33613613	1
17	33613614	33651868	0
17	33651869	33653240	2
17	33653241	33686822	0
17	33686823	33687658	1
17	33687659	33743176	0
17	33743177	33772740	2
17	33772741	33774679	0
17	33774680	33826734	2
17	33826735	33848062	0
17	33848063	33850751	2
17	33850752	33857028	0
17	33857029	33864678	2
17	33864679	33865205	0
17	33865206	33937642	1
17	33937643	33961456	0
17	33961457	33979502	1
17	33979503	33992722	0
17	33992723	34000802	1
17	34000803	34029492	0
17	34029493	34037999	2
17	34038000	34041890	3
17	34041891	34043534	1
17	34043535	34043544	0
17	34043545	34057289	2
17	34057290	34062063	0
17	34062064	34068746	2
17	34068747	34092809	0
17	34092810	34093054	2
17	34093055	34094631	0
17	34094632	34109633	1
17	34109634	34124107	0
17	34124108	34125647	2
17	34125648	34128386	0
17	34128387	34134562	2
17	34134563	34134871	0
17	34134872	34148264	2
17	34148265	34148554	0
17	34148555	34156659	2
17	34156660	34157793	0
17	34157794	34159315	1
17	34159316	34159632	0
17	34159633	34168669	2
17	34168670	34168881	0
17	34168882	34170460	1
17	34170461	34170971	0
17	34170972	34174649	1
17	34174650	34174784	0
17	34174785	34186007	2
17	34186008	34214989	0
17	34214990	34219319	1
17	34219320	34239764	0
17	34239765	34243652	1
17	34243653	34245005	0
17	34245006	34247032	1
17	34247033	34247241	0
17	34247242	34250634	1
17	34250635	34250784	0
17	34250785	34257371	2
17	34257372	34258409	0
17	34258410	34285657	2
17	34285658	34311312	0
17	34311313	34314206	2
17	34314207	34330995	0
17	34330996	34341572	1
17	34341573	34341804	0
17	34341805	34358073	2
17	34358074	34362279	0
17	34362280	34370527	2
17	34370528	34372044	0
17	34372045	34379202	2
17	34379203	34400959	0
17	34400960	34406525	1
17	34406526	34406736	3
17	34406737	34416197	2
17	34416198	34416693	0
17	34416694	34420426	2
17	34420427	34422499	0
17	34422500	34435293	2
17	34435294	34457875	0
17	34457876	34468281	2
17	34468282	34482181	0
17	34482182	34488391	2
17	34488392	34501716	0
17	34501717	34506795	1
17	34506796	34524839	0
17	34524840	34535646	2
17	34535647	34544637	0
17	34544638	34560384	2
17	34560385	34573794	0
17	34573795	34588467	2
17	34588468	34596104	0
17	34596105	34605000	2
17	34605001	34617792	0
17	34617793	34679706	2
17	34679707	34688014	0
17	34688015	34694909	1
17	34694910	34726907	0
17	34726908	34736324	1
17	34736325	34783240	0
17	34783241	34807475	2
17	34807476	34808778	0
17	34808779	34816372	2
17	34816373	34816834	0
17	34816835	34819908	2
17	34819909	34820063	0
17	34820064	34822662	1
17	34822663	34823234	0
17	34823235	34832322	2
17	34832323	34832421	3
17	34832422	34834943	1
17	34834944	34835634	0
17	34835635	34847482	1
17	34847483	34848505	0
17	34848506	34852098	2
17	34852099	34863736	0
17	34863737	34865296	2
17	34865297	34866118	0
17	34866119	34874046	2
17	34874047	34879429	0
17	34879430	34938787	2
17	34938788	34947352	0
17	34947353	34962854	1
17	34962855	35020320	0
17	35020321	35023533	1
17	35023534	35042967	0
17	35042968	35055919	1
17	35055920	35055993	0
17	35055994	35058207	2
17	35058208	35058218	0
17	35058219	35069184	1
17	35069185	35069365	0
17	35069366	35075346	2
17	35075347	35075348	0
17	35075349	35098457	1
17	35098458	35101016	3
17	35101017	35113533	1
17	35113534	35114521	3
17	35114522	35115841	2
17	35115842	35117443	0
17	35117444	35133025	2
17	35133026	35133444	0
17	35133445	35149410	2
17	35149411	35150227	0
17	35150228	35154895	2
17	35154896	35175410	0
17	35175411	35178212	1
17	35178213	35188164	0
17	35188165	35188886	1
17	35188887	35191110	3
17	35191111	35191130	1
17	35191131	35191677	0
17	35191678	35198259	2
17	35198260	35200854	0
17	35200855	35204865	2
17	35204866	35219961	0
17	35219962	35235296	2
17	35235297	35235553	0
17	35235554	35244951	2
17	35244952	35245715	3
17	35245716	35246990	1
17	35246991	35247579	0
17	35247580	35265700	1
17	35265701	35268940	0
17	35268941	35277723	2
17	35277724	35278009	0
17	35278010	35281069	2
17	35281070	35281667	0
17	35281668	35284362	1
17	35284363	35285158	3
17	35285159	35289024	2
17	35289025	35290417	0
17	35290418	35293474	1
17	35293475	35295876	0
17	35295877	35297778	2
17	35297779	35299454	0
17	35299455	35304584	1
17	35304585	35308265	0
17	35308266	35321961	2
17	35321962	35327253	0
17	35327254	35330965	2
17	35330966	35332922	0
17	35332923	35334402	1
17	35334403	35335170	0
17	35335171	35340429	1
17	35340430	35341027	3
17	35341028	35343788	2
17	35343789	35345360	0
17	35345361	35347829	2
17	35347830	35347971	0
17	35347972	35351024	1
17	35351025	35354152	0
17	35354153	35366296	2
17	35366297	35368050	0
17	35368051	35383871	1
17	35383872	35389965	0
17	35389966	35394975	1
17	35394976	35404069	0
17	35404070	35407413	1
17	35407414	35413413	0
17	35413414	35415294	2
17	35415295	35418355	0
17	35418356	35420981	1
17	35420982	35422139	0
17	35422140	35424325	1
17	35424326	35439149	0
17	35439150	35439808	1
17	35439809	35443108	3
17	35443109	35454062	1
17	35454063	35454766	3
17	35454767	35457741	2
17	35457742	35460720	0
17	35460721	35472681	2
17	35472682	35481704	0
17	35481705	35486473	2
17	35486474	35539521	0
17	35539522	35544073	2
17	35544074	35561216	0
17	35561217	35565736	2
17	35565737	35598591	0
17	35598592	35603648	2
17	35603649	35643824	0
17	35643825	35649029	2
17	35649030	35658129	0
17	35658130	35662747	2
17	35662748	35780984	0
17	35780985	35785458	2
17	35785459	35816913	0
17	35816914	35821667	2
17	35821668	35823629	0
17	35823630	35827719	1
17	35827720	35827995	0
17	35827996	35841910	2
17	35841911	35844096	0
17	35844097	35845542	2
17	35845543	35863023	0
17	35863024	35868075	2
17	35868076	35878345	0
17	35878346	35879847	2
17	35879848	35912439	0
17	35912440	35928813	2
17	35928814	35937527	3
17	35937528	35946642	2
17	35946643	35954585	3
17	35954586	35961461	2
17	35961462	35966524	0
17	35966525	35978482	1
17	35978483	35978620	0
17	35978621	35984629	1
17	35984630	35992457	0
17	35992458	36015511	1
17	36015512	36132574	0
17	36132575	36133813	2
17	36133814	36134120	0
17	36134121	36143681	2
17	36143682	36144811	0
17	36144812	36149196	1
17	36149197	36152405	0
17	36152406	36170560	2
17	36170561	36172208	0
17	36172209	36176292	2
17	36176293	36176483	0
17	36176484	36186486	2
17	36186487	36190709	0
17	36190710	36203560	2
17	36203561	36203567	0
17	36203568	36208321	1
17	36208322	36208485	0
17	36208486	36220965	1
17	36220966	36221269	0
17	36221270	36227279	1
17	36227280	36227456	0
17	36227457	36243173	2
17	36243174	36267709	0
17	36267710	36280651	1
17	36280652	36283431	0
17	36283432	36290741	1
17	36290742	36291126	3
17	36291127	36300352	2
17	36300353	36316585	0
17	36316586	36331450	1
17	36331451	36340866	0
17	36340867	36343745	1
17	36343746	36349297	0
17	36349298	36353637	1
17	36353638	36353851	0
17	36353852	36366706	2
17	36366707	36369261	3
17	36369262	36369535	2
17	36369536	36420609	0
17	36420610	36432568	1
17	36432569	36440315	3
17	36440316	36440582	2
17	36440583	36475333	0
17	36475334	36479427	1
17	36479428	36496462	0
17	36496463	36501177	1
17	36501178	36566535	0
17	36566536	36568959	1
17	36568960	36569763	0
17	36569764	36582894	1
17	36582895	36595117	0
17	36595118	36597380	1
17	36597381	36633748	0
17	36633749	36637045	1
17	36637046	36675893	0
17	36675894	36679307	1
17	36679308	36769807	0
17	36769808	36773224	1
17	36773225	36857965	0
17	36857966	36860140	2
17	36860141	36950175	0
17	36950176	36953556	1
17	36953557	36980898	0
17	36980899	36983109	1
17	36983110	37083800	0
17	37083801	37087124	2
17	37087125	37123061	0
17	37123062	37126454	2
17	37126455	37148031	0
17	37148032	37170288	2
17	37170289	37171581	0
17	37171582	37178100	1
17	37178101	37180464	0
17	37180465	37188723	2
17	37188724	37192488	0
17	37192489	37200935	1
17	37200936	37209008	0
17	37209009	37221104	2
17	37221105	37253808	0
17	37253809	37258876	2
17	37258877	37259246	0
17	37259247	37262631	1
17	37262632	37265246	0
17	37265247	37269423	1
17	37269424	37269482	0
17	37269483	37276515	2
17	37276516	37288591	0
17	37288592	37292127	1
17	37292128	37297745	0
17	37297746	37300394	1
17	37300395	37312053	0
17	37312054	37321525	2
17	37321526	37321633	0
17	37321634	37334288	1
17	37334289	37356856	0
17	37356857	37385957	2
17	37385958	37394761	0
17	37394762	37399389	1
17	37399390	37401508	0
17	37401509	37409168	1
17	37409169	37421402	0
17	37421403	37430973	1
17	37430974	37460580	0
17	37460581	37472383	1
17	37472384	37504781	0
17	37504782	37506984	2
17	37506985	37507314	0
17	37507315	37511883	1
17	37511884	37518839	0
17	37518840	37524007	1
17	37524008	37531035	0
17	37531036	37537562	2
17	37537563	37541852	0
17	37541853	37548219	1
17	37548220	37573600	0
17	37573601	37574638	1
17	37574639	37581109	0
17	37581110	37585373	2
17	37585374	37589932	0
17	37589933	37594349	1
17	37594350	37608445	0
17	37608446	37615202	1
17	37615203	37622684	0
17	37622685	37627943	1
17	37627944	37645192	0
17	37645193	37650587	1
17	37650588	37670471	0
17	37670472	37674882	2
17	37674883	37689922	0
17	37689923	37697097	2
17	37697098	37701282	0
17	37701283	37707141	2
17	37707142	37710115	0
17	37710116	37718366	2
17	37718367	37756369	0
17	37756370	37757406	2
17	37757407	37769805	0
17	37769806	37782479	2
17	37782480	37791740	0
17	37791741	37794441	1
17	37794442	37803357	0
17	37803358	37811096	2
17	37811097	37818919	0
17	37818920	37843338	2
17	37843339	37872557	0
17	37872558	37880340	1
17	37880341	37884766	0
17	37884767	37888552	1
17	37888553	37900122	0
17	37900123	37903632	1
17	37903633	37919829	0
17	37919830	37938088	1
17	37938089	37968489	0
17	37968490	37974671	1
17	37974672	37977877	0
17	37977878	37984365	2
17	37984366	38007453	0
17	38007454	38013013	2
17	38013014	38032697	0
17	38032698	38038109	2
17	38038110	38059744	0
17	38059745	38064058	2
17	38064059	38079496	0
17	38079497	38084638	2
17	38084639	38104418	0
17	38104419	38109023	2
17	38109024	38110777	0
17	38110778	38119506	2
17	38119507	38143838	0
17	38143839	38149379	2
17	38149380	38158372	0
17	38158373	38162946	2
17	38162947	38211326	0
17	38211327	38217684	2
17	38217685	38231437	0
17	38231438	38237690	2
17	38237691	38262940	0
17	38262941	38263968	1
17	38263969	38361746	0
17	38361747	38370968	1
17	38370969	38374810	0
17	38374811	38383679	2
17	38383680	38392513	0
17	38392514	38399582	1
17	38399583	38440752	0
17	38440753	38445415	1
17	38445416	38456170	0
17	38456171	38462158	2
17	38462159	38482277	0
17	38482278	38487467	2
17	38487468	38515224	0
17	38515225	38521804	2
17	38521805	38571924	0
17	38571925	38587299	2
17	38587300	38614416	0
17	38614417	38618459	1
17	38618460	38640720	0
17	38640721	38647532	2
17	38647533	38727363	0
17	38727364	38731074	1
17	38731075	38865081	0
17	38865082	38871510	2
17	38871511	38950336	0
17	38950337	38956542	2
17	38956543	39347584	0
17	39347585	39351116	2
17	39351117	39353523	0
17	39353524	39354230	1
17	39354231	39384580	0
17	39384581	39387926	1
17	39387927	39406223	0
17	39406224	39408040	2
17	39408041	39717248	0
17	39717249	39721881	2
17	39721882	39847031	0
17	39847032	39851736	2
17	39851737	39951843	0
17	39951844	39956555	2
17	39956556	40261409	0
17	40261410	40266176	2
17	40266177	40406339	0
17	40406340	40410988	2
17	40410989	40517904	0
17	40517905	40519529	1
17	40519530	40532666	0
17	40532667	40553177	1
17	40553178	40604647	0
17	40604648	40630096	1
17	40630097	40830911	0
17	40830912	40841310	2
17	40841311	40872396	0
17	40872397	40890438	2
17	40890439	40909483	0
17	40909484	40913507	2
17	40913508	40942964	0
17	40942965	40947949	2
17	40947950	41038009	0
17	41038010	41042671	2
17	41042672	41074909	0
17	41074910	41105395	1
17	41105396	41122015	0
17	41122016	41151643	2
17	41151644	41186371	0
17	41186372	41191448	1
17	41191449	41215507	0
17	41215508	41225239	1
17	41225240	41233940	0
17	41233941	41245574	1
17	41245575	41245936	3
17	41245937	41272877	2
17	41272878	42626836	0
17	42626837	42815966	2
17	42815967	42867672	0
17	42867673	42922284	1
17	42922285	42967780	0
17	42967781	43003173	1
17	43003174	43007019	0
17	43007020	43053068	1
17	43053069	43103840	0
17	43103841	43187313	1
17	43187314	43327444	0
17	43327445	43400078	2
17	43400079	43581218	0
17	43581219	43635626	2
17	43635627	43671340	0
17	43671341	43770446	2
17	43770447	43785213	0
17	43785214	43813701	1
17	43813702	43845077	0
17	43845078	43854528	1
17	43854529	43878987	0
17	43878988	43923090	2
17	43923091	43926224	0
17	43926225	43941188	1
17	43941189	43952780	0
17	43952781	43978103	1
17	43978104	43978314	0
17	43978315	44062320	2
17	44062321	44112240	0
17	44112241	44350405	2
17	44350406	44389702	0
17	44389703	44397456	2
17	44397457	44407197	0
17	44407198	44416698	1
17	44416699	44445657	0
17	44445658	44591057	2
17	44591058	44807371	0
17	44807372	45088037	1
17	45088038	45125111	3
17	45125112	45125682	1
17	45125683	45430175	2
17	45430176	45702808	0
17	45702809	45744661	1
17	45744662	45756801	0
17	45756802	45785862	1
17	45785863	45817765	0
17	45817766	45831767	2
17	45831768	45834358	0
17	45834359	45852876	2
17	45852877	45853603	3
17	45853604	45853604	2
17	45853605	45860601	1
17	45860602	45866627	0
17	45866628	45874093	2
17	45874094	45874798	0
17	45874799	45878595	2
17	45878596	45878699	0
17	45878700	45884195	1
17	45884196	45896124	0
17	45896125	45910530	1
17	45910531	45911895	0
17	45911896	45913026	1
17	45913027	45941128	0
17	45941129	45970249	1
17	45970250	45971095	0
17	45971096	45997246	1
17	45997247	45997829	3
17	45997830	46009419	2
17	46009420	46043788	0
17	46043789	46044768	1
17	46044769	46327917	0
17	46327918	46343293	1
17	46343294	46421910	0
17	46421911	46432959	2
17	46432960	46439834	3
17	46439835	46455140	1
17	46455141	46458311	0
17	46458312	46464477	1
17	46464478	46471956	0
17	46471957	46480294	2
17	46480295	46482279	0
17	46482280	46513569	1
17	46513570	46513706	0
17	46513707	46554522	2
17	46554523	46554844	0
17	46554845	46558978	1
17	46558979	46559004	0
17	46559005	46563461	2
17	46563462	46564455	0
17	46564456	46568232	2
17	46568233	46568775	0
17	46568776	46593950	1
17	46593951	46608345	0
17	46608346	46614145	2
17	46614146	46614195	3
17	46614196	46638947	1
17	46638948	46694655	0
17	46694656	46731844	2
17	46731845	46739850	0
17	46739851	46742700	2
17	46742701	46743107	0
17	46743108	46749381	1
17	46749382	46753372	0
17	46753373	46798599	1
17	46798600	46807635	0
17	46807636	46810548	2
17	46810549	46811529	0
17	46811530	46857312	1
17	46857313	46859253	0
17	46859254	46867099	1
17	46867100	46875395	0
17	46875396	46940428	1
17	46940429	46941548	0
17	46941549	46956946	1
17	46956947	46957153	0
17	46957154	46961063	2
17	46961064	46961261	0
17	46961262	46975288	2
17	46975289	46978382	0
17	46978383	46985276	1
17	46985277	46985474	0
17	46985475	46989717	1
17	46989718	46991828	3
17	46991829	46991838	1
17	46991839	46993915	2
17	46993916	46993961	3
17	46993962	46994035	2
17	46994036	47016035	1
17	47016036	47022387	0
17	47022388	47036465	2
17	47036466	47036588	0
17	47036589	47040092	1
17	47040093	47046629	0
17	47046630	47063138	1
17	47063139	47066587	0
17	47066588	47074636	1
17	47074637	47083559	0
17	47083560	47084320	2
17	47084321	47084831	0
17	47084832	47093596	1
17	47093597	47109044	0
17	47109045	47169406	1
17	47169407	47201608	0
17	47201609	47202771	2
17	47202772	47221383	0
17	47221384	47235857	2
17	47235858	47239219	0
17	47239220	47321456	1
17	47321457	47451866	0
17	47451867	47672881	2
17	47672882	47679810	0
17	47679811	47689604	2
17	47689605	47696316	0
17	47696317	47703890	2
17	47703891	47705481	0
17	47705482	47711507	1
17	47711508	47723657	0
17	47723658	47747538	1
17	47747539	47748298	3
17	47748299	47781561	2
17	47781562	47794287	0
17	47794288	47813215	1
17	47813216	47815974	0
17	47815975	47910254	2
17	47910255	47910606	3
17	47910607	47910614	2
17	47910615	47922415	1
17	47922416	47922505	0
17	47922506	47935341	2
17	47935342	47941613	0
17	47941614	47997569	2
17	47997570	47997661	3
17	47997662	47999106	1
17	47999107	47999440	0
17	47999441	47999953	1
17	47999954	48002399	3
17	48002400	48003389	1
17	48003390	48015209	2
17	48015210	48037765	0
17	48037766	48045405	2
17	48045406	48047953	0
17	48047954	48103342	2
17	48103343	48126251	0
17	48126252	48145614	1
17	48145615	48178056	0
17	48178057	48235568	1
17	48235569	48347552	0
17	48347553	48349100	1
17	48349101	48399837	0
17	48399838	48401436	2
17	48401437	48436213	0
17	48436214	48453437	1
17	48453438	48459063	0
17	48459064	48474383	1
17	48474384	48539794	0
17	48539795	48553950	2
17	48553951	48554803	0
17	48554804	48565867	2
17	48565868	48571321	0
17	48571322	48582386	2
17	48582387	48606966	0
17	48606967	48619559	2
17	48619560	48623167	0
17	48623168	48634050	2
17	48634051	48653427	0
17	48653428	48659299	2
17	48659300	48666942	0
17	48666943	48674202	2
17	48674203	48693911	0
17	48693912	48716932	1
17	48716933	48717040	0
17	48717041	48724292	2
17	48724293	48726257	0
17	48726258	48739956	1
17	48739957	48755461	0
17	48755462	48758548	1
17	48758549	48761927	0
17	48761928	48775712	2
17	48775713	49239405	0
17	49239406	49404614	2
17	49404615	49735388	0
17	49735389	49762461	2
17	49762462	49765453	0
17	49765454	49871369	1
17	49871370	49922198	0
17	49922199	50216873	2
17	50216874	50299283	0
17	50299284	50497700	1
17	50497701	50586421	0
17	50586422	50600662	1
17	50600663	50816429	0
17	50816430	50995510	2
17	50995511	51040150	0
17	51040151	51486337	1
17	51486338	52043213	0
17	52043214	52140316	1
17	52140317	52909735	0
17	52909736	53286220	2
17	53286221	53705915	0
17	53705916	53770347	1
17	53770348	53786260	0
17	53786261	53814486	2
17	53814487	53814706	3
17	53814707	53846477	1
17	53846478	53873997	0
17	53873998	53979746	2
17	53979747	53981812	0
17	53981813	53996359	1
17	53996360	54136663	0
17	54136664	54153365	1
17	54153366	54268641	0
17	54268642	54297700	1
17	54297701	54580616	0
17	54580617	54606060	1
17	54606061	55752381	0
17	55752382	55821580	2
17	55821581	55897368	0
17	55897369	55932190	1
17	55932191	55958949	0
17	55958950	56019622	1
17	56019623	56056982	0
17	56056983	56160660	2
17	56160661	56171890	0
17	56171891	56185928	1
17	56185929	56199091	0
17	56199092	56205926	2
17	56205927	56245379	0
17	56245380	56256498	1
17	56256499	56259638	0
17	56259639	56264020	2
17	56264021	56266097	0
17	56266098	56275283	2
17	56275284	56277465	0
17	56277466	56283618	2
17	56283619	56293509	0
17	56293510	56303879	2
17	56303880	56304075	0
17	56304076	56312582	1
17	56312583	56312709	0
17	56312710	56323748	2
17	56323749	56323788	3
17	56323789	56343633	1
17	56343634	56347437	0
17	56347438	56374043	2
17	56374044	56377274	3
17	56377275	56382026	1
17	56382027	56386632	0
17	56386633	56407589	2
17	56407590	56407590	3
17	56407591	56407596	2
17	56407597	56416801	1
17	56416802	56418599	0
17	56418600	56424594	1
17	56424595	56426676	0
17	56426677	56428999	1
17	56429000	56430083	0
17	56430084	56447341	1
17	56447342	56469475	0
17	56469476	56480953	2
17	56480954	56482742	0
17	56482743	56490918	1
17	56490919	56493815	0
17	56493816	56525887	1
17	56525888	56563808	0
17	56563809	56570608	2
17	56570609	56576317	0
17	56576318	56583784	1
17	56583785	56584474	0
17	56584475	56599871	1
17	56599872	56601109	0
17	56601110	56607284	1
17	56607285	56610319	0
17	56610320	56630484	2
17	56630485	56633060	0
17	56633061	56709868	2
17	56709869	56719424	0
17	56719425	56783481	1
17	56783482	56818246	0
17	56818247	56819429	1
17	56819430	56858412	0
17	56858413	56861385	1
17	56861386	56867963	0
17	56867964	56891583	1
17	56891584	56891972	0
17	56891973	56913292	2
17	56913293	56914450	0
17	56914451	56916769	1
17	56916770	56920414	0
17	56920415	56921241	2
17	56921242	56921295	0
17	56921296	56933885	1
17	56933886	56935149	0
17	56935150	56971454	2
17	56971455	56980356	0
17	56980357	57018762	2
17	57018763	57020934	0
17	57020935	57024765	1
17	57024766	57025020	3
17	57025021	57029139	2
17	57029140	57058323	0
17	57058324	57064528	1
17	57064529	57071776	0
17	57071777	57076839	2
17	57076840	57077274	0
17	57077275	57079132	2
17	57079133	57082895	0
17	57082896	57138011	1
17	57138012	57150101	0
17	57150102	57181445	1
17	57181446	57182475	0
17	57182476	57195902	2
17	57195903	57199609	0
17	57199610	57242413	1
17	57242414	57260488	0
17	57260489	57289124	1
17	57289125	57297303	0
17	57297304	57303186	2
17	57303187	57304337	0
17	57304338	57306320	2
17	57306321	57306455	0
17	57306456	57307016	1
17	57307017	57310403	0
17	57310404	57318286	1
17	57318287	57318467	0
17	57318468	57328049	2
17	57328050	57328111	3
17	57328112	57338520	1
17	57338521	57339771	0
17	57339772	57348652	1
17	57348653	57350709	0
17	57350710	57366103	1
17	57366104	57366861	3
17	57366862	57372916	2
17	57372917	57373053	0
17	57373054	57385508	1
17	57385509	57387064	0
17	57387065	57394780	1
17	57394781	57412323	0
17	57412324	57414755	2
17	57414756	57452995	0
17	57452996	57456775	1
17	57456776	57496490	0
17	57496491	57501175	1
17	57501176	57510968	0
17	57510969	57535134	1
17	57535135	57541633	0
17	57541634	57554687	1
17	57554688	57556453	0
17	57556454	57570663	2
17	57570664	57586098	0
17	57586099	57635029	2
17	57635030	57665689	0
17	57665690	57790525	2
17	57790526	57813451	0
17	57813452	57852503	1
17	57852504	58048760	0
17	58048761	58049212	1
17	58049213	58076563	0
17	58076564	58717348	2
17	58717349	59185801	0
17	59185802	59298368	1
17	59298369	59306611	0
17	59306612	59320365	1
17	59320366	62911177	0
17	62911178	63188310	1
17	63188311	63364445	0
17	63364446	63807010	1
17	63807011	64170055	0
17	64170056	64170293	2
17	64170294	64170784	3
17	64170785	64446489	2
17	64446490	64587998	0
17	64587999	64638909	1
17	64638910	64907729	0
17	64907730	65062103	2
17	65062104	65139516	0
17	65139517	65143064	1
17	65143065	65562992	0
17	65562993	65847775	1
17	65847776	65885320	0
17	65885321	65920548	1
17	65920549	65944500	0
17	65944501	65949161	1
17	65949162	65958722	0
17	65958723	66079745	1
17	66079746	66089566	0
17	66089567	66148919	2
17	66148920	66155411	0
17	66155412	66192791	1
17	66192792	66228965	0
17	66228966	66258219	1
17	66258220	66272691	0
17	66272692	66384066	1
17	66384067	66385631	0
17	66385632	66408552	1
17	66408553	66418538	0
17	66418539	66427496	2
17	66427497	66430513	0
17	66430514	66459167	2
17	66459168	66643975	0
17	66643976	66756743	1
17	66756744	66801505	0
17	66801506	66826722	1
17	66826723	66861498	0
17	66861499	66901614	1
17	66901615	66973940	0
17	66973941	67661450	1
17	67661451	67937957	0
17	67937958	67939716	1
17	67939717	68004252	0
17	68004253	68129640	2
17	68129641	68149706	0
17	68149707	68311113	1
17	68311114	68580790	0
17	68580791	69086775	2
17	69086776	69133616	0
17	69133617	69150132	2
17	69150133	69382676	0
17	69382677	69596982	2
17	69596983	69690043	0
17	69690044	69698192	2
17	69698193	69746319	0
17	69746320	69796226	2
17	69796227	70276066	0
17	70276067	71128406	2
17	71128407	71151198	0
17	71151199	71160539	1
17	71160540	71280126	0
17	71280127	71309626	1
17	71309627	71309871	3
17	71309872	71433849	2
17	71433850	71490549	0
17	71490550	71556810	2
17	71556811	71559165	0
17	71559166	71618549	1
17	71618550	71651482	0
17	71651483	71782336	1
17	71782337	71803093	0
17	71803094	71833850	1
17	71833851	71859054	0
17	71859055	71896526	2
17	71896527	71923208	0
17	71923209	71966024	2
17	71966025	71980254	0
17	71980255	72036662	2
17	72036663	72050548	0
17	72050549	72059887	1
17	72059888	72075466	0
17	72075467	72171266	2
17	72171267	72175965	0
17	72175966	72910820	1
17	72910821	73143446	0
17	73143447	73158188	2
17	73158189	73225298	0
17	73225299	73248940	2
17	73248941	73414978	0
17	73414979	73550361	2
17	73550362	73613457	0
17	73613458	73706289	1
17	73706290	73800221	0
17	73800222	74017444	1
17	74017445	74111834	0
17	74111835	74139087	2
17	74139088	74190888	0
17	74190889	74257175	1
17	74257176	74323948	0
17	74323949	74354909	1
17	74354910	74506029	0
17	74506030	74602514	1
17	74602515	74606467	0
17	74606468	74630937	1
17	74630938	74645980	0
17	74645981	74698108	2
17	74698109	74702601	0
17	74702602	74731214	2
17	74731215	74732431	0
17	74732432	74766135	1
17	74766136	74796486	0
17	74796487	74807270	2
17	74807271	74835288	0
17	74835289	75010349	2
17	75010350	75024725	0
17	75024726	75170563	2
17	75170564	75312561	0
17	75312562	75698760	2
17	75698761	75742919	0
17	75742920	75836047	2
17	75836048	75844079	0
17	75844080	75858939	1
17	75858940	78507675	0
17	78507676	78676639	2
17	78676640	78684019	3
17	78684020	78725579	1
17	78725580	78815491	0
17	78815492	78934835	2
17	78934836	78957340	0
17	78957341	79044623	1
17	79044624	79060325	0
17	79060326	79142751	1
17	79142752	79142994	0
17	79142995	79155735	2
17	79155736	79159991	0
17	79159992	79190000	1
17	79190001	79191365	0
17	79191366	79214419	1
17	79214420	79223927	0
17	79223928	79226433	2
17	79226434	79227733	3
17	79227734	79244493	1
17	79244494	79244563	0
17	79244564	79255479	2
17	79255480	79256832	0
17	79256833	79328243	1
17	79328244	79359333	0
17	79359334	79397805	2
17	79397806	79641154	0
17	79641155	79662518	1
17	79662519	79919290	0
17	79919291	80000619	2
17	80000620	80014321	0
17	80014322	80022488	1
17	80022489	80155817	0
17	80155818	80203550	1
17	80203551	80336914	0
17	80336915	80369761	1
17	80369762	80434898	0
17	80434899	80492528	2
17	80492529	80507507	0
17	80507508	80514732	1
17	80514733	80514887	0
17	80514888	80525363	2
17	80525364	80531868	0
17	80531869	80535924	2
17	80535925	80545736	0
17	80545737	80597630	1
17	80597631	80597903	3
17	80597904	80604903	2
17	80604904	80614834	0
17	80614835	80680645	2
17	80680646	80680968	3
17	80680969	80696116	2
17	80696117	80701178	0
17	80701179	80787396	1
17	80787397	80830977	0
17	80830978	80885240	1
17	80885241	80887939	0
17	80887940	81035520	1
17	81035521	81252059	0
17	81252060	81309243	2
17	81309244	81333759	0
17	81333760	81372494	1
17	81372495	81680532	0
17	81680533	81749190	1
17	81749191	81749350	3
17	81749351	82045804	1
17	82045805	83522719	0
17	83522720	83532497	2
17	83532498	83658358	0
17	83658359	83787788	2
17	83787789	83809345	0
17	83809346	83821757	1
17	83821758	83893384	0
17	83893385	83939322	1
17	83939323	84013590	0
17	84013591	84127643	2
17	84127644	84138583	0
17	84138584	84154239	1
17	84154240	84491357	0
17	84491358	84495373	1
17	84495374	84497502	0
17	84497503	84773542	1
17	84773543	84819321	0
17	84819322	84929564	2
17	84929565	84933922	0
17	84933923	84963014	2
17	84963015	84965660	0
17	84965661	84983728	1
17	84983729	84990437	3
17	84990438	85007759	2
17	85007760	85012673	0
17	85012674	85097984	1
17	85097985	85264167	0
17	85264168	85331417	2
17	85331418	85335802	0
17	85335803	85370896	2
17	85370897	85371662	3
17	85371663	85397667	1
17	85397668	85397978	0
17	85397979	85766014	2
17	85766015	85921034	0
17	85921035	85936728	2
17	85936729	85991703	0
17	85991704	85995700	1
17	85995701	86292091	0
17	86292092	86452601	1
17	86452602	86475211	0
17	86475212	86805158	2
17	86805159	86812658	3
17	86812659	86965345	2
17	86965346	87061126	0
17	87061127	87140836	2
17	87140837	87224774	0
17	87224775	87229800	2
17	87229801	87251535	0
17	87251536	87255323	1
17	87255324	87270508	0
17	87270509	87304682	2
17	87304683	87307495	3
17	87307496	87332832	1
17	87332833	87332976	0
17	87332977	87343236	2
17	87343237	87415105	0
17	87415106	87445265	2
17	87445266	87561869	0
17	87561870	87573361	1
17	87573362	87590312	0
17	87590313	87689195	2
17	87689196	87696997	0
17	87696998	87735167	1
17	87735168	87740838	0
17	87740839	87754361	1
17	87754362	87943405	0
17	87943406	87958555	2
17	87958556	87979756	0
17	87979757	88031139	2
17	88031140	88053227	0
17	88053228	88105420	1
17	88105421	88228403	0
17	88228404	88228819	2
17	88228820	88282488	0
17	88282489	88298285	2
17	88298286	88298318	3
17	88298319	88372717	1
17	88372718	88748137	0
17	88748138	88797959	2
17	88797960	88837544	0
17	88837545	88895793	2
17	88895794	88905110	0
17	88905111	88970012	2
17	88970013	88976086	0
17	88976087	89022578	2
17	89022579	89044700	0
17	89044701	89099402	1
17	89099403	89292378	0
17	89292379	89508101	1
17	89508102	90215888	0
17	90215889	90217875	1
17	90217876	90341057	0
17	90341058	91400497	1
17	91400498	93506443	0
17	93506444	93513963	2
17	93513964	95030016	0
17	95030017	95057445	1
