<CHROM>	<START>	<END>	<TSB>
1	0	4069778	0
1	4069779	4479462	1
1	4479463	4561152	0
1	4561153	4567575	1
1	4567576	4843427	0
1	4843428	4855960	1
1	4855961	4878044	0
1	4878045	4916960	2
1	4916961	4928035	0
1	4928036	4968130	2
1	4968131	4979797	0
1	4979798	5140239	1
1	5140240	5140506	3
1	5140507	5232750	2
1	5232751	5658714	0
1	5658715	5676352	2
1	5676353	5983924	0
1	5983925	5987615	1
1	5987616	6276419	0
1	6276420	6346870	2
1	6346871	6429440	0
1	6429441	6464953	2
1	6464954	6557453	0
1	6557454	6931162	2
1	6931163	7159142	0
1	7159143	7243850	2
1	7243851	8431697	0
1	8431698	9369461	1
1	9369462	9615631	0
1	9615632	9617678	2
1	9617679	9618171	0
1	9618172	9648193	2
1	9648194	9671422	0
1	9671423	9697366	2
1	9697367	9737638	0
1	9737639	9770432	1
1	9770433	9788845	0
1	9788846	9818605	1
1	9818606	9868330	0
1	9868331	9971068	2
1	9971069	9978861	0
1	9978862	10012308	2
1	10012309	10030386	0
1	10030387	10038155	1
1	10038156	10038847	0
1	10038848	10079359	1
1	10079360	10094824	0
1	10094825	10108229	1
1	10108230	10108350	3
1	10108351	10108372	1
1	10108373	10206991	2
1	10206992	10207794	0
1	10207795	10302893	1
1	10302894	10394950	0
1	10394951	10790168	1
1	10790169	11063687	0
1	11063688	11373903	2
1	11373904	11484327	0
1	11484328	12046123	2
1	12046124	12762499	0
1	12762500	12931414	2
1	12931415	12936771	0
1	12936772	13062872	1
1	13062873	13183679	0
1	13183680	13197385	1
1	13197386	13209327	0
1	13209328	13444305	1
1	13444306	13634920	0
1	13634921	13660132	1
1	13660133	13693552	0
1	13693553	13730768	1
1	13730769	13738993	0
1	13738994	13771945	2
1	13771946	14239176	0
1	14239177	14380457	1
1	14380458	14823568	0
1	14823569	14826212	1
1	14826213	14942870	0
1	14942871	14989084	1
1	14989085	15357476	0
1	15357477	15793972	2
1	15793973	15875868	0
1	15875869	15914274	2
1	15914275	15924084	0
1	15924085	15962944	1
1	15962945	16136201	0
1	16136202	16163547	1
1	16163548	16171517	0
1	16171518	16174884	1
1	16174885	16175996	0
1	16175997	16203956	2
1	16203957	16298896	0
1	16298897	16590334	1
1	16590335	16611012	0
1	16611013	16689711	1
1	16689712	16711947	0
1	16711948	16727264	1
1	16727265	16735429	0
1	16735430	16748497	2
1	16748498	16758655	0
1	16758656	16779833	2
1	16779834	17065160	0
1	17065161	17168111	1
1	17168112	17215584	0
1	17215585	17234493	2
1	17234494	17672123	0
1	17672124	17701161	2
1	17701162	17797267	0
1	17797268	17836566	2
1	17836567	18185413	0
1	18185414	18216124	1
1	18216125	18306695	0
1	18306696	18307665	1
1	18307666	18321202	0
1	18321203	18335360	1
1	18335361	19173244	0
1	19173245	19236568	2
1	19236569	19279136	0
1	19279137	19308798	2
1	19308799	20128001	0
1	20128002	20688286	1
1	20688287	20801127	0
1	20801128	20804718	2
1	20804719	20847368	0
1	20847369	20860839	1
1	20860840	20873190	0
1	20873191	20890534	1
1	20890535	20960828	0
1	20960829	21009872	2
1	21009873	21021910	0
1	21021911	21061063	2
1	21061064	21066521	0
1	21066522	21149451	1
1	21149452	21288797	0
1	21288798	21300389	2
1	21300390	21310811	0
1	21310812	21335883	2
1	21335884	21419863	0
1	21419864	21422422	2
1	21422423	21438553	0
1	21438554	21441067	2
1	21441068	21453778	0
1	21453779	21456595	2
1	21456596	21468625	0
1	21468626	22032164	1
1	22032165	22356473	0
1	22356474	22845201	1
1	22845202	23139552	0
1	23139553	23141332	1
1	23141333	23405503	0
1	23405504	23436620	1
1	23436621	23800832	0
1	23800833	23884704	2
1	23884705	23888237	3
1	23888238	23961396	1
1	23961397	24035018	0
1	24035019	24044735	1
1	24044736	24050172	0
1	24050173	24139412	1
1	24139413	24216689	0
1	24216690	24291763	2
1	24291764	24303073	0
1	24303074	24626551	1
1	24626552	24717709	0
1	24717710	24805380	2
1	24805381	25106555	0
1	25106556	25868786	1
1	25868787	26720893	0
1	26720894	26726539	1
1	26726540	28815196	0
1	28815197	28819331	1
1	28819332	30841418	0
1	30841419	30912973	1
1	30912974	30979381	0
1	30979382	30988849	1
1	30988850	31016322	0
1	31016323	31017047	1
1	31017048	31036921	0
1	31036922	31215480	1
1	31215481	31243804	3
1	31243805	31261696	1
1	31261697	31261917	0
1	31261918	31263367	2
1	31263368	32211793	0
1	32211794	32582765	2
1	32582766	32586373	3
1	32586374	32697647	2
1	32697648	33492889	0
1	33492890	33708874	1
1	33708875	33758974	0
1	33758975	33781643	2
1	33781644	33784563	0
1	33784564	33796874	1
1	33796875	33800624	0
1	33800625	33853649	1
1	33853650	33891131	0
1	33891132	33946895	1
1	33946896	33947304	0
1	33947305	34347740	2
1	34347741	34475749	0
1	34475750	34478751	1
1	34478752	34478930	0
1	34478931	34488435	2
1	34488436	34498844	0
1	34498845	34514812	2
1	34514813	34537489	0
1	34537490	34542142	2
1	34542143	34574727	0
1	34574728	34583392	2
1	34583393	34591413	0
1	34591414	34599999	1
1	34600000	34618736	0
1	34618737	34630023	2
1	34630024	34717267	0
1	34717268	34852298	2
1	34852299	34852388	3
1	34852389	34882144	1
1	34882145	34889055	0
1	34889056	34918659	2
1	34918660	36107479	0
1	36107480	36145525	2
1	36145526	36179106	0
1	36179107	36283384	1
1	36283385	36303676	0
1	36303677	36313758	1
1	36313759	36346812	0
1	36346813	36363108	2
1	36363109	36374809	0
1	36374810	36408260	1
1	36408261	36411370	0
1	36411371	36458950	2
1	36458951	36461186	3
1	36461187	36484350	1
1	36484351	36510699	0
1	36510700	36547843	2
1	36547844	36550946	0
1	36550947	36567316	2
1	36567317	36569267	0
1	36569268	36586524	1
1	36586525	36587718	0
1	36587719	36597428	1
1	36597429	36601771	0
1	36601772	36722262	1
1	36722263	36730528	0
1	36730529	36732760	2
1	36732761	36737193	0
1	36737194	36749228	1
1	36749229	36753501	3
1	36753502	36797032	2
1	36797033	36800877	0
1	36800878	36821897	2
1	36821898	36831270	0
1	36831271	36982745	1
1	36982746	37065675	0
1	37065676	37226686	2
1	37226687	37253513	0
1	37253514	37302463	2
1	37302464	37338970	0
1	37338971	37449815	2
1	37449816	37456163	0
1	37456164	37469182	1
1	37469183	37469218	0
1	37469219	37478203	2
1	37478204	37478419	0
1	37478420	37580095	1
1	37580096	37650756	0
1	37650757	37759164	1
1	37759165	37793855	0
1	37793856	37905508	1
1	37905509	37910817	0
1	37910818	37913880	2
1	37913881	37914422	3
1	37914423	37915307	2
1	37915308	37929490	1
1	37929491	37929556	0
1	37929557	37937614	2
1	37937615	37945002	0
1	37945003	37955572	1
1	37955573	37985815	0
1	37985816	37996838	1
1	37996839	38024268	0
1	38024269	38036972	1
1	38036973	38037089	0
1	38037090	38091865	2
1	38091866	38094658	3
1	38094659	38168880	1
1	38168881	38216405	0
1	38216406	38704034	1
1	38704035	38832724	0
1	38832725	38875790	1
1	38875791	38902946	0
1	38902947	38937240	1
1	38937241	38978228	0
1	38978229	38989355	2
1	38989356	39024687	0
1	39024688	39036317	2
1	39036318	39232810	0
1	39232811	39402315	2
1	39402316	39406921	0
1	39406922	39410571	2
1	39410572	39410990	3
1	39410991	39517834	1
1	39517835	39574071	0
1	39574072	39585968	2
1	39585969	39590375	0
1	39590376	39616484	1
1	39616485	39657572	0
1	39657573	39690640	1
1	39690641	39704459	0
1	39704460	39760155	1
1	39760156	39843306	0
1	39843307	39844490	1
1	39844491	39940071	0
1	39940072	40065468	2
1	40065469	40113237	0
1	40113238	40164389	2
1	40164390	40264238	0
1	40264239	40356415	2
1	40356416	40363785	0
1	40363786	40406720	2
1	40406721	40468728	0
1	40468729	40504573	2
1	40504574	40504710	0
1	40504711	40540012	2
1	40540013	40554520	0
1	40554521	40590863	2
1	40590864	40619239	0
1	40619240	40669883	2
1	40669884	40719732	0
1	40719733	40808431	2
1	40808432	40811196	0
1	40811197	40829821	1
1	40829822	40844759	0
1	40844760	40896045	2
1	40896046	42734083	0
1	42734084	42742334	2
1	42742335	42890391	0
1	42890392	42944840	2
1	42944841	42992121	0
1	42992122	43074614	2
1	43074615	43086358	0
1	43086359	43137780	1
1	43137781	43137868	0
1	43137869	43155105	2
1	43155106	43162232	0
1	43162233	43236142	1
1	43236143	43483737	0
1	43483738	43609673	2
1	43609674	43769760	0
1	43769761	43781736	2
1	43781737	43786124	0
1	43786125	43866958	1
1	43866959	43973165	0
1	43973166	44042158	2
1	44042159	44048566	0
1	44048567	44059164	1
1	44059165	44095030	0
1	44095031	44118904	1
1	44118905	44125771	0
1	44125772	44141599	1
1	44141600	44145704	0
1	44145705	44157966	1
1	44157967	44158115	0
1	44158116	44183928	2
1	44183929	44187005	0
1	44187006	44220418	2
1	44220419	44243228	0
1	44243229	44258119	1
1	44258120	44590669	0
1	44590670	44835996	2
1	44835997	45350696	0
1	45350697	45388864	2
1	45388865	45413479	0
1	45413480	45542440	1
1	45542441	45834324	0
1	45834325	45862777	2
1	45862778	45929099	0
1	45929100	45929236	1
1	45929237	45947226	0
1	45947227	45965677	1
1	45965678	46105896	0
1	46105897	46412708	2
1	46412709	46464750	0
1	46464751	46846634	2
1	46846635	46846702	0
1	46846703	46932010	1
1	46932011	50949119	0
1	50949120	51226427	2
1	51226428	51328283	0
1	51328284	51342117	2
1	51342118	51508645	0
1	51508646	51517582	1
1	51517583	51788922	0
1	51788923	51955228	1
1	51955229	52026305	0
1	52026306	52146346	2
1	52146347	52158597	0
1	52158598	52201022	2
1	52201023	52202605	0
1	52202606	52272389	1
1	52272390	52496451	0
1	52496452	52539836	1
1	52539837	52669860	0
1	52669861	52691076	2
1	52691077	52695443	0
1	52695444	52766619	1
1	52766620	52824584	0
1	52824585	52856845	1
1	52856846	52884170	0
1	52884171	52960143	2
1	52960144	52961481	0
1	52961482	53059336	1
1	53059337	53100797	0
1	53100798	53107236	2
1	53107237	53197734	0
1	53197735	53226793	1
1	53226794	53228344	0
1	53228345	53336175	1
1	53336176	53336252	0
1	53336253	53365500	2
1	53365501	53383774	0
1	53383775	53391909	1
1	53391910	53436163	0
1	53436164	53745918	1
1	53745919	53794663	0
1	53794664	53824381	1
1	53824382	53846033	0
1	53846034	54234191	1
1	54234192	54289840	0
1	54289841	54407884	2
1	54407885	54435161	0
1	54435162	54478128	1
1	54478129	54482561	0
1	54482562	54495920	1
1	54495921	54512151	0
1	54512152	54596839	1
1	54596840	54684497	0
1	54684498	54965544	1
1	54965545	55024326	0
1	55024327	55066638	1
1	55066639	55091927	0
1	55091928	55111859	2
1	55111860	55116992	0
1	55116993	55127289	1
1	55127290	55127400	3
1	55127401	55130464	2
1	55130465	55170388	0
1	55170389	55194056	2
1	55194057	55209316	0
1	55209317	55265939	1
1	55265940	55276334	0
1	55276335	55287627	2
1	55287628	55308013	0
1	55308014	55402626	1
1	55402627	55445078	0
1	55445079	55793442	2
1	55793443	56675201	0
1	56675202	56676592	1
1	56676593	56833138	0
1	56833139	57017807	1
1	57017808	57416777	0
1	57416778	57424580	2
1	57424581	57427394	0
1	57427395	57445485	1
1	57445486	57446258	3
1	57446259	57457110	2
1	57457111	57813319	0
1	57813320	57987551	2
1	57987552	57994258	0
1	57994259	58009285	1
1	58009286	58035128	0
1	58035129	58065056	2
1	58065057	58069088	0
1	58069089	58145570	2
1	58145571	58152293	0
1	58152294	58239855	2
1	58239856	58249554	0
1	58249555	58307754	2
1	58307755	58317483	0
1	58317484	58419416	2
1	58419417	58432055	0
1	58432056	58446510	2
1	58446511	58451157	0
1	58451158	58463223	1
1	58463224	58470151	0
1	58470152	58484308	1
1	58484309	58484586	3
1	58484587	58484643	1
1	58484644	58501928	2
1	58501929	58502613	3
1	58502614	58503361	2
1	58503362	58520973	3
1	58520974	58544266	1
1	58544267	58561963	0
1	58561964	58625480	1
1	58625481	58625541	0
1	58625542	58635121	2
1	58635122	58686060	0
1	58686061	58735146	1
1	58735147	58750708	0
1	58750709	58798041	2
1	58798042	58834531	0
1	58834532	58886660	2
1	58886661	58939606	0
1	58939607	59012587	1
1	59012588	59012679	0
1	59012680	59034872	2
1	59034873	59036273	0
1	59036274	59134057	1
1	59134058	59139747	0
1	59139748	59159565	1
1	59159566	59160092	0
1	59160093	59276388	1
1	59276389	59296063	0
1	59296064	59392150	2
1	59392151	59521581	0
1	59521582	59526112	2
1	59526113	59555421	0
1	59555422	59675574	2
1	59675575	59678591	0
1	59678592	59709991	1
1	59709992	59724134	0
1	59724135	59758201	2
1	59758202	59802557	0
1	59802558	59918171	2
1	59918172	59952163	0
1	59952164	60024503	2
1	60024504	60028225	0
1	60028226	60082279	1
1	60082280	60108942	0
1	60108943	60137421	1
1	60137422	60137802	3
1	60137803	60193110	2
1	60193111	60219756	0
1	60219757	60377485	2
1	60377486	60382480	0
1	60382481	60427217	2
1	60427218	60448776	0
1	60448777	60520315	2
1	60520316	60521449	0
1	60521450	60606261	1
1	60606262	60785515	0
1	60785516	60812516	2
1	60812517	60948182	0
1	60948183	60954989	2
1	60954990	61017084	0
1	61017085	61039477	2
1	61039478	61677981	0
1	61677982	62681441	2
1	62681442	62742442	0
1	62742443	62857852	2
1	62857853	63086958	0
1	63086959	63153824	1
1	63153825	63182753	0
1	63182754	63215982	1
1	63215983	63215990	3
1	63215991	63219643	2
1	63219644	63221848	0
1	63221849	63253700	1
1	63253701	63312422	0
1	63312423	63353733	2
1	63353734	63485052	0
1	63485053	63635433	2
1	63635434	63655125	0
1	63655126	63659976	2
1	63659977	63662008	0
1	63662009	63726084	1
1	63726085	63737976	0
1	63737977	63769475	1
1	63769476	63769771	0
1	63769772	63793812	2
1	63793813	63794064	0
1	63794065	63808424	1
1	63808425	64068604	0
1	64068605	64161439	1
1	64161440	64571802	0
1	64571803	64643705	2
1	64643706	64645630	0
1	64645631	64656399	1
1	64656400	64729612	0
1	64729613	64764801	2
1	64764802	64769715	0
1	64769716	64776908	1
1	64776909	64828278	0
1	64828279	64995981	1
1	64995982	65051846	0
1	65051847	65071916	1
1	65071917	65087711	0
1	65087712	65090306	1
1	65090307	65101029	0
1	65101030	65102609	1
1	65102610	65110682	0
1	65110683	65112846	1
1	65112847	65119376	0
1	65119377	65121445	1
1	65121446	65139546	0
1	65139547	65162371	1
1	65162372	65197773	0
1	65197774	65225657	1
1	65225658	65225859	0
1	65225860	65317852	2
1	65317853	65321213	0
1	65321214	65428401	2
1	65428402	65965677	0
1	65965678	65967464	2
1	65967465	66214430	0
1	66214431	66481740	2
1	66481741	66507524	0
1	66507525	66738305	2
1	66738306	66739988	0
1	66739989	66758405	2
1	66758406	66758962	3
1	66758963	66856719	1
1	66856720	66869996	0
1	66869997	66902434	1
1	66902435	66963452	0
1	66963453	66984541	1
1	66984542	67039674	0
1	67039675	67078029	1
1	67078030	67162183	0
1	67162184	67270416	2
1	67270417	68071343	0
1	68071344	69147216	1
1	69147217	69570371	0
1	69570372	69726402	1
1	69726403	69866145	0
1	69866146	70764289	2
1	70764290	70764872	0
1	70764873	70924554	2
1	70924555	71066655	0
1	71066656	71142303	1
1	71142304	71281433	0
1	71281434	71454067	1
1	71454068	71596307	0
1	71596308	71618788	2
1	71618789	71624677	0
1	71624678	71692357	1
1	71692358	72198599	0
1	72198600	72251464	1
1	72251465	72298329	0
1	72298330	72323471	1
1	72323472	72323526	0
1	72323527	72342261	2
1	72342262	72346584	0
1	72346585	72434109	2
1	72434110	72466269	0
1	72466270	72576087	1
1	72576088	72622408	0
1	72622409	72672291	2
1	72672292	72682137	0
1	72682138	72739736	1
1	72739737	72750447	0
1	72750448	72752970	2
1	72752971	72863660	0
1	72863661	72891631	2
1	72891632	72897089	0
1	72897090	72914041	1
1	72914042	73054231	0
1	73054232	73055066	1
1	73055067	73949388	0
1	73949389	74163606	1
1	74163607	74164698	0
1	74164699	74187380	2
1	74187381	74193146	0
1	74193147	74200403	2
1	74200404	74230942	0
1	74230943	74233788	1
1	74233789	74275241	0
1	74275242	74307366	2
1	74307367	74317707	0
1	74317708	74318781	2
1	74318782	74318997	0
1	74318998	74323895	1
1	74323896	74324087	0
1	74324088	74327404	2
1	74327405	74343562	3
1	74343563	74392851	2
1	74392852	74401265	0
1	74401266	74408478	2
1	74408479	74414352	0
1	74414353	74425219	2
1	74425220	74430666	0
1	74430667	74436442	2
1	74436443	74448533	0
1	74448534	74474668	2
1	74474669	74474716	3
1	74474717	74545215	1
1	74545216	74569999	3
1	74570000	74582045	1
1	74582046	74583441	3
1	74583442	74604284	2
1	74604285	74606951	3
1	74606952	74627302	1
1	74627303	74627446	0
1	74627447	74631600	2
1	74631601	74632905	0
1	74632906	74640554	1
1	74640555	74640602	0
1	74640603	74676051	2
1	74676052	74700902	0
1	74700903	74742887	2
1	74742888	74752731	0
1	74752732	74777049	2
1	74777050	74778079	0
1	74778080	74788378	1
1	74788379	74811049	0
1	74811050	74824479	2
1	74824480	74830673	0
1	74830674	74843336	2
1	74843337	74894091	0
1	74894092	74896889	2
1	74896890	74920666	0
1	74920667	74924576	1
1	74924577	74929091	0
1	74929092	74932300	1
1	74932301	74941228	0
1	74941229	74974756	1
1	74974757	74984472	0
1	74984473	74990829	1
1	74990830	75006296	0
1	75006297	75101842	1
1	75101843	75102183	0
1	75102184	75110532	1
1	75110533	75111196	0
1	75111197	75119353	1
1	75119354	75119428	0
1	75119429	75124555	2
1	75124556	75145288	0
1	75145289	75148271	2
1	75148272	75148359	0
1	75148360	75157034	1
1	75157035	75157502	0
1	75157503	75168802	1
1	75168803	75168838	3
1	75168839	75175989	2
1	75175990	75176029	3
1	75176030	75187455	1
1	75187456	75187480	0
1	75187481	75190870	2
1	75190871	75192248	3
1	75192249	75196507	1
1	75196508	75196737	0
1	75196738	75208732	1
1	75208733	75213048	0
1	75213049	75222334	2
1	75222335	75223669	0
1	75223670	75241144	1
1	75241145	75248841	0
1	75248842	75255057	1
1	75255058	75284538	0
1	75284539	75294632	1
1	75294633	75336971	0
1	75336972	75345221	2
1	75345222	75351939	0
1	75351940	75408962	2
1	75408963	75412572	0
1	75412573	75419816	2
1	75419817	75427078	0
1	75427079	75450985	2
1	75450986	75451211	0
1	75451212	75455949	1
1	75455950	75456174	0
1	75456175	75462347	2
1	75462348	75462467	0
1	75462468	75483003	1
1	75483004	75483719	0
1	75483720	75487008	2
1	75487009	75498171	0
1	75498172	75513977	2
1	75513978	75522908	0
1	75522909	75538814	2
1	75538815	77343820	0
1	77343821	77491723	1
1	77491724	78077902	0
1	78077903	78173769	1
1	78173770	78286980	0
1	78286981	78394610	2
1	78394611	78396924	3
1	78396925	78465532	1
1	78465533	78473661	0
1	78473662	78487626	1
1	78487627	78488793	3
1	78488794	78514808	2
1	78514809	78635540	0
1	78635541	78685458	2
1	78685459	78794473	0
1	78794474	78797743	2
1	78797744	79412384	0
1	79412385	79417835	1
1	79417836	79584591	0
1	79584592	79649687	1
1	79649688	79679977	0
1	79679978	79753733	1
1	79753734	79753858	3
1	79753859	79759160	2
1	79759161	79771912	0
1	79771913	79838895	1
1	79838896	80176421	0
1	80176422	80191659	1
1	80191660	80242638	0
1	80242639	80318195	1
1	80318196	80427312	0
1	80427313	80439163	1
1	80439164	80478788	0
1	80478789	80736163	1
1	80736164	81054665	0
1	81054666	81319477	2
1	81319478	82210820	0
1	82210821	82210831	1
1	82210832	82213652	3
1	82213653	82269135	1
1	82269136	82294171	0
1	82294172	82423085	2
1	82423086	82426142	0
1	82426143	82564568	1
1	82564569	82564695	0
1	82564696	82699778	2
1	82699779	82702609	0
1	82702610	82730113	2
1	82730114	82734368	0
1	82734369	82746180	1
1	82746181	82748543	0
1	82748544	82748962	1
1	82748963	82817202	0
1	82817203	82878901	2
1	82878902	82891044	0
1	82891045	82891849	2
1	82891850	82902636	0
1	82902637	82903431	2
1	82903432	82908290	0
1	82908291	82909118	1
1	82909119	82920278	0
1	82920279	82921107	1
1	82921108	82932905	0
1	82932906	82933732	1
1	82933733	82938005	0
1	82938006	82938643	2
1	82938644	82978267	0
1	82978268	82979199	2
1	82979200	82990242	0
1	82990243	83016167	1
1	83016168	83019243	0
1	83019244	83020199	1
1	83020200	83022651	0
1	83022652	83023665	2
1	83023666	83036005	0
1	83036006	83037097	1
1	83037098	83038649	0
1	83038650	83039640	2
1	83039641	83094485	0
1	83094486	83096886	2
1	83096887	83137481	0
1	83137482	83188293	2
1	83188294	83231858	0
1	83231859	83385919	1
1	83385920	84014015	0
1	84014016	84341899	1
1	84341900	84347558	0
1	84347559	84673940	1
1	84673941	84698908	0
1	84698909	84817560	1
1	84817561	84818235	3
1	84818236	84878206	2
1	84878207	84883617	0
1	84883618	84912853	1
1	84912854	84936701	0
1	84936702	84942291	2
1	84942292	85005673	0
1	85005674	85006563	1
1	85006564	85060788	0
1	85060789	85087572	1
1	85087573	85089986	0
1	85089987	85177332	1
1	85177333	85191259	3
1	85191260	85248285	1
1	85248286	85411971	0
1	85411972	85412861	1
1	85412862	85454321	0
1	85454322	85479897	2
1	85479898	85503395	0
1	85503396	85504618	2
1	85504619	85505014	3
1	85505015	85526536	1
1	85526537	85528422	0
1	85528423	85572756	2
1	85572757	85577707	0
1	85577708	85637717	2
1	85637718	85644802	0
1	85644803	85706362	1
1	85706363	85721160	0
1	85721161	85779295	2
1	85779296	85822000	0
1	85822001	85836394	2
1	85836395	85856202	0
1	85856203	85866037	2
1	85866038	85868344	3
1	85868345	85888727	1
1	85888728	85945788	0
1	85945789	85957678	2
1	85957679	85973583	0
1	85973584	85983176	2
1	85983177	85992339	0
1	85992340	86026746	2
1	86026747	86039690	3
1	86039691	86066871	2
1	86066872	86082518	0
1	86082519	86206004	2
1	86206005	86230954	0
1	86230955	86235025	2
1	86235026	86272439	0
1	86272440	86287120	1
1	86287121	86314023	0
1	86314024	86353948	1
1	86353949	86354049	0
1	86354050	86355772	2
1	86355773	86454446	0
1	86454447	86458432	2
1	86458433	86470714	0
1	86470715	86510267	1
1	86510268	86510624	0
1	86510625	86537095	2
1	86537096	86594011	0
1	86594012	86598291	1
1	86598292	86631539	0
1	86631540	86977815	2
1	86977816	87014414	0
1	87014415	87017648	1
1	87017649	87025722	0
1	87025723	87029326	1
1	87029327	87052728	0
1	87052729	87055632	2
1	87055633	87075375	0
1	87075376	87084241	1
1	87084242	87111033	0
1	87111034	87116125	2
1	87116126	87118357	0
1	87118358	87127790	2
1	87127791	87132377	0
1	87132378	87140414	2
1	87140415	87141634	0
1	87141635	87168208	2
1	87168209	87192083	0
1	87192084	87238559	2
1	87238560	87254723	0
1	87254724	87314083	2
1	87314084	87322449	3
1	87322450	87378516	2
1	87378517	87397991	0
1	87397992	87403202	2
1	87403203	87404554	0
1	87404555	87437609	1
1	87437610	87438082	3
1	87438083	87501590	1
1	87501591	87525565	2
1	87525566	87548032	0
1	87548033	87648227	2
1	87648228	87683590	0
1	87683591	87720148	2
1	87720149	87731400	0
1	87731401	87772878	2
1	87772879	87781007	0
1	87781008	87872841	2
1	87872842	87872900	3
1	87872901	87936271	1
1	87936272	87983108	0
1	87983109	88132452	2
1	88132453	88133502	3
1	88133503	88147722	2
1	88147723	88154740	0
1	88154741	88190009	2
1	88190010	88190191	0
1	88190192	88205353	1
1	88205354	88231003	0
1	88231004	88317013	2
1	88317014	88334681	0
1	88334682	88354158	2
1	88354159	88427591	0
1	88427592	88437786	1
1	88437787	88600847	0
1	88600848	88629941	1
1	88629942	88998135	0
1	88998136	89082788	2
1	89082789	89382526	0
1	89382527	89825337	2
1	89825338	89855676	0
1	89855677	89858899	1
1	89858900	89877940	0
1	89877941	89942386	1
1	89942387	89969852	0
1	89969853	90081121	1
1	90081122	90131700	0
1	90131701	90144471	2
1	90144472	90530701	0
1	90530702	90541061	2
1	90541062	90693643	0
1	90693644	90771691	1
1	90771692	90842805	0
1	90842806	90878862	2
1	90878863	90880828	0
1	90880829	90881747	2
1	90881748	90885853	0
1	90885854	90897381	1
1	90897382	90926457	0
1	90926458	91056664	2
1	91056665	91072821	0
1	91072822	91098515	2
1	91098516	91107542	0
1	91107543	91152916	2
1	91152917	91178031	0
1	91178032	91218057	2
1	91218058	91226058	0
1	91226059	91248795	2
1	91248796	91249795	0
1	91249796	91276026	2
1	91276027	91278736	0
1	91278737	91290136	2
1	91290137	91294150	0
1	91294151	91301585	2
1	91301586	91301937	3
1	91301938	91326513	1
1	91326514	91339203	0
1	91339204	91340942	1
1	91340943	91343702	0
1	91343703	91387044	1
1	91387045	91422367	0
1	91422368	91457027	2
1	91457028	91468264	0
1	91468265	91487309	2
1	91487310	91729181	0
1	91729182	91775748	2
1	91775749	91856499	0
1	91856500	92108061	1
1	92108062	92366730	0
1	92366731	92401580	1
1	92401581	92403645	0
1	92403646	92412833	1
1	92412834	92416821	0
1	92416822	92423821	1
1	92423822	92434086	0
1	92434087	92446381	1
1	92446382	92499042	0
1	92499043	92502117	2
1	92502118	92513499	0
1	92513500	92519095	2
1	92519096	92522131	0
1	92522132	92525473	2
1	92525474	92533502	0
1	92533503	92542526	2
1	92542527	92545508	0
1	92545509	92551132	2
1	92551133	92564865	0
1	92564866	92569705	1
1	92569706	92571938	0
1	92571939	92576561	1
1	92576562	92759365	0
1	92759366	92787523	2
1	92787524	92788499	3
1	92788500	92830626	1
1	92830627	92834701	0
1	92834702	92836155	2
1	92836156	92838503	0
1	92838504	92848561	2
1	92848562	92862096	0
1	92862097	92875661	2
1	92875662	92878585	0
1	92878586	92914111	2
1	92914112	92934054	0
1	92934055	92939989	2
1	92939990	92943184	0
1	92943185	93029671	1
1	93029672	93062960	0
1	93062961	93073141	2
1	93073142	93079069	0
1	93079070	93088668	1
1	93088669	93096445	0
1	93096446	93158792	2
1	93158793	93163561	0
1	93163562	93226931	2
1	93226932	93228785	3
1	93228786	93233635	1
1	93233636	93236498	0
1	93236499	93270574	1
1	93270575	93271202	3
1	93271203	93301209	2
1	93301210	93301650	0
1	93301651	93332023	2
1	93332024	93333660	0
1	93333661	93406535	1
1	93406536	93406684	0
1	93406685	93437980	2
1	93437981	93439799	0
1	93439800	93547471	2
1	93547472	93549696	3
1	93549697	93586379	1
1	93586380	93613380	0
1	93613381	93623484	2
1	93623485	93629655	0
1	93629656	93679220	1
1	93679221	93682500	3
1	93682501	93718330	2
1	93718331	93720296	0
1	93720297	93729654	1
1	93729655	93731685	0
1	93731686	93749815	2
1	93749816	93752629	0
1	93752630	93780068	2
1	93780069	93789066	0
1	93789067	93804214	2
1	93804215	93846031	0
1	93846032	93870370	2
1	93870371	93918229	0
1	93918230	93944867	2
1	93944868	93948171	0
1	93948172	93956054	2
1	93956055	93966025	0
1	93966026	93980276	1
1	93980277	95241346	0
1	95241347	95263007	2
1	95263008	95515405	0
1	95515406	95595294	1
1	95595295	96743993	0
1	96743994	96799894	1
1	96799895	96986761	0
1	96986762	97056024	1
1	97056025	97534041	0
1	97534042	97589797	1
1	97589798	97633771	0
1	97633772	97697895	1
1	97697896	97698134	3
1	97698135	97721432	2
1	97721433	97722837	0
1	97722838	98023355	1
1	98023356	98348847	0
1	98348848	98437103	2
1	98437104	99700488	0
1	99700489	100413665	2
1	100413666	104696252	0
1	104696253	104923204	2
1	104923205	105204637	0
1	105204638	105284433	1
1	105284434	105446145	0
1	105446146	105591385	1
1	105591386	105591606	0
1	105591607	105682914	2
1	105682915	105708441	0
1	105708442	105775707	2
1	105775708	105918134	0
1	105918135	105961802	2
1	105961803	106099480	0
1	106099481	106321978	2
1	106321979	106465906	0
1	106465907	106642002	1
1	106642003	106648187	0
1	106648188	106687455	1
1	106687456	106691799	0
1	106691800	106724456	1
1	106724457	106788901	0
1	106788902	106811076	2
1	106811077	106862177	0
1	106862178	106884808	2
1	106884809	106908712	0
1	106908713	106928923	2
1	106928924	106973315	0
1	106973316	106980031	1
1	106980032	107005895	0
1	107005896	107011234	1
1	107011235	107081668	0
1	107081669	107206099	1
1	107206100	107288926	0
1	107288927	107308203	2
1	107308204	107327383	0
1	107327384	107380417	2
1	107380418	107439151	0
1	107439152	107453326	2
1	107453327	107517734	0
1	107517735	107538212	2
1	107538213	109910159	0
1	109910160	110067885	2
1	110067886	110816054	0
1	110816055	110905091	1
1	110905092	111786434	0
1	111786435	111792646	1
1	111792647	115612484	0
1	115612485	116515051	2
1	116515052	116730711	0
1	116730712	116751138	2
1	116751139	117624859	0
1	117624860	117655169	2
1	117655170	117708861	0
1	117708862	117731087	2
1	117731088	117757809	0
1	117757810	117782224	2
1	117782225	117855743	0
1	117855744	117877716	2
1	117877717	117893667	0
1	117893668	117914612	2
1	117914613	118104270	0
1	118104271	118130035	2
1	118130036	118222506	0
1	118222507	118239144	1
1	118239145	118249567	0
1	118249568	118261550	2
1	118261551	118316786	0
1	118316787	118540406	2
1	118540407	118555674	0
1	118555675	118612896	2
1	118612897	118761860	0
1	118761861	118981347	1
1	118981348	119343193	0
1	119343194	119349976	1
1	119349977	119398033	0
1	119398034	119432522	1
1	119432523	119453888	0
1	119453889	119456711	2
1	119456712	119472765	0
1	119472766	119576728	1
1	119576729	119580195	0
1	119580196	119765341	1
1	119765342	119835618	0
1	119835619	119840936	1
1	119840937	119851069	0
1	119851070	119924962	1
1	119924963	119934622	0
1	119934623	119991264	2
1	119991265	119995105	0
1	119995106	120001802	1
1	120001803	120041008	0
1	120041009	120048806	1
1	120048807	120048915	0
1	120048916	120115917	2
1	120115918	120118485	0
1	120118486	120200433	1
1	120200434	120268310	0
1	120268311	120270901	2
1	120270902	120402265	0
1	120402266	120432751	1
1	120432752	120530145	0
1	120530146	120535719	2
1	120535720	121232080	0
1	121232081	121260316	1
1	121260317	121358776	0
1	121358777	121434187	2
1	121434188	121437569	0
1	121437570	121456192	1
1	121456193	121481562	0
1	121481563	121495716	1
1	121495717	123249198	0
1	123249199	124773774	1
1	124773775	125320640	0
1	125320641	125363462	1
1	125363463	125488330	0
1	125488331	125523555	2
1	125523556	125604730	0
1	125604731	125795357	2
1	125795358	125801597	3
1	125801598	125840836	1
1	125840837	125841355	0
1	125841356	126758534	1
1	126758535	127132753	0
1	127132754	127414293	2
1	127414294	127416071	3
1	127416072	127607283	1
1	127607284	127657148	0
1	127657149	127695713	2
1	127695714	127701899	0
1	127701900	127735796	2
1	127735797	127742526	0
1	127742527	127782766	1
1	127782767	127796508	0
1	127796509	127871603	2
1	127871604	127881919	0
1	127881920	128030736	1
1	128030737	128031056	0
1	128031057	128165471	2
1	128165472	128171699	0
1	128171700	128207113	2
1	128207114	128212491	0
1	128212492	128256053	1
1	128256054	128259325	0
1	128259326	128287399	1
1	128287400	128291442	0
1	128291443	128345103	1
1	128345104	128515934	0
1	128515935	128520028	1
1	128520029	129201079	0
1	129201080	130147013	2
1	130147014	130316272	0
1	130316273	130350744	1
1	130350745	130366762	0
1	130366763	130390479	1
1	130390480	130504448	0
1	130504449	130557356	1
1	130557357	130562508	0
1	130562509	130589367	1
1	130589368	130616917	0
1	130616918	130645062	1
1	130645063	130652093	3
1	130652094	130656988	1
1	130656989	130659711	0
1	130659712	130672357	2
1	130672358	130728637	0
1	130728638	130742475	2
1	130742476	130754419	0
1	130754420	130779984	2
1	130779985	130793404	0
1	130793405	130808526	2
1	130808527	130809809	0
1	130809810	130815189	1
1	130815190	130834720	0
1	130834721	130839186	1
1	130839187	130860391	0
1	130860392	130867850	1
1	130867851	130947580	0
1	130947581	130952709	2
1	130952710	130981435	0
1	130981436	131025561	1
1	131025562	131055190	0
1	131055191	131066075	1
1	131066076	131080916	0
1	131080917	131104145	2
1	131104146	131108141	3
1	131108142	131172993	1
1	131172994	131182332	0
1	131182333	131207342	1
1	131207343	131212987	0
1	131212988	131455083	1
1	131455084	131455639	0
1	131455640	131467608	2
1	131467609	131526975	0
1	131526976	131539736	2
1	131539737	131566042	0
1	131566043	131603241	2
1	131603242	131616431	0
1	131616432	131643175	2
1	131643176	131671758	0
1	131671759	131699240	2
1	131699241	131725117	0
1	131725118	131749209	2
1	131749210	131755713	0
1	131755714	131776601	2
1	131776602	131794960	0
1	131794961	131800623	2
1	131800624	131838270	0
1	131838271	131864057	2
1	131864058	131890703	0
1	131890704	131910705	2
1	131910706	131935343	0
1	131935344	131950542	2
1	131950543	131954184	3
1	131954185	131995701	1
1	131995702	132039973	0
1	132039974	132067420	1
1	132067421	132119167	0
1	132119168	132156784	2
1	132156785	132157503	3
1	132157504	132186963	2
1	132186964	132226362	0
1	132226363	132235093	2
1	132235094	132243862	0
1	132243863	132261224	2
1	132261225	132284051	0
1	132284052	132319017	1
1	132319018	132345291	0
1	132345292	132394694	2
1	132394695	132405101	0
1	132405102	132433395	2
1	132433396	132433966	0
1	132433967	132436375	2
1	132436376	132439518	0
1	132439519	132470992	1
1	132470993	132492426	0
1	132492427	132669533	1
1	132669534	132808009	0
1	132808010	132867741	2
1	132867742	132887220	0
1	132887221	132958297	1
1	132958298	132973403	0
1	132973404	133036423	2
1	133036424	133058879	0
1	133058880	133067519	2
1	133067520	133091946	0
1	133091947	133231171	2
1	133231172	133237536	0
1	133237537	133257637	2
1	133257638	133278246	0
1	133278247	133288061	2
1	133288062	133291308	0
1	133291309	133308072	2
1	133308073	133310039	0
1	133310040	133352113	1
1	133352114	133531607	0
1	133531608	133538027	1
1	133538028	133547598	0
1	133547599	133589116	1
1	133589117	133606827	0
1	133606828	133617844	1
1	133617845	133627193	0
1	133627194	133728777	1
1	133728778	133824935	0
1	133824936	133835735	1
1	133835736	133838040	0
1	133838041	133849150	1
1	133849151	133964990	0
1	133964991	133976013	2
1	133976014	134002906	0
1	134002907	134006856	1
1	134006857	134038978	0
1	134038979	134079276	2
1	134079277	134109912	0
1	134109913	134117917	2
1	134117918	134121184	0
1	134121185	134126959	2
1	134126960	134128967	3
1	134128968	134128968	2
1	134128969	134163167	1
1	134163168	134217725	0
1	134217726	134220284	2
1	134220285	134224519	0
1	134224520	134260664	1
1	134260665	134273833	0
1	134273834	134289715	1
1	134289716	134313676	0
1	134313677	134318717	2
1	134318718	134333517	0
1	134333518	134339476	2
1	134339477	134343114	0
1	134343115	134361087	2
1	134361088	134383267	0
1	134383268	134418754	2
1	134418755	134422384	0
1	134422385	134436510	2
1	134436511	134468677	0
1	134468678	134477418	1
1	134477419	134487907	0
1	134487908	134563021	2
1	134563022	134574413	0
1	134574414	134680885	2
1	134680886	134682394	0
1	134682395	134883678	1
1	134883679	134890301	0
1	134890302	134901898	2
1	134901899	134911037	0
1	134911038	135033012	1
1	135033013	135060436	0
1	135060437	135073053	2
1	135073054	135074560	0
1	135074561	135084005	2
1	135084006	135087970	0
1	135087971	135095417	1
1	135095418	135181311	0
1	135181312	135186304	1
1	135186305	135190448	0
1	135190449	135211820	1
1	135211821	135222949	0
1	135222950	135241514	1
1	135241515	135252543	0
1	135252544	135295801	2
1	135295802	135298793	0
1	135298794	135302973	1
1	135302974	135310048	0
1	135310049	135358235	1
1	135358236	135362316	0
1	135362317	135615841	1
1	135615842	135647797	0
1	135647798	135679968	2
1	135679969	135693855	0
1	135693856	135696872	2
1	135696873	135710801	0
1	135710802	135738725	2
1	135738726	135746334	0
1	135746335	135761078	2
1	135761079	135764090	0
1	135764091	135779996	2
1	135779997	135799131	0
1	135799132	135846943	1
1	135846944	135881321	0
1	135881322	135934078	1
1	135934079	135935886	0
1	135935887	135963078	2
1	135963079	135978540	0
1	135978541	135979106	2
1	135979107	135980486	0
1	135980487	136047558	2
1	136047559	136059125	0
1	136059126	136105734	2
1	136105735	136109522	0
1	136109523	136140564	1
1	136140565	136141267	0
1	136141268	136162000	1
1	136162001	136187533	0
1	136187534	136188609	1
1	136188610	136195859	0
1	136195860	136273840	1
1	136273841	136343007	0
1	136343008	136367894	2
1	136367895	136395671	0
1	136395672	136459247	2
1	136459248	136552637	0
1	136552638	136557789	2
1	136557790	136770307	0
1	136770308	136888184	1
1	136888185	137991143	0
1	137991144	138103042	1
1	138103043	138201474	0
1	138201475	138217198	2
1	138217199	138410611	0
1	138410612	138547877	1
1	138547878	138752922	0
1	138752923	138776313	1
1	138776314	138779719	0
1	138779720	138784588	1
1	138784589	138891171	0
1	138891172	139103779	2
1	139103780	139124792	0
1	139124793	139304836	1
1	139304837	139350024	0
1	139350025	139380741	2
1	139380742	139382508	0
1	139382509	139421827	2
1	139421828	139429438	0
1	139429439	139451488	2
1	139451489	139474789	0
1	139474790	139488008	1
1	139488009	139625359	0
1	139625360	139708979	1
1	139708980	139731903	0
1	139731904	139786454	1
1	139786455	140012444	0
1	140012445	140111147	1
1	140111148	140173894	0
1	140173895	140539803	2
1	140539804	143474536	0
1	143474537	143516400	1
1	143516401	143530350	3
1	143530351	143578629	1
1	143578630	143614765	0
1	143614766	143625412	2
1	143625413	143626526	0
1	143626527	143652804	1
1	143652805	143653008	0
1	143653009	143683202	2
1	143683203	143875074	0
1	143875075	143879897	1
1	143879898	144014390	0
1	144014391	144053108	1
1	144053109	144118032	0
1	144118033	144124978	1
1	144124979	144394345	0
1	144394346	144427300	1
1	144427301	144628419	0
1	144628420	144651171	1
1	144651172	146370496	0
1	146370497	146778208	2
1	146778209	149705367	0
1	149705368	149837039	1
1	149837040	149975780	0
1	149975781	149983976	2
1	149983977	150195166	0
1	150195167	150209655	2
1	150209656	150237054	0
1	150237055	150268587	1
1	150268588	150268829	3
1	150268830	150325161	2
1	150325162	150325564	3
1	150325565	150325565	2
1	150325566	150325684	3
1	150325685	150341914	1
1	150341915	150438273	0
1	150438274	150868800	1
1	150868801	151058286	0
1	151058287	151059992	2
1	151059993	151068125	0
1	151068126	151069803	2
1	151069804	151074197	0
1	151074198	151075099	2
1	151075100	151079870	0
1	151079871	151080814	2
1	151080815	151085880	0
1	151085881	151086821	2
1	151086822	151220226	0
1	151220227	151240171	2
1	151240172	151243448	0
1	151243449	151304204	1
1	151304205	151304291	0
1	151304292	151333753	2
1	151333754	151333910	3
1	151333911	151376704	1
1	151376705	151446935	0
1	151446936	151597688	2
1	151597689	151631120	0
1	151631121	151697800	2
1	151697801	151760273	0
1	151760274	151965874	1
1	151965875	152246484	0
1	152246485	152262431	1
1	152262432	152275579	0
1	152275580	152386444	2
1	152386445	152392509	0
1	152392510	152626300	1
1	152626301	152633293	3
1	152633294	152642100	1
1	152642101	152642291	0
1	152642292	152651346	2
1	152651347	152675943	0
1	152675944	152712740	2
1	152712741	152712744	0
1	152712745	152778395	1
1	152778396	152830747	0
1	152830748	152995005	2
1	152995006	152998500	0
1	152998501	153062191	1
1	153062192	153094666	0
1	153094667	153208530	1
1	153208531	153300906	0
1	153300907	153328318	2
1	153328319	153331502	0
1	153331503	153363404	1
1	153363405	153378759	0
1	153378760	153425789	1
1	153425790	153528769	0
1	153528770	153576067	2
1	153576068	153616093	0
1	153616094	153621212	2
1	153621213	153625170	0
1	153625171	153639965	2
1	153639966	153655125	0
1	153655126	153719886	1
1	153719887	153725286	0
1	153725287	153750089	1
1	153750090	153752615	3
1	153752616	153767486	1
1	153767487	153768802	3
1	153768803	153775688	1
1	153775689	153775952	3
1	153775953	153785467	2
1	153785468	154076931	0
1	154076932	154081433	2
1	154081434	154266475	0
1	154266476	154739811	1
1	154739812	154972105	0
1	154972106	154975380	1
1	154975381	155003622	0
1	155003623	155022527	1
1	155022528	155034459	0
1	155034460	155084000	2
1	155084001	155088215	0
1	155088216	155120188	1
1	155120189	155151445	0
1	155151446	155293159	1
1	155293160	155433864	0
1	155433865	155567074	2
1	155567075	155573775	0
1	155573776	155627428	1
1	155627429	155653902	0
1	155653903	155688633	1
1	155688634	155720708	0
1	155720709	155848999	1
1	155849000	155880343	0
1	155880344	155911147	1
1	155911148	155912171	3
1	155912172	155912224	1
1	155912225	155944605	2
1	155944606	155951710	0
1	155951711	156032594	1
1	156032595	156082864	0
1	156082865	156131232	1
1	156131233	156138295	0
1	156138296	156151077	2
1	156151078	156155603	3
1	156155604	156193608	1
1	156193609	156194052	3
1	156194053	156248727	1
1	156248728	156252093	0
1	156252094	156301899	1
1	156301900	156386354	0
1	156386355	156477136	2
1	156477137	156481185	0
1	156481186	156501924	1
1	156501925	156506100	0
1	156506101	156546654	1
1	156546655	156631734	0
1	156631735	156666130	1
1	156666131	156688646	3
1	156688647	156767194	1
1	156767195	156926707	0
1	156926708	156936248	1
1	156936249	156962750	0
1	156962751	157240163	1
1	157240164	157286145	0
1	157286146	157316628	2
1	157316629	157334296	0
1	157334297	157395993	2
1	157395994	158072837	0
1	158072838	158183894	1
1	158183895	158189841	0
1	158189842	158519349	2
1	158519350	158539295	0
1	158539296	158785935	1
1	158785936	159059894	0
1	159059895	159175208	2
1	159175209	159351337	0
1	159351338	159759297	2
1	159759298	159871952	0
1	159871953	159907776	2
1	159907777	159912597	0
1	159912598	159981148	1
1	159981149	160022783	0
1	160022784	160029738	2
1	160029739	160029935	0
1	160029936	160040443	1
1	160040444	160046742	0
1	160046743	160620779	1
1	160620780	160733986	0
1	160733987	160802546	2
1	160802547	160806214	0
1	160806215	160830490	2
1	160830491	160833431	3
1	160833432	160862417	1
1	160862418	160868169	0
1	160868170	160898226	1
1	160898227	160898281	0
1	160898282	160914288	2
1	160914289	160915943	0
1	160915944	160959079	1
1	160959080	160970259	0
1	160970260	160982126	2
1	160982127	160986882	3
1	160986883	160998066	2
1	160998067	161067680	0
1	161067681	161078787	1
1	161078788	161222978	0
1	161222979	161245979	2
1	161245980	161322222	0
1	161322223	161332857	2
1	161332858	161608256	0
1	161608257	161616062	1
1	161616063	161643681	0
1	161643682	161704249	1
1	161704250	161769653	0
1	161769654	161796753	1
1	161796754	161801002	3
1	161801003	161807203	1
1	161807204	161810020	0
1	161810021	162305601	1
1	162305602	162359694	0
1	162359695	162376118	1
1	162376119	162398082	0
1	162398083	162426651	2
1	162426652	162466722	0
1	162466723	162474760	2
1	162474761	162477260	3
1	162477261	162485786	1
1	162485787	162498292	0
1	162498293	162568123	1
1	162568124	162620755	0
1	162620756	162641539	1
1	162641540	162657128	0
1	162657129	162694177	1
1	162694178	162701884	0
1	162701885	162726279	1
1	162726280	162744290	0
1	162744291	162764785	1
1	162764786	162781367	0
1	162781368	162812094	1
1	162812095	162851869	0
1	162851870	162913237	1
1	162913238	163072686	0
1	163072687	163141277	1
1	163141278	163212475	0
1	163212476	163231236	1
1	163231237	163529823	0
1	163529824	163552799	1
1	163552800	163607150	0
1	163607151	163744676	2
1	163744677	163756667	0
1	163756668	163773560	2
1	163773561	163782269	3
1	163782270	163782693	2
1	163782694	163822363	1
1	163822364	163822456	0
1	163822457	163824810	2
1	163824811	163875801	0
1	163875802	163885244	2
1	163885245	163889549	0
1	163889550	163911748	2
1	163911749	163942831	0
1	163942832	163977593	2
1	163977594	163979405	0
1	163979406	164047844	2
1	164047845	164076613	0
1	164076614	164092952	2
1	164092953	164103152	0
1	164103153	164115414	2
1	164115415	164117367	0
1	164117368	164135056	1
1	164135057	164135239	0
1	164135240	164264676	2
1	164264677	164264867	3
1	164264868	164285922	1
1	164285923	164624211	0
1	164624212	164651833	2
1	164651834	164759211	0
1	164759212	164763094	1
1	164763095	164965422	0
1	164965423	164988340	1
1	164988341	165001904	0
1	165001905	165022005	1
1	165022006	165039853	0
1	165039854	165064510	1
1	165064511	165123356	0
1	165123357	165154312	2
1	165154313	165156265	0
1	165156266	165288032	1
1	165288033	165288604	0
1	165288605	165308781	2
1	165308782	165312750	0
1	165312751	165404341	2
1	165404342	165419807	0
1	165419808	165462105	1
1	165462106	165474083	0
1	165474084	165536960	1
1	165536961	165591313	0
1	165591314	165602875	2
1	165602876	165616248	0
1	165616249	165692721	2
1	165692722	165698720	3
1	165698721	165830245	1
1	165830246	165925715	0
1	165925716	165955489	1
1	165955490	165957805	0
1	165957806	165994077	2
1	165994078	166028768	0
1	166028769	166066314	1
1	166066315	166081706	0
1	166081707	166144390	2
1	166144391	166206664	0
1	166206665	166212189	2
1	166212190	166221188	3
1	166221189	166237430	1
1	166237431	166311180	0
1	166311181	166325155	1
1	166325156	166456538	0
1	166456539	166475260	1
1	166475261	166489622	0
1	166489623	166509412	1
1	166509413	166828984	0
1	166828985	166918869	2
1	166918870	167050450	0
1	167050451	167112887	1
1	167112888	167135945	0
1	167135946	167158352	2
1	167158353	167177558	0
1	167177559	167196099	2
1	167196100	167199533	0
1	167199534	167221408	1
1	167221409	167273236	0
1	167273237	167294347	1
1	167294348	167425951	0
1	167425952	167467190	2
1	167467191	167516804	0
1	167516805	167676308	2
1	167676309	167946931	0
1	167946932	168259837	1
1	168259838	169325501	0
1	169325502	169359031	1
1	169359032	169483068	0
1	169483069	169523380	2
1	169523381	169569044	0
1	169569045	169575209	1
1	169575210	169756215	0
1	169756216	169762220	2
1	169762221	169777102	0
1	169777103	169796808	1
1	169796809	169799874	0
1	169799875	169938296	1
1	169938297	169969505	0
1	169969506	170002524	1
1	170002525	170020987	0
1	170020988	170042964	1
1	170042965	170060316	0
1	170060317	170081175	2
1	170081176	170104887	0
1	170104888	170114336	2
1	170114337	170125766	0
1	170125767	170133899	1
1	170133900	170136370	0
1	170136371	170139692	2
1	170139693	170145026	0
1	170145027	170417428	1
1	170417429	170472099	0
1	170472100	170510356	2
1	170510357	170532241	0
1	170532242	170695338	1
1	170695339	170701755	0
1	170701756	170712632	1
1	170712633	170712766	3
1	170712767	170713107	1
1	170713108	170713448	2
1	170713449	170734840	0
1	170734841	170740508	1
1	170740509	170745143	0
1	170745144	170755150	1
1	170755151	170786184	0
1	170786185	170804114	1
1	170804115	170846487	0
1	170846488	170857328	2
1	170857329	170878742	0
1	170878743	170892502	1
1	170892503	170941485	0
1	170941486	170954534	2
1	170954535	170954732	0
1	170954733	170978170	1
1	170978171	170978278	0
1	170978279	170988697	2
1	170988698	171000829	0
1	171000830	171023835	1
1	171023836	171041537	0
1	171041538	171043578	2
1	171043579	171046412	3
1	171046413	171048268	2
1	171048269	171050081	1
1	171050082	171052621	0
1	171052622	171053946	2
1	171053947	171057139	0
1	171057140	171061932	1
1	171061933	171062420	0
1	171062421	171077988	1
1	171077989	171078818	3
1	171078819	171078955	1
1	171078956	171088204	2
1	171088205	171097896	0
1	171097897	171104467	2
1	171104468	171104563	0
1	171104564	171108758	1
1	171108759	171109517	0
1	171109518	171115562	1
1	171115563	171116134	0
1	171116135	171122595	1
1	171122596	171156711	0
1	171156712	171165574	2
1	171165575	171169897	3
1	171169898	171173212	1
1	171173213	171173236	0
1	171173237	171186012	2
1	171186013	171186820	3
1	171186821	171188364	1
1	171188365	171197665	0
1	171197666	171216164	2
1	171216165	171216520	0
1	171216521	171237806	2
1	171237807	171238879	0
1	171238880	171247918	2
1	171247919	171265101	0
1	171265102	171292169	2
1	171292170	171331044	0
1	171331045	171332316	2
1	171332317	171345688	0
1	171345689	171362860	1
1	171362861	171386759	0
1	171386760	171412884	2
1	171412885	171416190	0
1	171416191	171434976	1
1	171434977	171459969	0
1	171459970	171480601	1
1	171480602	171509575	0
1	171509576	171532824	2
1	171532825	171594693	0
1	171594694	171628750	2
1	171628751	171667263	0
1	171667264	171718283	2
1	171718284	171723229	0
1	171723230	171725802	2
1	171725803	171745080	0
1	171745081	171780735	2
1	171780736	171828525	0
1	171828526	171856009	1
1	171856010	171879857	0
1	171879858	171885138	1
1	171885139	171893578	0
1	171893579	171910094	1
1	171910095	171910360	3
1	171910361	171949895	2
1	171949896	171954320	0
1	171954321	171964058	2
1	171964059	171975683	0
1	171975684	172024293	2
1	172024294	172024570	3
1	172024571	172034369	1
1	172034370	172037459	0
1	172037460	172047433	1
1	172047434	172051078	0
1	172051079	172085979	1
1	172085980	172089206	0
1	172089207	172099274	2
1	172099275	172125629	3
1	172125630	172147406	2
1	172147407	172148066	0
1	172148067	172156883	1
1	172156884	172168775	0
1	172168776	172201650	2
1	172201651	172204111	0
1	172204112	172211664	2
1	172211665	172302923	0
1	172302924	172306140	2
1	172306141	172309353	0
1	172309354	172326443	2
1	172326444	172327612	0
1	172327613	172334945	2
1	172334946	172348609	0
1	172348610	172373435	2
1	172373436	172383503	0
1	172383504	172391282	2
1	172391283	172409323	0
1	172409324	172418133	1
1	172418134	172424207	0
1	172424208	172430116	1
1	172430117	172458329	0
1	172458330	172460527	1
1	172460528	172525620	0
1	172525621	172527527	2
1	172527528	172721526	0
1	172721527	172722606	1
1	172722607	172777974	0
1	172777975	172785922	2
1	172785923	172955614	0
1	172955615	172964939	1
1	172964940	173009418	0
1	173009419	173018205	1
1	173018206	173025373	0
1	173025374	173033901	2
1	173033902	173039957	0
1	173039958	173046148	2
1	173046149	173048849	0
1	173048850	173054779	1
1	173054780	173093566	0
1	173093567	173101559	2
1	173101560	173101947	0
1	173101948	173105342	1
1	173105343	173159455	0
1	173159456	173178443	1
1	173178444	173195259	3
1	173195260	173293604	2
1	173293605	173296049	0
1	173296050	173318605	1
1	173318606	173347281	0
1	173347282	173363521	1
1	173363522	173393847	0
1	173393848	173426838	1
1	173426839	173458481	0
1	173458482	173475492	2
1	173475493	173501244	0
1	173501245	173525959	2
1	173525960	173550991	0
1	173550992	173569311	1
1	173569312	173574857	0
1	173574858	173594483	1
1	173594484	173684784	0
1	173684785	173707869	1
1	173707870	173723909	0
1	173723910	173740610	1
1	173740611	173747971	0
1	173747972	173770236	1
1	173770237	173790132	0
1	173790133	173810308	1
1	173810309	173839562	0
1	173839563	173859319	1
1	173859320	173868269	0
1	173868270	173871975	2
1	173871976	173876769	0
1	173876770	173882316	2
1	173882317	173894169	0
1	173894170	173899837	2
1	173899838	173911895	0
1	173911896	173918907	2
1	173918908	173924455	0
1	173924456	173930788	2
1	173930789	173940775	0
1	173940776	173948726	1
1	173948727	173959081	0
1	173959082	173965821	2
1	173965822	173983197	0
1	173983198	173989759	2
1	173989760	174000340	0
1	174000341	174076014	2
1	174076015	174076078	0
1	174076079	174079625	1
1	174079626	174158082	0
1	174158083	174160437	2
1	174160438	174192686	0
1	174192687	174202036	2
1	174202037	174218610	0
1	174218611	174219619	2
1	174219620	174251628	0
1	174251629	174262311	2
1	174262312	174269646	0
1	174269647	174278841	2
1	174278842	174329389	0
1	174329390	174650293	2
1	174650294	174661349	0
1	174661350	174749383	1
1	174749384	174886651	0
1	174886652	175320064	1
1	175320065	175427938	0
1	175427939	175453199	1
1	175453200	175459560	0
1	175459561	175489680	2
1	175489681	175489985	0
1	175489986	175520465	1
1	175520466	175526157	0
1	175526158	175643298	2
1	175643299	175708145	0
1	175708146	175741053	2
1	175741054	175747893	0
1	175747894	175749789	2
1	175749790	175789870	0
1	175789871	176102862	1
1	176102863	176561217	0
1	176561218	176641631	1
1	176641632	176642224	0
1	176642225	176847637	2
1	176847638	176848001	3
1	176848002	177085767	1
1	177085768	177269915	0
1	177269916	177278328	2
1	177278329	177557378	0
1	177557379	177580888	2
1	177580889	177590526	0
1	177590527	177624075	1
1	177624076	177635995	0
1	177635996	177790242	2
1	177790243	177818999	0
1	177819000	178000268	2
1	178000269	178014981	0
1	178014982	178084865	2
1	178084866	178146693	0
1	178146694	178150256	2
1	178150257	178151906	0
1	178151907	178165360	1
1	178165361	178233666	0
1	178233667	178312076	2
1	178312077	178356688	0
1	178356689	178766763	2
1	178766764	178779523	0
1	178779524	179345604	1
1	179345605	179355618	0
1	179355619	179373830	1
1	179373831	179373933	0
1	179373934	179455041	2
1	179455042	179495773	0
1	179495774	179514752	2
1	179514753	179522860	0
1	179522861	179631243	1
1	179631244	179788035	0
1	179788036	179992801	2
1	179992802	179993166	3
1	179993167	180027165	1
1	180027166	180054567	0
1	180054568	180091001	1
1	180091002	180158048	0
1	180158049	180252365	2
1	180252366	180259950	0
1	180259951	180311067	1
1	180311068	180396492	0
1	180396493	180428817	2
1	180428818	180468713	0
1	180468714	180518257	2
1	180518258	180520606	0
1	180520607	180524597	1
1	180524598	180553606	0
1	180553607	180581767	2
1	180581768	180628395	0
1	180628396	180641506	1
1	180641507	180678690	0
1	180678691	180695676	2
1	180695677	180720671	0
1	180720672	180726666	2
1	180726667	180731856	0
1	180731857	180735651	2
1	180735652	180762585	0
1	180762586	180765963	2
1	180765964	180769907	0
1	180769908	180802675	2
1	180802676	180803773	0
1	180803774	180848467	1
1	180848468	180878800	0
1	180878801	180888230	2
1	180888231	180914701	0
1	180914702	180971767	1
1	180971768	180972256	0
1	180972257	180996557	2
1	180996558	181000791	0
1	181000792	181039564	1
1	181039565	181180191	0
1	181180192	181288204	2
1	181288205	181337196	0
1	181337197	181339014	1
1	181339015	181404122	0
1	181404123	181642304	2
1	181642305	181642898	0
1	181642899	181670609	1
1	181670610	181723947	0
1	181723948	181847553	1
1	181847554	181952300	0
1	181952301	181959970	2
1	181959971	181982267	0
1	181982268	181992049	1
1	181992050	182103335	0
1	182103336	182110367	1
1	182110368	182140665	0
1	182140666	182169181	1
1	182169182	182236735	0
1	182236736	182289995	2
1	182289996	182294823	0
1	182294824	182345087	1
1	182345088	182392570	0
1	182392571	182459915	2
1	182459916	182574689	0
1	182574690	182576743	1
1	182576744	182591423	0
1	182591424	182724154	2
1	182724155	182782351	0
1	182782352	182804008	2
1	182804009	182867828	0
1	182867829	183003084	1
1	183003085	183057914	0
1	183057915	183078591	1
1	183078592	183078798	3
1	183078799	183106329	2
1	183106330	183107680	0
1	183107681	183150892	1
1	183150893	183170323	0
1	183170324	183191018	2
1	183191019	183199391	0
1	183199392	183217715	2
1	183217716	183745497	0
1	183745498	183765227	2
1	183765228	183766193	3
1	183766194	183807831	2
1	183807832	184459335	0
1	184459336	184464814	1
1	184464815	184518962	0
1	184518963	184543508	1
1	184543509	184545263	0
1	184545264	184578646	1
1	184578647	184604121	0
1	184604122	184615413	1
1	184615414	184628984	0
1	184628985	184731765	1
1	184731766	184936312	0
1	184936313	185016921	2
1	185016922	185018954	3
1	185018955	185061591	1
1	185061592	185064344	0
1	185064345	185089972	2
1	185089973	185095239	0
1	185095240	185160555	2
1	185160556	185187043	0
1	185187044	185200957	2
1	185200958	185819926	0
1	185819927	185849505	1
1	185849506	186354987	0
1	186354988	186438184	1
1	186438185	186453173	0
1	186453174	186481553	1
1	186481554	186699611	0
1	186699612	186702822	2
1	186702823	186776843	0
1	186776844	186947660	1
1	186947661	186947706	0
1	186947707	187083899	2
1	187083900	187340986	0
1	187340987	187947080	2
1	187947081	187995229	0
1	187995230	188697236	2
1	188697237	188703290	0
1	188703291	188740035	1
1	188740036	188940125	0
1	188940126	189134413	1
1	189134414	189372801	0
1	189372802	189420281	1
1	189420282	189460463	0
1	189460464	189608890	2
1	189608891	189612687	0
1	189612688	189654558	1
1	189654559	189850230	0
1	189850231	189902909	1
1	189902910	190505074	0
1	190505075	190643965	1
1	190643966	190657307	0
1	190657308	190679157	2
1	190679158	190679841	0
1	190679842	190711491	1
1	190711492	190738042	0
1	190738043	190758353	1
1	190758354	190768834	0
1	190768835	190775137	2
1	190775138	190778021	0
1	190778022	190795127	1
1	190795128	190795207	0
1	190795208	190818669	2
1	190818670	190830520	0
1	190830521	190841138	2
1	190841139	190894779	0
1	190894780	190897012	1
1	190897013	190902491	0
1	190902492	190950234	1
1	190950235	191038984	0
1	191038985	191050389	1
1	191050390	191058107	0
1	191058108	191083109	2
1	191083110	191084170	0
1	191084171	191129236	1
1	191129237	191269475	0
1	191269476	191307654	1
1	191307655	191307746	0
1	191307747	191355798	2
1	191355799	191449944	0
1	191449945	191516365	2
1	191516366	191553554	0
1	191553555	191565160	2
1	191565161	191638877	0
1	191638878	191645357	2
1	191645358	191709329	0
1	191709330	191720242	2
1	191720243	191729166	0
1	191729167	191776866	1
1	191776867	191782844	0
1	191782845	191822357	1
1	191822358	191873080	0
1	191873081	192179017	2
1	192179018	192192465	3
1	192192466	192453529	1
1	192453530	192526794	0
1	192526795	192538062	1
1	192538063	192573539	0
1	192573540	192718081	1
1	192718082	192773410	0
1	192773411	192812578	1
1	192812579	192835417	0
1	192835418	192857759	2
1	192857760	192860138	3
1	192860139	192883853	1
1	192883854	192890031	0
1	192890032	192903940	2
1	192903941	192924935	3
1	192924936	192954467	2
1	192954468	192955523	3
1	192955524	193026184	2
1	193026185	193028652	0
1	193028653	193052604	1
1	193052605	194302131	0
1	194302132	194499175	2
1	194499176	194621125	0
1	194621126	194643585	2
1	194643586	194719132	0
1	194719133	194774555	1
1	194774556	194779688	0
1	194779689	194813892	1
1	194813893	194819117	0
1	194819118	194859022	1
