<CHROM>	<START>	<END>	<TSB>
4	0	3172081	0
4	3172082	3173001	2
4	3173002	3184346	0
4	3184347	3185356	1
4	3185357	3549039	0
4	3549040	3574851	1
4	3574852	3574873	0
4	3574874	3616617	2
4	3616618	3678113	0
4	3678114	3791611	2
4	3791612	3831332	0
4	3831333	3835663	1
4	3835664	3870655	0
4	3870656	3872103	1
4	3872104	3900994	0
4	3900995	3938380	1
4	3938381	3938886	0
4	3938887	3943526	2
4	3943527	3973090	0
4	3973091	3973593	1
4	3973594	3995934	0
4	3995935	4019661	1
4	4019662	4055927	0
4	4055928	4077520	1
4	4077521	4133529	0
4	4133530	4138817	1
4	4138818	4762482	0
4	4762483	4793353	1
4	4793354	5644119	0
4	5644120	5801099	2
4	5801100	6191096	0
4	6191097	6221686	2
4	6221687	6265610	0
4	6265611	6275629	1
4	6275630	6365648	0
4	6365649	6396205	2
4	6396206	6396282	3
4	6396283	6408421	2
4	6408422	6454269	1
4	6454270	6686351	0
4	6686352	6990797	1
4	6990798	8143360	0
4	8143361	8239039	1
4	8239040	8535642	0
4	8535643	8607776	2
4	8607777	8690468	0
4	8690469	8867657	2
4	8867658	9269315	0
4	9269316	9449077	2
4	9449078	9451689	3
4	9451690	9669342	1
4	9669343	9844370	0
4	9844371	9862343	2
4	9862344	10874496	0
4	10874497	10899423	2
4	10899424	10988660	0
4	10988661	11007925	1
4	11007926	11051043	0
4	11051044	11076202	1
4	11076203	11156429	0
4	11156430	11174377	2
4	11174378	11191352	0
4	11191353	11199156	2
4	11199157	11204673	3
4	11204674	11204777	2
4	11204778	11254256	1
4	11254257	11261313	0
4	11261314	11322135	1
4	11322136	11331931	0
4	11331932	11386781	1
4	11386782	11485956	0
4	11485957	11550682	2
4	11550683	11558940	0
4	11558941	11615803	2
4	11615804	11704455	0
4	11704456	11714750	2
4	11714751	11758145	0
4	11758146	11817893	2
4	11817894	11958182	0
4	11958183	11966450	1
4	11966451	12039353	0
4	12039354	12089437	1
4	12089438	12090018	3
4	12090019	12096241	2
4	12096242	12140265	0
4	12140266	12146729	2
4	12146730	12153407	0
4	12153408	12172013	1
4	12172014	12906836	0
4	12906837	12983551	2
4	12983552	13743434	0
4	13743435	13893647	2
4	13893648	14502428	0
4	14502429	14621803	1
4	14621804	14623618	0
4	14623619	14796058	1
4	14796059	14809496	0
4	14809497	14826585	1
4	14826586	14864074	0
4	14864075	14915174	2
4	14915175	14952243	0
4	14952244	15149792	1
4	15149793	15265829	0
4	15265830	15286751	2
4	15286752	15881262	0
4	15881263	15908062	2
4	15908063	15917238	0
4	15917239	15945505	1
4	15945506	15957923	0
4	15957924	15992587	2
4	15992588	15997119	0
4	15997120	16013886	1
4	16013887	16122731	0
4	16122732	16163645	1
4	16163646	17853089	0
4	17853090	18119143	2
4	18119144	18860452	0
4	18860453	19122524	1
4	19122525	19280848	0
4	19280849	19510621	2
4	19510622	19519252	0
4	19519253	19570106	1
4	19570107	19575160	0
4	19575161	19608301	2
4	19608302	19651128	3
4	19651129	19708991	1
4	19708992	19818723	0
4	19818724	19842216	2
4	19842217	19876839	0
4	19876840	19922603	1
4	19922604	20007936	0
4	20007937	20030783	2
4	20030784	20042050	0
4	20042051	20066748	2
4	20066749	20118872	0
4	20118873	20778864	1
4	20778865	21677479	0
4	21677480	21685961	1
4	21685962	21727699	0
4	21727700	21757380	2
4	21757381	21759920	3
4	21759921	21767210	1
4	21767211	21776270	0
4	21776271	21837870	2
4	21837871	21847581	0
4	21847582	21876473	2
4	21876474	21879671	0
4	21879672	21912160	2
4	21912161	21931329	0
4	21931330	21994749	2
4	21994750	22357541	0
4	22357542	22434089	2
4	22434090	22482778	0
4	22482779	22488364	1
4	22488365	24496449	0
4	24496450	24602948	2
4	24602949	24612552	0
4	24612553	24851122	1
4	24851123	24898081	0
4	24898082	24904999	2
4	24905000	24973417	0
4	24973418	25009231	2
4	25009232	25199906	0
4	25199907	25242874	1
4	25242875	25248603	0
4	25248604	25281819	1
4	25281820	25609330	0
4	25609331	25800242	1
4	25800243	26324504	0
4	26324505	26346889	1
4	26346890	28813129	0
4	28813130	28967497	2
4	28967498	31964095	0
4	31964096	32023465	2
4	32023466	32238802	0
4	32238803	32586106	2
4	32586107	32596958	0
4	32596959	32602758	1
4	32602759	32615471	0
4	32615472	32653263	2
4	32653264	32657117	0
4	32657118	32775215	2
4	32775216	32800251	0
4	32800252	32801381	2
4	32801382	32804033	0
4	32804034	32950839	1
4	32950840	32983035	0
4	32983036	33022178	2
4	33022179	33031414	0
4	33031415	33052361	2
4	33052362	33062997	0
4	33062998	33095863	2
4	33095864	33132519	0
4	33132520	33163586	2
4	33163587	33174228	0
4	33174229	33189735	1
4	33189736	33208989	0
4	33208990	33233338	2
4	33233339	33245421	0
4	33245422	33248508	1
4	33248509	33310309	0
4	33310310	33502612	2
4	33502613	33924630	0
4	33924631	33948829	2
4	33948830	34024872	0
4	34024873	34050189	1
4	34050190	34550935	0
4	34550936	34566906	2
4	34566907	34570794	0
4	34570795	34614942	1
4	34614943	34614955	0
4	34614956	34660165	2
4	34660166	34663255	0
4	34663256	34687436	1
4	34687437	34688557	0
4	34688558	34730204	1
4	34730205	34743782	0
4	34743783	34756261	1
4	34756262	34768662	0
4	34768663	34778421	1
4	34778422	34803111	0
4	34803112	34882958	1
4	34882959	34893777	0
4	34893778	34907368	2
4	34907369	34949072	0
4	34949073	35152054	1
4	35152055	35154003	3
4	35154004	35157482	1
4	35157483	35191283	0
4	35191284	35226121	1
4	35226122	35706645	0
4	35706646	36951221	1
4	36951222	39450293	0
4	39450294	39451774	2
4	39451775	40143079	0
4	40143080	40198336	2
4	40198337	40204847	0
4	40204848	40239826	1
4	40239827	40259599	0
4	40259600	40269577	1
4	40269578	40269848	3
4	40269849	40270589	2
4	40270590	40270938	3
4	40270939	40279419	1
4	40279420	40472178	0
4	40472179	40477166	2
4	40477167	40682380	0
4	40682381	40703192	1
4	40703193	40722478	0
4	40722479	40736540	2
4	40736541	40737147	3
4	40737148	40757921	1
4	40757922	40804600	0
4	40804601	40854003	1
4	40854004	40920050	0
4	40920051	40931393	2
4	40931394	40936396	0
4	40936397	40948292	1
4	40948293	40948405	0
4	40948406	40965301	2
4	40965302	40970904	0
4	40970905	41025991	2
4	41025992	41033072	0
4	41033073	41048137	1
4	41048138	41092720	0
4	41092721	41098181	1
4	41098182	41114425	0
4	41114426	41124453	1
4	41124454	41135741	0
4	41135742	41193378	2
4	41193379	41194311	0
4	41194312	41275142	1
4	41275143	41291298	0
4	41291299	41314887	1
4	41314888	41348994	0
4	41348995	41390523	2
4	41390524	41390743	0
4	41390744	41464846	1
4	41464847	41465149	0
4	41465150	41480924	2
4	41480925	41495602	0
4	41495603	41503074	1
4	41503075	41505007	0
4	41505008	41517331	1
4	41517332	41517689	0
4	41517690	41569535	1
4	41569536	41569773	0
4	41569774	41638142	2
4	41638143	41638156	3
4	41638157	41640322	1
4	41640323	41657496	0
4	41657497	41697038	1
4	41697039	41699987	0
4	41699988	41712031	2
4	41712032	41713532	3
4	41713533	41714796	2
4	41714797	41723161	3
4	41723162	41723834	2
4	41723835	41731140	3
4	41731141	41738491	2
4	41738492	41741357	3
4	41741358	41769465	2
4	41769466	41769472	3
4	41769473	41774245	1
4	41774246	41903608	0
4	41903609	41904741	2
4	41904742	41941570	0
4	41941571	41943122	2
4	41943123	41966056	0
4	41966057	41971854	2
4	41971855	42091205	0
4	42091206	42092285	2
4	42092286	42114815	0
4	42114816	42115915	2
4	42115916	42154038	0
4	42154039	42158837	2
4	42158838	42158840	0
4	42158841	42168601	1
4	42168602	42255691	0
4	42255692	42256823	2
4	42256824	42293919	0
4	42293920	42294857	2
4	42294858	42318270	0
4	42318271	42324066	2
4	42324067	42438968	0
4	42438969	42439968	2
4	42439969	42522578	0
4	42522579	42528173	1
4	42528174	42612119	0
4	42612120	42613251	2
4	42613252	42655249	0
4	42655250	42655996	2
4	42655997	42655999	0
4	42656000	42665761	1
4	42665762	42735543	0
4	42735544	42754523	2
4	42754524	42756541	3
4	42756542	42772858	2
4	42772859	42773991	3
4	42773992	42781926	2
4	42781927	42845994	3
4	42845995	42846246	2
4	42846247	42856769	1
4	42856770	42868002	0
4	42868003	42874201	1
4	42874202	42916679	0
4	42916680	42944750	2
4	42944751	42949812	0
4	42949813	42959423	2
4	42959424	42969629	0
4	42969630	42974324	2
4	42974325	42979961	0
4	42979962	43000505	1
4	43000506	43002341	0
4	43002342	43010353	1
4	43010354	43017633	0
4	43017634	43025817	1
4	43025818	43027688	0
4	43027689	43031708	1
4	43031709	43032412	0
4	43032413	43046218	1
4	43046219	43058967	0
4	43058968	43264869	2
4	43264870	43267168	0
4	43267169	43373829	2
4	43373830	43381977	0
4	43381978	43427017	2
4	43427018	43427086	3
4	43427087	43429132	1
4	43429133	43441937	0
4	43441938	43446460	2
4	43446461	43448062	3
4	43448063	43454626	1
4	43454627	43482079	0
4	43482080	43483732	1
4	43483733	43493360	0
4	43493361	43495919	2
4	43495920	43496140	0
4	43496141	43499693	1
4	43499694	43506964	0
4	43506965	43513727	2
4	43513728	43514709	0
4	43514710	43523763	1
4	43523764	43531517	0
4	43531518	43562330	1
4	43562331	43562420	3
4	43562421	43566926	2
4	43566927	43567058	3
4	43567059	43578713	1
4	43578714	43578871	3
4	43578872	43583214	2
4	43583215	43584492	3
4	43584493	43587485	2
4	43587486	43631933	0
4	43631934	43651242	2
4	43651243	43651333	0
4	43651334	43653592	1
4	43653593	43654227	0
4	43654228	43656464	1
4	43656465	43659620	0
4	43659621	43668969	1
4	43668970	43669139	3
4	43669140	43692666	2
4	43692667	43694782	0
4	43694783	43700805	1
4	43700806	43704560	0
4	43704561	43710253	1
4	43710254	43727186	0
4	43727187	43728637	2
4	43728638	43730032	0
4	43730033	43734532	2
4	43734533	43770048	0
4	43770049	43771007	1
4	43771008	43820130	0
4	43820131	43823893	1
4	43823894	43830540	0
4	43830541	43840199	1
4	43840200	43851563	0
4	43851564	43857593	2
4	43857594	43875528	0
4	43875529	43944804	2
4	43944805	43957399	0
4	43957400	43979116	2
4	43979117	43983481	0
4	43983482	43985421	2
4	43985422	44004450	0
4	44004451	44032844	2
4	44032845	44034073	0
4	44034074	44084175	1
4	44084176	44126208	0
4	44126209	44168337	1
4	44168338	44300874	0
4	44300875	44364673	2
4	44364674	44524755	0
4	44524756	44710485	1
4	44710486	44755875	0
4	44755876	44932213	2
4	44932214	44981393	0
4	44981394	44990732	2
4	44990733	44991240	0
4	44991241	45012410	1
4	45012411	45018581	0
4	45018582	45034245	2
4	45034246	45036563	3
4	45036564	45084602	1
4	45084603	45105206	0
4	45105207	45108112	1
4	45108113	45184873	0
4	45184874	45285934	2
4	45285935	45297125	0
4	45297126	45316129	2
4	45316130	45316611	0
4	45316612	45342099	1
4	45342100	45342730	3
4	45342731	45379757	2
4	45379758	45395921	0
4	45395922	45408764	1
4	45408765	45423276	0
4	45423277	45532468	1
4	45532469	45799020	0
4	45799021	45804602	2
4	45804603	45809466	0
4	45809467	45826921	1
4	45826922	45848662	0
4	45848663	45887006	2
4	45887007	45890301	0
4	45890302	45950772	2
4	45950773	45965332	0
4	45965333	46034759	2
4	46034760	46038933	0
4	46038934	46114744	2
4	46114745	46116030	3
4	46116031	46138611	1
4	46138612	46138692	3
4	46138693	46155345	2
4	46155346	46172401	3
4	46172402	46196309	1
4	46196310	46343607	0
4	46343608	46346410	2
4	46346411	46376977	0
4	46376978	46389435	1
4	46389436	46393987	0
4	46393988	46413504	1
4	46413505	46450900	0
4	46450901	46472655	2
4	46472656	46489246	0
4	46489247	46503630	2
4	46503631	46506845	0
4	46506846	46536139	1
4	46536140	46536935	0
4	46536936	46602200	1
4	46602201	46604388	0
4	46604389	46650207	1
4	46650208	46662303	0
4	46662304	46991871	1
4	46991872	47015687	0
4	47015688	47057425	1
4	47057426	47091907	0
4	47091908	47123068	2
4	47123069	47208159	0
4	47208160	47313165	2
4	47313166	47353220	0
4	47353221	47414929	2
4	47414930	47469831	0
4	47469832	47474331	1
4	47474332	47474656	0
4	47474657	47483240	2
4	47483241	48045151	0
4	48045152	48086445	2
4	48086446	48124913	0
4	48124914	48186505	2
4	48186506	48193321	0
4	48193322	48279556	1
4	48279557	48279800	0
4	48279801	48430856	2
4	48430857	48431952	3
4	48431953	48473457	1
4	48473458	48539933	0
4	48539934	48561917	2
4	48561918	48585172	0
4	48585173	48663129	2
4	48663130	48663512	0
4	48663513	48673500	2
4	48673501	49059280	0
4	49059281	49340257	2
4	49340258	49379838	0
4	49379839	49408149	1
4	49408150	49447103	0
4	49447104	49473910	1
4	49473911	49489420	0
4	49489421	49506555	1
4	49506556	49512594	0
4	49512595	49521091	1
4	49521092	49521174	0
4	49521175	49531515	2
4	49531516	49535993	0
4	49535994	49549544	1
4	49549545	49584504	0
4	49584505	49597874	1
4	49597875	49632004	0
4	49632005	49656885	2
4	49656886	49661609	0
4	49661610	49845547	1
4	49845548	51216676	0
4	51216677	51250620	2
4	51250621	52439241	0
4	52439242	52488258	2
4	52488259	52596272	0
4	52596273	52612428	2
4	52612429	52825397	0
4	52825398	52826356	2
4	52826357	52852152	0
4	52852153	52859225	1
4	52859226	52910205	0
4	52910206	52919176	1
4	52919177	52964545	0
4	52964546	52972472	2
4	52972473	52989282	0
4	52989283	53001160	2
4	53001161	53011878	0
4	53011879	53022058	2
4	53022059	53030785	0
4	53030786	53159893	1
4	53159894	53440411	0
4	53440412	53622476	2
4	53622477	53631469	0
4	53631470	53707007	2
4	53707008	53713996	0
4	53713997	53765783	2
4	53765784	53779703	0
4	53779704	53788710	2
4	53788711	53826043	0
4	53826044	53862017	2
4	53862018	54945046	0
4	54945047	55083561	2
4	55083562	55350041	0
4	55350042	55392235	2
4	55392236	55527141	0
4	55527142	55532464	1
4	55532465	56740003	0
4	56740004	56740068	1
4	56740069	56741375	3
4	56741376	56741441	1
4	56741442	56743411	0
4	56743412	56744923	2
4	56744924	56749678	0
4	56749679	56802329	1
4	56802330	56802347	0
4	56802348	56809599	2
4	56809600	56810933	0
4	56810934	56865186	1
4	56865187	56866921	0
4	56866922	56947435	1
4	56947436	56957171	0
4	56957172	56990389	1
4	56990390	56991970	0
4	56991971	57143435	1
4	57143436	57190839	0
4	57190840	57301835	1
4	57301836	57434245	0
4	57434246	57896982	2
4	57896983	57908481	0
4	57908482	57916295	1
4	57916296	57943371	0
4	57943372	57956409	1
4	57956410	57984025	0
4	57984026	58009122	1
4	58009123	58042440	0
4	58042441	58206594	1
4	58206595	58285958	0
4	58285959	58374301	2
4	58374302	58435253	0
4	58435254	58553896	1
4	58553897	58782702	0
4	58782703	58787714	1
4	58787715	58798909	0
4	58798910	58912747	1
4	58912748	58943626	0
4	58943627	58958353	2
4	58958354	58965437	0
4	58965438	58987117	1
4	58987118	58995060	0
4	58995061	59041901	2
4	59041902	59043751	0
4	59043752	59138981	1
4	59138982	59189255	0
4	59189256	59222831	2
4	59222832	59314681	0
4	59314682	59438631	1
4	59438632	59471866	0
4	59471867	59549362	1
4	59549363	59581561	0
4	59581562	59618687	2
4	59618688	59626209	0
4	59626210	59761437	2
4	59761438	59769635	0
4	59769636	59801587	1
4	59801588	59805838	0
4	59805839	59904735	2
4	59904736	59905124	0
4	59905125	59915054	1
4	59915055	59956802	0
4	59956803	59960708	1
4	59960709	59964292	0
4	59964293	60007272	2
4	60007273	60066467	0
4	60066468	60070473	1
4	60070474	60135930	0
4	60135931	60139895	1
4	60139896	60218619	0
4	60218620	60222597	1
4	60222598	60374043	0
4	60374044	60377941	1
4	60377942	60454009	0
4	60454010	60457957	1
4	60457958	60534257	0
4	60534258	60538196	1
4	60538197	60614463	0
4	60614464	60618408	1
4	60618409	60693380	0
4	60693381	60697323	1
4	60697324	60773586	0
4	60773587	60777460	1
4	60777461	61180304	0
4	61180305	61184283	1
4	61184284	61256020	0
4	61256021	61259997	1
4	61259998	61354025	0
4	61354026	61357978	1
4	61357979	61433827	0
4	61433828	61437766	1
4	61437767	61510164	0
4	61510165	61514106	1
4	61514107	61588412	0
4	61588413	61592371	1
4	61592372	61696559	0
4	61696560	61700504	1
4	61700505	61749554	0
4	61749555	61753468	1
4	61753469	61968469	0
4	61968470	61972393	1
4	61972394	62001711	0
4	62001712	62005577	1
4	62005578	62066167	0
4	62066168	62069098	1
4	62069099	62107775	0
4	62107776	62149282	1
4	62149283	62180797	0
4	62180798	62216646	2
4	62216647	62218577	0
4	62218578	62278783	1
4	62278784	62278962	0
4	62278963	62310004	2
4	62310005	62312818	0
4	62312819	62326877	1
4	62326878	62327032	0
4	62327033	62345225	2
4	62345226	62345775	0
4	62345776	62353487	1
4	62353488	62370867	0
4	62370868	62389131	1
4	62389132	62398288	0
4	62398289	62415533	2
4	62415534	62417243	0
4	62417244	62420511	1
4	62420512	62427404	0
4	62427405	62438153	1
4	62438154	62440884	0
4	62440885	62443303	1
4	62443304	62443604	0
4	62443605	62466228	2
4	62466229	62478082	0
4	62478083	62622236	2
4	62622237	62883808	0
4	62883809	63057943	2
4	63057944	63061510	0
4	63061511	63073034	1
4	63073035	63083865	0
4	63083866	63090366	1
4	63090367	63133670	0
4	63133671	63253226	2
4	63253227	63262795	0
4	63262796	63266398	2
4	63266399	63274397	0
4	63274398	63277746	2
4	63277747	63280684	0
4	63280685	63284113	2
4	63284114	63285360	0
4	63285361	63321589	1
4	63321590	63333145	0
4	63333146	63414226	1
4	63414227	63463007	0
4	63463008	63468985	2
4	63468986	63477016	0
4	63477017	63504592	2
4	63504593	63515136	0
4	63515137	63518999	1
4	63519000	63525324	0
4	63525325	63540663	1
4	63540664	63580594	0
4	63580595	63581145	1
4	63581146	63642838	0
4	63642839	63663348	1
4	63663349	63749543	0
4	63749544	63779582	1
4	63779583	63878020	0
4	63878021	63965250	1
4	63965251	65042409	0
4	65042410	65275744	2
4	65275745	65299038	0
4	65299039	65523221	1
4	65523222	65534473	3
4	65534474	66322846	1
4	66322847	66745819	0
4	66745820	66848519	2
4	66848520	68679749	0
4	68679750	68872632	1
4	68872633	70135091	0
4	70135092	70328678	1
4	70328679	70345300	0
4	70345301	70453163	1
4	70453164	71673878	0
4	71673879	71676200	1
4	71676201	72035377	0
4	72035378	72119154	1
4	72119155	72768818	0
4	72768819	72770869	1
4	72770870	73319267	0
4	73319268	73323307	1
4	73323308	73526116	0
4	73526117	73575526	2
4	73575527	73586589	0
4	73586590	73590631	2
4	73590632	73601751	0
4	73601752	73605793	2
4	73605794	73632814	0
4	73632815	73709229	1
4	73709230	73790454	0
4	73790455	73794501	1
4	73794502	73805301	0
4	73805302	73809347	1
4	73809348	73820142	0
4	73820143	73824188	1
4	73824189	73834963	0
4	73834964	73838995	1
4	73838996	73857606	0
4	73857607	73869081	1
4	73869082	73931677	0
4	73931678	74120449	2
4	74120450	74160732	0
4	74160733	74324095	2
4	74324096	75195589	0
4	75195590	75196540	1
4	75196541	75859473	0
4	75859474	76512534	1
4	76512535	80752358	0
4	80752359	80769954	2
4	80769955	80828881	0
4	80828882	80873863	2
4	80873864	81196735	0
4	81196736	81361042	1
4	81361043	82208408	0
4	82208409	82623985	1
4	82623986	82716973	0
4	82716974	82778193	1
4	82778194	82799986	0
4	82799987	82803383	1
4	82803384	82816155	0
4	82816156	82970574	1
4	82970575	83138535	0
4	83138536	83242490	1
4	83242491	83335959	0
4	83335960	83371575	2
4	83371576	83373915	0
4	83373916	83404694	1
4	83404695	83443780	0
4	83443781	83782905	2
4	83782906	84193330	0
4	84193331	84593510	1
4	84593511	84802544	0
4	84802545	85050156	2
4	85050157	85123361	0
4	85123362	86346620	2
4	86346621	86362876	0
4	86362877	86476538	1
4	86476539	86493903	0
4	86493904	86495520	2
4	86495521	86497090	0
4	86497091	86530290	1
4	86530291	86574800	0
4	86574801	86588295	1
4	86588296	86666790	0
4	86666791	86768838	2
4	86768839	86772895	0
4	86772896	86775647	1
4	86775648	86792631	0
4	86792632	86839110	2
4	86839111	86901359	0
4	86901360	87148712	1
4	87148713	87688160	0
4	87688161	87951599	1
4	87951600	88012865	0
4	88012866	88314379	2
4	88314380	88329241	3
4	88329242	88357163	1
4	88357164	88440260	0
4	88440261	88441009	1
4	88441010	88475908	0
4	88475909	88476480	1
4	88476481	88489464	0
4	88489465	88490033	1
4	88490034	88510048	0
4	88510049	88510620	1
4	88510621	88520815	0
4	88520816	88521611	1
4	88521612	88545555	0
4	88545556	88552646	1
4	88552647	88561876	0
4	88561877	88562694	1
4	88562695	88594150	0
4	88594151	88595159	1
4	88595160	88601116	0
4	88601117	88602147	1
4	88602148	88608537	0
4	88608538	88609594	1
4	88609595	88636527	0
4	88636528	88640040	1
4	88640041	88640700	3
4	88640701	88641077	2
4	88641078	88673103	0
4	88673104	88673651	2
4	88673652	88678354	0
4	88678355	88679816	2
4	88679817	88692069	0
4	88692070	88693036	2
4	88693037	88695157	0
4	88695158	88695705	2
4	88695706	88698085	0
4	88698086	88698895	2
4	88698896	88700366	0
4	88700367	88701827	2
4	88701828	88703944	0
4	88703945	88704492	2
4	88704493	88706867	0
4	88706868	88707415	2
4	88707416	88709785	0
4	88709786	88710333	2
4	88710334	88712722	0
4	88712723	88713270	2
4	88713271	88715632	0
4	88715633	88716180	2
4	88716181	88717900	0
4	88717901	88719361	2
4	88719362	88721489	0
4	88721490	88722037	2
4	88722038	88723766	0
4	88723767	88726615	2
4	88726616	88734463	0
4	88734464	88735035	2
4	88735036	88738194	0
4	88738195	88738766	2
4	88738767	88745651	0
4	88745652	88746220	2
4	88746221	88753760	0
4	88753761	88754329	2
4	88754330	88760096	0
4	88760097	88760656	2
4	88760657	88768322	0
4	88768323	88768891	2
4	88768892	88797773	0
4	88797774	88798436	1
4	88798437	89055357	0
4	89055358	89099316	2
4	89099317	89192706	0
4	89192707	89212888	1
4	89212889	89224534	0
4	89224535	89229274	1
4	89229275	89576433	0
4	89576434	89583007	2
4	89583008	90107055	0
4	90107056	90113937	2
4	90113938	91138998	0
4	91138999	91288219	1
4	91288220	92032564	0
4	92032565	92035469	1
4	92035470	92078979	0
4	92078980	92079984	1
4	92079985	93222373	0
4	93222374	93223746	1
4	93223747	94388316	0
4	94388317	94445031	1
4	94445032	94457402	0
4	94457403	94491479	1
4	94491480	94502726	0
4	94502727	94524888	2
4	94524889	94538351	3
4	94538352	94581464	2
4	94581465	94627524	0
4	94627525	94763211	2
4	94763212	94795502	0
4	94795503	94817078	1
4	94817079	94830275	0
4	94830276	94867335	1
4	94867336	94937269	0
4	94937270	94940457	1
4	94940458	95445742	0
4	95445743	95815174	2
4	95815175	95855475	0
4	95855476	95913648	2
4	95913649	95915769	0
4	95915770	95965781	1
4	95965782	95987808	0
4	95987809	96029373	1
4	96029374	96083432	0
4	96083433	96124894	1
4	96124895	96182743	0
4	96182744	96236897	1
4	96236898	96332831	0
4	96332832	96395621	1
4	96395622	96404373	0
4	96404374	96441896	1
4	96441897	96456664	0
4	96456665	96479813	1
4	96479814	96517008	0
4	96517009	96552389	1
4	96552390	96611882	0
4	96611883	96673421	1
4	96673422	97456368	0
4	97456369	97660969	1
4	97660970	97666283	3
4	97666284	98007109	2
4	98007110	98243605	0
4	98243606	98271541	1
4	98271542	98284026	0
4	98284027	98607838	2
4	98607839	98614969	0
4	98614970	98626715	2
4	98626716	98643133	0
4	98643134	98705772	1
4	98705773	98706710	0
4	98706711	98712075	1
4	98712076	98812045	0
4	98812046	98823778	2
4	98823779	98824906	0
4	98824907	98919189	1
4	98919190	98926300	3
4	98926301	99009150	1
4	99009151	99082169	0
4	99082170	99148022	2
4	99148023	99184135	0
4	99184136	99185493	2
4	99185494	99544534	0
4	99544535	99546857	2
4	99546858	99603900	0
4	99603901	99651695	2
4	99651696	99653637	0
4	99653638	99717421	1
4	99717422	99717433	0
4	99717434	99769983	2
4	99769984	99786609	0
4	99786610	99844489	2
4	99844490	99952986	0
4	99952987	100301960	2
4	100301961	100336044	0
4	100336045	100407342	2
4	100407343	100633870	0
4	100633871	100886415	2
4	100886416	100926178	0
4	100926179	101009562	2
4	101009563	101009565	3
4	101009566	101122477	1
4	101122478	101276472	0
4	101276473	101324190	2
4	101324191	101353826	0
4	101353827	101499994	2
4	101499995	101504913	0
4	101504914	101516559	2
4	101516560	101574599	0
4	101574600	101672547	2
4	101672548	101692164	0
4	101692165	101701218	1
4	101701219	101747215	0
4	101747216	101750984	1
4	101750985	101766316	0
4	101766317	101769103	2
4	101769104	101797602	0
4	101797603	101800378	2
4	101800379	101824648	0
4	101824649	101838244	1
4	101838245	101843821	0
4	101843822	101847248	2
4	101847249	101944738	0
4	101944739	102464454	2
4	102464455	102617330	0
4	102617331	102830823	2
4	102830824	102835886	0
4	102835887	102862789	2
4	102862790	102875067	0
4	102875068	102884037	1
4	102884038	102895260	0
4	102895261	102971590	1
4	102971591	102971750	3
4	102971751	103022949	2
4	103022950	103027844	0
4	103027845	103072359	1
4	103072360	103087640	0
4	103087641	103148058	1
4	103148059	103171007	0
4	103171008	103223638	2
4	103223639	103476860	0
4	103476861	104602039	2
4	104602040	104623512	0
4	104623513	104661743	2
4	104661744	104672874	0
4	104672875	104714524	1
4	104714525	104716332	3
4	104716333	104733593	1
4	104733594	104770651	0
4	104770652	104874058	2
4	104874059	104887069	0
4	104887070	104967085	1
4	104967086	105014542	0
4	105014543	105089959	2
4	105089960	105647064	0
4	105647065	105651623	2
4	105651624	106173408	0
4	106173409	106298517	2
4	106298518	106299524	0
4	106299525	106321524	1
4	106321525	106340651	0
4	106340652	106349478	1
4	106349479	106356008	0
4	106356009	106397741	1
4	106397742	106418233	0
4	106418234	106446308	2
4	106446309	106448104	0
4	106448105	106474433	1
4	106474434	106479627	0
4	106479628	106497384	2
4	106497385	106508264	0
4	106508265	106512477	2
4	106512478	106519451	0
4	106519452	106536139	1
4	106536140	106537612	0
4	106537613	106588120	1
4	106588121	106591084	0
4	106591085	106601750	2
4	106601751	106605487	3
4	106605488	106662193	1
4	106662194	106768665	0
4	106768666	106906889	2
4	106906890	106913069	0
4	106913070	106924063	1
4	106924064	106924183	0
4	106924184	106944972	2
4	106944973	106954086	0
4	106954087	106970320	2
4	106970321	106991350	0
4	106991351	107035594	1
4	107035595	107035742	3
4	107035743	107036311	1
4	107036312	107058191	2
4	107058192	107066375	0
4	107066376	107075255	2
4	107075256	107090709	0
4	107090710	107110727	1
4	107110728	107110788	0
4	107110789	107137133	2
4	107137134	107148660	0
4	107148661	107164364	1
4	107164365	107171558	0
4	107171559	107217017	2
4	107217018	107224979	0
4	107224980	107273541	2
4	107273542	107291812	0
4	107291813	107492256	2
4	107492257	107533485	0
4	107533486	107541425	1
4	107541426	107659064	0
4	107659065	107734035	2
4	107734036	107736950	0
4	107736951	107744619	2
4	107744620	107747008	0
4	107747009	107756579	2
4	107756580	107761176	0
4	107761177	107780805	1
4	107780806	107825527	0
4	107825528	107870727	2
4	107870728	107871986	0
4	107871987	108002193	1
4	108002194	108022632	0
4	108022633	108036503	2
4	108036504	108038933	0
4	108038934	108075243	1
4	108075244	108086919	0
4	108086920	108158291	1
4	108158292	108185335	0
4	108185336	108198739	2
4	108198740	108224972	0
4	108224973	108240544	1
4	108240545	108257585	0
4	108257586	108264156	1
4	108264157	108316621	0
4	108316622	108416616	2
4	108416617	108422065	0
4	108422066	108436531	1
4	108436532	108436649	0
4	108436650	108472028	2
4	108472029	108477135	0
4	108477136	108491318	2
4	108491319	108494661	0
4	108494662	108576844	1
4	108576845	108637698	3
4	108637699	108637993	1
4	108637994	108639099	2
4	108639100	108671490	0
4	108671491	108690809	1
4	108690810	108691796	0
4	108691797	108719322	2
4	108719323	108736258	0
4	108736259	108800519	2
4	108800520	108857850	0
4	108857851	108918340	2
4	108918341	108918972	3
4	108918973	109059467	1
4	109059468	109091680	0
4	109091681	109111766	2
4	109111767	109137463	0
4	109137464	109245012	2
4	109245013	109263818	0
4	109263819	109301940	2
4	109301941	109308293	0
4	109308294	109341923	1
4	109341924	109362532	0
4	109362533	109388492	1
4	109388493	109518071	0
4	109518072	109524384	1
4	109524385	109533783	0
4	109533784	109821155	2
4	109821156	109835248	0
4	109835249	109840882	2
4	109840883	110060917	0
4	110060918	110209104	1
4	110209105	110254856	0
4	110254857	111521519	2
4	111521520	111577179	0
4	111577180	111686379	2
4	111686380	111732570	0
4	111732571	111760113	1
4	111760114	111776593	0
4	111776594	111807553	2
4	111807554	111830118	0
4	111830119	111845418	2
4	111845419	111863464	0
4	111863465	111886733	2
4	111886734	111929211	0
4	111929212	112025271	2
4	112025272	112089440	0
4	112089441	112157663	2
4	112157664	112243164	0
4	112243165	112291180	1
4	112291181	112414389	0
4	112414390	112509443	2
4	112509444	112568342	0
4	112568343	112632061	1
4	112632062	112661811	0
4	112661812	113144168	1
4	113144169	113335086	0
4	113335087	113856698	1
4	113856699	114020579	0
4	114020580	114102223	2
4	114102224	114263919	0
4	114263920	114472293	2
4	114472294	114678917	0
4	114678918	114713361	2
4	114713362	114763477	0
4	114763478	114766068	1
4	114766069	114782342	0
4	114782343	114783208	1
4	114783209	114816531	0
4	114816532	114844436	1
4	114844437	114857354	0
4	114857355	114900391	2
4	114900392	114913621	0
4	114913622	114928950	2
4	114928951	114945903	0
4	114945904	114951094	2
4	114951095	114963518	0
4	114963519	114991476	1
4	114991477	115099279	0
4	115099280	115111752	2
4	115111753	115156241	0
4	115156242	115190010	2
4	115190011	115268819	0
4	115268820	115296229	2
4	115296230	115309799	0
4	115309800	115328257	2
4	115328258	115343395	0
4	115343396	115353337	1
4	115353338	115375459	0
4	115375460	115390844	2
4	115390845	115420844	0
4	115420845	115436210	2
4	115436211	115458170	0
4	115458171	115478797	2
4	115478798	115481920	0
4	115481921	115504918	1
4	115504919	115594939	0
4	115594940	115634522	2
4	115634523	115637029	0
4	115637030	115638213	1
4	115638214	115642007	0
4	115642008	115669509	2
4	115669510	115685287	0
4	115685288	115693380	2
4	115693381	115696393	0
4	115696394	115736445	2
4	115736446	115741595	0
4	115741596	115745159	2
4	115745160	115747860	0
4	115747861	115756422	2
4	115756423	115772314	0
4	115772315	115797121	1
4	115797122	115853864	0
4	115853865	115875121	1
4	115875122	115890037	0
4	115890038	115911071	1
4	115911072	115924160	0
4	115924161	115932266	1
4	115932267	115932464	0
4	115932465	115954111	2
4	115954112	115954238	3
4	115954239	115980880	1
4	115980881	115989601	0
4	115989602	115994432	1
4	115994433	116001804	3
4	116001805	116017043	2
4	116017044	116019064	0
4	116019065	116024796	1
4	116024797	116030567	0
4	116030568	116160251	2
4	116160252	116163957	0
4	116163958	116321378	1
4	116321379	116364744	0
4	116364745	116395438	2
4	116395439	116408828	0
4	116408829	116413131	1
4	116413132	116414853	0
4	116414854	116451077	2
4	116451078	116453925	0
4	116453926	116457461	2
4	116457462	116458247	0
4	116458248	116485136	1
4	116485137	116493705	0
4	116493706	116508875	1
4	116508876	116542739	0
4	116542740	116558017	2
4	116558018	116559474	0
4	116559475	116565601	1
4	116565602	116565704	0
4	116565705	116572299	2
4	116572300	116578143	0
4	116578144	116651505	2
4	116651506	116661437	3
4	116661438	116663151	2
4	116663152	116664835	1
4	116664836	116664918	0
4	116664919	116676626	2
4	116676627	116677099	0
4	116677100	116678902	1
4	116678903	116734571	0
4	116734572	116846459	2
4	116846460	116847160	0
4	116847161	116851608	1
4	116851609	116852512	0
4	116852513	116862472	2
4	116862473	116876597	0
4	116876598	116944047	2
4	116944048	116953270	0
4	116953271	116972578	2
4	116972579	116977370	0
4	116977371	116982813	1
4	116982814	116983989	0
4	116983990	116985850	2
4	116985851	116985933	3
4	116985934	116991158	1
4	116991159	117011022	0
4	117011023	117013438	1
4	117013439	117016834	0
4	117016835	117039834	1
4	117039835	117070529	0
4	117070530	117109112	1
4	117109113	117109146	0
4	117109147	117125777	2
4	117125778	117128658	0
4	117128659	117354247	1
4	117354248	117407560	0
4	117407561	117531492	2
4	117531493	117531876	0
4	117531877	117539468	1
4	117539469	117581607	0
4	117581608	117584067	2
4	117584068	117615031	0
4	117615032	117622843	1
4	117622844	117691701	0
4	117691702	117723719	2
4	117723720	117726491	3
4	117726492	117726500	2
4	117726501	117729749	1
4	117729750	117730326	0
4	117730327	117740682	1
4	117740683	117741521	0
4	117741522	117744528	1
4	117744529	117745838	0
4	117745839	117749227	1
4	117749228	117751681	0
4	117751682	117772194	1
4	117772195	117783357	0
4	117783358	117786958	1
4	117786959	117789349	0
4	117789350	117992109	1
4	117992110	117994152	0
4	117994153	118037238	1
4	118037239	118065408	0
4	118065409	118148600	1
4	118148601	118219938	0
4	118219939	118266468	1
4	118266469	118266532	0
4	118266533	118272977	2
4	118272978	118285288	0
4	118285289	118290096	2
4	118290097	118290148	3
4	118290149	118294547	1
4	118294548	118299610	0
4	118299611	118314708	1
4	118314709	118328386	0
4	118328387	118347256	1
4	118347257	118384194	0
4	118384195	118387423	2
4	118387424	118398136	0
4	118398137	118401239	1
4	118401240	118411746	0
4	118411747	118477972	1
4	118477973	118477994	0
4	118477995	118484971	2
4	118484972	118516147	0
4	118516148	118525237	2
4	118525238	118544681	0
4	118544682	118549951	1
4	118549952	118560718	0
4	118560719	118570633	2
4	118570634	118577333	0
4	118577334	118586590	2
4	118586591	118589370	0
4	118589371	118594101	2
4	118594102	118609170	0
4	118609171	118615932	1
4	118615933	118638831	0
4	118638832	118639781	1
4	118639782	118665992	0
4	118665993	118667139	1
4	118667140	118684854	0
4	118684855	118693474	1
4	118693475	118721844	0
4	118721845	118728902	2
4	118728903	118745804	0
4	118745805	118751355	2
4	118751356	118773719	0
4	118773720	118774660	1
4	118774661	118787266	0
4	118787267	118795807	1
4	118795808	118818773	0
4	118818774	118826107	2
4	118826108	118965906	0
4	118965907	118995178	2
4	118995179	119026708	0
4	119026709	119031390	1
4	119031391	119032652	0
4	119032653	119047206	1
4	119047207	119052501	0
4	119052502	119058493	2
4	119058494	119062250	0
4	119062251	119075412	1
4	119075413	119077037	0
4	119077038	119089907	1
4	119089908	119090110	0
4	119090111	119106170	2
4	119106171	119112609	0
4	119112610	119119633	2
4	119119634	119135176	0
4	119135177	119151799	1
4	119151800	119157205	0
4	119157206	119177741	1
4	119177742	119179661	0
4	119179662	119272716	1
4	119272717	119275725	0
4	119275726	119279615	1
4	119279616	119280009	0
4	119280010	119311183	2
4	119311184	119322478	0
4	119322479	119349823	1
4	119349824	119387503	0
4	119387504	119394199	1
4	119394200	119395964	3
4	119395965	119486314	2
4	119486315	119494899	0
4	119494900	119496666	2
4	119496667	119513802	0
4	119513803	119516149	1
4	119516150	119590991	0
4	119590992	119593963	2
4	119593964	119671690	0
4	119671691	119995240	2
4	119995241	120018401	0
4	120018402	120024555	2
4	120024556	120124274	0
4	120124275	120144544	1
4	120144545	120262502	0
4	120262503	120387379	2
4	120387380	120389426	0
4	120389427	120393856	2
4	120393857	120397063	0
4	120397064	120427471	1
4	120427472	120445940	0
4	120445941	120466868	2
4	120466869	120523767	0
4	120523768	120525015	2
4	120525016	120553333	0
4	120553334	120604443	1
4	120604444	120614633	0
4	120614634	120688767	1
4	120688768	120712014	0
4	120712015	120753774	2
4	120753775	120778391	0
4	120778392	120782212	1
4	120782213	120787332	0
4	120787333	120808894	1
4	120808895	120825512	0
4	120825513	120874442	1
4	120874443	120896580	0
4	120896581	120912517	2
4	120912518	120916432	0
4	120916433	120955436	1
4	120955437	120962846	0
4	120962847	120966421	1
4	120966422	121002568	0
4	121002569	121072279	1
4	121072280	121173511	0
4	121173512	121182112	1
4	121182113	121271930	0
4	121271931	121280294	1
4	121280295	121471466	0
4	121471467	121479298	1
4	121479299	122583066	0
4	122583067	122598920	2
4	122598921	122730033	0
4	122730034	122752838	2
4	122752839	122752869	3
4	122752870	122779847	1
4	122779848	122840641	0
4	122840642	122854979	1
4	122854980	122889443	0
4	122889444	122896276	2
4	122896277	122910388	0
4	122910389	122948740	2
4	122948741	122998956	0
4	122998957	123019882	2
4	123019883	123020906	0
4	123020907	123033742	1
4	123033743	123077018	0
4	123077019	123088492	2
4	123088493	123095295	0
4	123095296	123110066	2
4	123110067	123127347	0
4	123127348	123143666	2
4	123143667	123176616	0
4	123176617	123192716	2
4	123192717	123206436	0
4	123206437	123237043	1
4	123237044	123243424	0
4	123243425	123578151	1
4	123578152	123606501	0
4	123606502	123611993	1
4	123611994	123628350	0
4	123628351	123644136	1
4	123644137	123681666	0
4	123681667	123723695	2
4	123723696	123798623	0
4	123798624	123806060	2
4	123806061	123811237	0
4	123811238	123830788	2
4	123830789	124550598	0
4	124550599	124554446	2
4	124554447	124571951	0
4	124571952	124587391	1
4	124587392	124594492	0
4	124594493	124602402	2
4	124602403	124608567	0
4	124608568	124626251	2
4	124626252	124635641	0
4	124635642	124695302	2
4	124695303	124695895	0
4	124695896	124743276	2
4	124743277	124743591	3
4	124743592	124744470	1
4	124744471	124744521	3
4	124744522	124744987	1
4	124744988	124749030	2
4	124749031	124749033	3
4	124749034	124755962	1
4	124755963	124774690	0
4	124774691	124811591	2
4	124811592	124812256	0
4	124812257	124830865	1
4	124830866	124833102	3
4	124833103	124838447	2
4	124838448	124880221	0
4	124880222	124902890	2
4	124902891	124910376	0
4	124910377	124949129	2
4	124949130	124949167	3
4	124949168	124959494	1
4	124959495	124960463	0
4	124960464	124967833	2
4	124967834	124978925	0
4	124978926	125007029	2
4	125007030	125012214	0
4	125012215	125021631	1
4	125021632	125384491	0
4	125384492	125607964	2
4	125607965	125918341	0
4	125918342	125938231	2
4	125938232	125940716	0
4	125940717	125949323	2
4	125949324	125952356	0
4	125952357	125985986	2
4	125985987	125990414	0
4	125990415	125992375	2
4	125992376	125997748	0
4	125997749	126034820	2
4	126034821	126041535	0
4	126041536	126043666	2
4	126043667	126044393	0
4	126044394	126057282	1
4	126057283	126057873	0
4	126057874	126096551	1
4	126096552	126125958	0
4	126125959	126150134	1
4	126150135	126156116	0
4	126156117	126169674	2
4	126169675	126180584	0
4	126180585	126208121	2
4	126208122	126209838	0
4	126209839	126215494	1
4	126215495	126215912	0
4	126215913	126219479	1
4	126219480	126225495	0
4	126225496	126323347	1
4	126323348	126328803	0
4	126328804	126362374	1
4	126362375	126383332	0
4	126383333	126427263	1
4	126427264	126450726	0
4	126450727	126487694	2
4	126487695	126503609	0
4	126503610	126508162	2
4	126508163	126571421	0
4	126571422	126603505	2
4	126603506	126609797	0
4	126609798	126630031	1
4	126630032	126637541	0
4	126637542	126647218	1
4	126647219	126647335	0
4	126647336	126755730	2
4	126755731	126763861	3
4	126763862	126861926	1
4	126861927	126915115	0
4	126915116	126925027	2
4	126925028	126940885	0
4	126940886	126954943	1
4	126954944	126971174	0
4	126971175	127023435	2
4	127023436	127062995	0
4	127062996	127130813	2
4	127130814	127137575	0
4	127137576	127141600	2
4	127141601	127205212	0
4	127205213	127207830	1
4	127207831	127219026	0
4	127219027	127224635	1
4	127224636	127244877	0
4	127244878	127247872	1
4	127247873	127248600	0
4	127248601	127251972	1
4	127251973	127821383	0
4	127821384	127864742	1
4	127864743	127881835	0
4	127881836	128154003	2
4	128154004	128154748	3
4	128154749	128461447	2
4	128461448	128477338	0
4	128477339	128503889	1
4	128503890	128509234	0
4	128509235	128512410	1
4	128512411	128548493	0
4	128548494	128646672	2
4	128646673	128649155	0
4	128649156	128663089	2
4	128663090	128666879	0
4	128666880	128699836	1
4	128699837	128777379	0
4	128777380	128805119	2
4	128805120	128824024	0
4	128824025	128856230	1
4	128856231	128887015	0
4	128887016	128905320	2
4	128905321	128952062	0
4	128952063	128979677	2
4	128979678	128999339	0
4	128999340	129005361	2
4	129005362	129005417	3
4	129005418	129015827	1
4	129015828	129030790	0
4	129030791	129038384	2
4	129038385	129041796	0
4	129041797	129083518	1
4	129083519	129083551	0
4	129083552	129113369	2
4	129113370	129113398	3
4	129113399	129155195	1
4	129155196	129181408	0
4	129181409	129200891	2
4	129200892	129202350	3
4	129202351	129229161	1
4	129229162	129229486	0
4	129229487	129243662	2
4	129243663	129247419	0
4	129247420	129271907	1
4	129271908	129319556	0
4	129319557	129334644	1
4	129334645	129355372	0
4	129355373	129382289	2
4	129382290	129382805	0
4	129382806	129384813	1
4	129384814	129384981	0
4	129384982	129385747	2
4	129385748	129407372	0
4	129407373	129409776	2
4	129409777	129409895	0
4	129409896	129436504	1
4	129436505	129442135	0
4	129442136	129467432	1
4	129467433	129470606	0
4	129470607	129472340	1
4	129472341	129485751	0
4	129485752	129494439	1
4	129494440	129494471	0
4	129494472	129502122	2
4	129502123	129502319	3
4	129502320	129508048	1
4	129508049	129508917	0
4	129508918	129512890	1
4	129512891	129513065	0
4	129513066	129517738	1
4	129517739	129519869	0
4	129519870	129534856	1
4	129534857	129537771	0
4	129537772	129566558	1
4	129566559	129570146	0
4	129570147	129590629	1
4	129590630	129607610	0
4	129607611	129636087	1
4	129636088	129714012	0
4	129714013	129743794	2
4	129743795	129823040	0
4	129823041	129850906	2
4	129850907	129878661	0
4	129878662	129916424	2
4	129916425	129941631	0
4	129941632	129993068	2
4	129993069	129996349	0
4	129996350	130021926	2
4	130021927	130024008	0
4	130024009	130033150	1
4	130033151	130059393	0
4	130059394	130068913	1
4	130068914	130102900	0
4	130102901	130116192	1
4	130116193	130147286	0
4	130147287	130172996	1
4	130172997	130202386	0
4	130202387	130209174	2
4	130209175	130209254	3
4	130209255	130253734	1
4	130253735	130253923	0
4	130253924	130283817	2
4	130283818	130297195	0
4	130297196	130339626	2
4	130339627	130390630	0
4	130390631	130508873	2
4	130508874	130519846	0
4	130519847	130553628	2
4	130553629	130640434	0
4	130640435	130663450	2
4	130663451	130671694	0
4	130671695	130682784	2
4	130682785	131495766	0
4	131495767	131565597	1
4	131565598	131570779	0
4	131570780	131595095	2
4	131595096	131600926	0
4	131600927	131629015	2
4	131629016	131648509	0
4	131648510	131650449	2
4	131650450	131650722	0
4	131650723	131802630	1
4	131802631	131838035	0
4	131838036	131871795	1
4	131871796	131912221	0
4	131912222	131939612	1
4	131939613	131948334	0
4	131948335	131988911	1
4	131988912	132001684	0
4	132001685	132023075	2
4	132023076	132029506	0
4	132029507	132030694	1
4	132030695	132039072	0
4	132039073	132056847	1
4	132056848	132059228	0
4	132059229	132080914	1
4	132080915	132083232	0
4	132083233	132149798	1
4	132149799	132186040	0
4	132186041	132191230	1
4	132191231	132219341	0
4	132219342	132237810	1
4	132237811	132257864	0
4	132257865	132260968	1
4	132260969	132262859	0
4	132262860	132281051	2
4	132281052	132291376	0
4	132291377	132309992	2
4	132309993	132366296	0
4	132366297	132452074	2
4	132452075	132452206	0
4	132452207	132459855	1
4	132459856	132460275	0
4	132460276	132484561	1
4	132484562	132495644	0
4	132495645	132506061	2
4	132506062	132509152	0
4	132509153	132523696	1
4	132523697	132554238	0
4	132554239	132570478	1
4	132570479	132580810	0
4	132580811	132611818	1
4	132611819	132626522	0
4	132626523	132649867	1
4	132649868	132701411	0
4	132701412	132729219	2
4	132729220	132738815	0
4	132738816	132805419	2
4	132805420	132857814	0
4	132857815	132927065	2
4	132927066	132936649	0
4	132936650	132939845	1
4	132939846	132948119	0
4	132948120	132951864	2
4	132951865	132968127	0
4	132968128	132980238	2
4	132980239	132980399	0
4	132980400	132990422	1
4	132990423	132993354	0
4	132993355	133005101	1
4	133005102	133019768	0
4	133019769	133066633	1
4	133066634	133097015	0
4	133097016	133151011	2
4	133151012	133207441	0
4	133207442	133215247	2
4	133215248	133218409	0
4	133218410	133225859	1
4	133225860	133246272	0
4	133246273	133258099	2
4	133258100	133259851	0
4	133259852	133273305	1
4	133273306	133280685	0
4	133280686	133283845	2
4	133283846	133302054	0
4	133302055	133311552	2
4	133311553	133311671	0
4	133311672	133319044	2
4	133319045	133327865	0
4	133327866	133329477	1
4	133329478	133332608	0
4	133332609	133360778	1
4	133360779	133387696	0
4	133387697	133399956	1
4	133399957	133406317	0
4	133406318	133484078	1
4	133484079	133574599	0
4	133574600	133615106	1
4	133615107	133692047	0
4	133692048	133695959	1
4	133695960	133696337	0
4	133696338	133728227	1
4	133728228	133730639	0
4	133730640	133746150	1
4	133746151	133781147	0
4	133781148	133786305	2
4	133786306	133788124	0
4	133788125	133819813	2
4	133819814	133820845	0
4	133820846	133822391	1
4	133822392	133829892	0
4	133829893	133854715	2
4	133854716	133854902	3
4	133854903	133856098	1
4	133856099	133857167	0
4	133857168	133914421	1
4	133914422	133918113	0
4	133918114	133930313	1
4	133930314	133939279	0
4	133939280	133954692	1
4	133954693	133955350	0
4	133955351	133965708	1
4	133965709	133970598	0
4	133970599	133970971	1
4	133970972	133972382	3
4	133972383	133972901	1
4	133972902	133973178	2
4	133973179	133974244	0
4	133974245	133977351	2
4	133977352	133978419	0
4	133978420	133981415	1
4	133981416	134002311	0
4	134002312	134015204	1
4	134015205	134042429	0
4	134042430	134056938	2
4	134056939	134070490	0
4	134070491	134081793	2
4	134081794	134083681	0
4	134083682	134099867	1
4	134099868	134123629	0
4	134123630	134154722	2
4	134154723	134195629	0
4	134195630	134201152	2
4	134201153	134224006	0
4	134224007	134237544	2
4	134237545	134238308	0
4	134238309	134251236	2
4	134251237	134252859	0
4	134252860	134262696	1
4	134262697	134265201	0
4	134265202	134279475	1
4	134279476	134288999	0
4	134289000	134431599	1
4	134431600	134468863	0
4	134468864	134495333	1
4	134495334	134530068	0
4	134530069	134580654	1
4	134580655	134591845	0
4	134591846	134623481	2
4	134623482	134625158	0
4	134625159	134642333	1
4	134642334	134650901	0
4	134650902	134654980	2
4	134654981	134658207	0
4	134658208	134664857	2
4	134664858	134847961	0
4	134847962	134905299	2
4	134905300	134941278	0
4	134941279	135000123	1
4	135000124	135047793	0
4	135047794	135080630	1
4	135080631	135096885	0
4	135096886	135125536	1
4	135125537	135139617	0
4	135139618	135161162	1
4	135161163	135173446	0
4	135173447	135222347	1
4	135222348	135223296	0
4	135223297	135265112	2
4	135265113	135269197	0
4	135269198	135300939	1
4	135300940	135413596	0
4	135413597	135435490	2
4	135435491	135455481	0
4	135455482	135479449	2
4	135479450	135487024	0
4	135487025	135542873	2
4	135542874	135583056	0
4	135583057	135597217	2
4	135597218	135598227	0
4	135598228	135601159	1
4	135601160	135622703	0
4	135622704	135647516	2
4	135647517	135648044	0
4	135648045	135667620	2
4	135667621	135673757	0
4	135673758	135689926	2
4	135689927	135691036	0
4	135691037	135695487	2
4	135695488	135695533	0
4	135695534	135699935	1
4	135699936	135702769	0
4	135702770	135714573	1
4	135714574	135730677	0
4	135730678	135749072	1
4	135749073	135777040	0
4	135777041	135780702	1
4	135780703	135870806	0
4	135870807	135872701	2
4	135872702	135899703	0
4	135899704	135923366	2
4	135923367	135933674	0
4	135933675	135972525	2
4	135972526	135975261	0
4	135975262	136002207	2
4	136002208	136011992	0
4	136011993	136021251	2
4	136021252	136038251	0
4	136038252	136086756	2
4	136086757	136150833	0
4	136150834	136171707	2
4	136171708	136197070	0
4	136197071	136277849	2
4	136277850	136282089	3
4	136282090	136330032	1
4	136330033	136337746	0
4	136337747	136340535	2
4	136340536	136349930	0
4	136349931	136366419	2
4	136366420	136374848	0
4	136374849	136563297	1
4	136563298	136607438	0
4	136607439	136613496	1
4	136613497	136617113	0
4	136617114	136620374	1
4	136620375	136623226	0
4	136623227	136626112	1
4	136626113	136656728	0
4	136656729	136684125	1
4	136684126	136707041	0
4	136707042	136776004	1
4	136776005	137004798	0
4	137004799	137027035	2
4	137027036	137047005	0
4	137047006	137085029	1
4	137085030	137128863	0
4	137128864	137137100	1
4	137137101	137148308	0
4	137148309	137157849	1
4	137157850	137180593	0
4	137180594	137182770	2
4	137182771	137196078	0
4	137196079	137297939	2
4	137297940	137299392	0
4	137299393	137309413	1
4	137309414	137321064	0
4	137321065	137385840	2
4	137385841	137408062	0
4	137408063	137457170	2
4	137457171	137469042	0
4	137469043	137523693	1
4	137523694	137589546	0
4	137589547	137692538	2
4	137692539	137720331	0
4	137720332	137935817	2
4	137935818	137943605	0
4	137943606	137971992	2
4	137971993	137977712	0
4	137977713	138029276	2
4	138029277	138032039	0
4	138032040	138039937	2
4	138039938	138040718	0
4	138040719	138053616	1
4	138053617	138065837	0
4	138065838	138095301	1
4	138095302	138121401	0
4	138121402	138123837	1
4	138123838	138161980	0
4	138161981	138169574	2
4	138169575	138181623	0
4	138181624	138187432	2
4	138187433	138292669	0
4	138292670	138351321	1
4	138351322	138445847	0
4	138445848	138452101	1
4	138452102	138452574	3
4	138452575	138452634	1
4	138452635	138464476	3
4	138464477	138473441	2
4	138473442	138477842	0
4	138477843	138484935	1
4	138484936	138503044	0
4	138503045	138509355	2
4	138509356	138526553	0
4	138526554	138590791	1
4	138590792	138598301	0
4	138598302	138601273	1
4	138601274	138605251	0
4	138605252	138610126	2
4	138610127	138622688	0
4	138622689	138641254	1
4	138641255	138694421	0
4	138694422	138695674	2
4	138695675	138700197	0
4	138700198	138786480	2
4	138786481	138788417	0
4	138788418	138802879	1
4	138802880	138809593	0
4	138809594	138820302	1
4	138820303	138829123	0
4	138829124	138858422	1
4	138858423	138920208	0
4	138920209	139019127	2
4	139019128	139025837	0
4	139025838	139038017	1
4	139038018	139038053	0
4	139038054	139045735	2
4	139045736	139074744	0
4	139074745	139079885	1
4	139079886	139079896	0
4	139079897	139216897	2
4	139216898	139257857	0
4	139257858	139347691	2
4	139347692	139350175	0
4	139350176	139376999	2
4	139377000	139380847	0
4	139380848	139397589	2
4	139397590	139464371	0
4	139464372	139560837	1
4	139560838	139687529	0
4	139687530	139695335	1
4	139695336	139754155	0
4	139754156	139974093	1
4	139974094	140241794	0
4	140241795	140393321	1
4	140393322	140427850	0
4	140427851	140450529	2
4	140450530	140454664	0
4	140454665	140469952	1
4	140469953	140473174	0
4	140473175	140501545	1
4	140501546	140512674	0
4	140512675	140537957	1
4	140537958	140540292	0
4	140540293	140573087	1
4	140573088	140633653	0
4	140633654	140679895	2
4	140679896	140688512	0
4	140688513	140706502	2
4	140706503	140714182	0
4	140714183	140734639	2
4	140734640	140737727	0
4	140737728	140743293	2
4	140743294	140743946	0
4	140743947	140787859	1
4	140787860	140793821	0
4	140793822	140805666	1
4	140805667	140815642	0
4	140815643	140840069	2
4	140840070	140840310	0
4	140840311	140867075	1
4	140867076	140875222	0
4	140875223	140931371	2
4	140931372	140941265	0
4	140941266	140947457	2
4	140947458	140966808	0
4	140966809	140984873	2
4	140984874	141028549	0
4	141028550	141056693	2
4	141056694	141095529	0
4	141095530	141111484	2
4	141111485	141111919	0
4	141111920	141126033	1
4	141126034	141131662	0
4	141131663	141143323	1
4	141143324	141148088	0
4	141148089	141152620	2
4	141152621	141159981	0
4	141159982	141163414	1
4	141163415	141171963	0
4	141171964	141194534	2
4	141194535	141195199	0
4	141195200	141265906	1
4	141265907	141303371	0
4	141303372	141333405	1
4	141333406	141341542	0
4	141341543	141345547	1
4	141345548	141346133	0
4	141346134	141351130	1
4	141351131	141353043	0
4	141353044	141392208	1
4	141392209	141404858	0
4	141404859	141450728	1
4	141450729	141473981	0
4	141473982	141486572	2
4	141486573	141487498	0
4	141487499	141518240	1
4	141518241	141520921	0
4	141520922	141542271	2
4	141542272	141543285	3
4	141543286	141553469	1
4	141553470	141565548	0
4	141565549	141573668	1
4	141573669	141585451	0
4	141585452	141602229	1
4	141602230	141617747	0
4	141617748	141742376	1
4	141742377	141758301	0
4	141758302	141811613	1
4	141811614	141829699	0
4	141829700	142205054	1
4	142205055	142557064	0
4	142557065	142800334	1
4	142800335	142833959	0
4	142833960	142939277	1
4	142939278	142993999	0
4	142994000	143026132	1
4	143026133	143076325	0
4	143076326	143097600	2
4	143097601	143120996	0
4	143120997	143126728	2
4	143126729	143138994	0
4	143138995	143147659	2
4	143147660	143163732	0
4	143163733	143176892	1
4	143176893	143237911	0
4	143237912	143244399	2
4	143244400	143253639	0
4	143253640	143260144	2
4	143260145	143281991	0
4	143281992	143284802	2
4	143284803	143294043	0
4	143294044	143300366	2
4	143300367	143341571	0
4	143341572	143345163	2
4	143345164	143380328	0
4	143380329	143383814	1
4	143383815	143423068	0
4	143423069	143429279	1
4	143429280	143446023	0
4	143446024	143455726	2
4	143455727	143515920	0
4	143515921	143522143	2
4	143522144	143535813	0
4	143535814	143542661	1
4	143542662	143573065	0
4	143573066	143580205	2
4	143580206	143620805	0
4	143620806	143626948	1
4	143626949	143675148	0
4	143675149	143677584	1
4	143677585	143691086	0
4	143691087	143693518	1
4	143693519	143717687	0
4	143717688	143720937	1
4	143720938	143785694	0
4	143785695	143795895	2
4	143795896	143833042	0
4	143833043	143836669	2
4	143836670	143884125	0
4	143884126	143889231	1
4	143889232	143917297	0
4	143917298	143923502	2
4	143923503	143933343	0
4	143933344	143939886	1
4	143939887	143997201	0
4	143997202	144007034	1
4	144007035	144056817	0
4	144056818	144060033	2
4	144060034	144084510	0
4	144084511	144090987	2
4	144090988	144099328	0
4	144099329	144104501	1
4	144104502	144118242	0
4	144118243	144135032	1
4	144135033	144144757	0
4	144144758	144165340	1
4	144165341	144180339	0
4	144180340	144190324	1
4	144190325	144246390	0
4	144246391	144255921	2
4	144255922	144281568	0
4	144281569	144291702	1
4	144291703	144340275	0
4	144340276	144349966	2
4	144349967	144396505	0
4	144396506	144412936	1
4	144412937	144429759	0
4	144429760	144447972	1
4	144447973	144503772	0
4	144503773	144513151	1
4	144513152	144619395	0
4	144619396	144654777	2
4	144654778	144699190	0
4	144699191	144921573	1
4	144921574	144940031	0
4	144940032	144973438	1
4	144973439	144993705	0
4	144993706	145041715	1
4	145041716	145237327	0
4	145237328	145265756	2
4	145265757	145311734	0
4	145311735	145351913	2
4	145351914	145397253	0
4	145397254	145431009	2
4	145431010	145595362	0
4	145595363	145626543	2
4	145626544	146033880	0
4	146033881	146063189	2
4	146063190	146093392	0
4	146093393	146135323	2
4	146135324	146533478	0
4	146533479	146554747	2
4	146554748	146586482	0
4	146586483	146623850	2
4	146623851	146695416	0
4	146695417	146742615	2
4	146742616	146976151	0
4	146976152	146994045	1
4	146994046	147056431	0
4	147056432	147075210	2
4	147075211	147106305	0
4	147106306	147145249	2
4	147145250	147216493	0
4	147216494	147265034	2
4	147265035	147390129	0
4	147390130	147418189	2
4	147418190	147445758	0
4	147445759	147475459	2
4	147475460	147576872	0
4	147576873	147597941	2
4	147597942	147637732	0
4	147637733	147669653	2
4	147669654	147696392	0
4	147696393	147726968	1
4	147726969	147757957	0
4	147757958	147787008	1
4	147787009	147838429	0
4	147838430	147894243	1
4	147894244	147907441	0
4	147907442	147932821	1
4	147932822	147945233	0
4	147945234	147953271	1
4	147953272	147953434	0
4	147953435	147954813	2
4	147954814	147958054	0
4	147958055	147989159	1
4	147989160	147994208	0
4	147994209	148021222	1
4	148021223	148025350	0
4	148025351	148031769	2
4	148031770	148070243	0
4	148070244	148071660	2
4	148071661	148085177	0
4	148085178	148086534	2
4	148086535	148088714	0
4	148088715	148123276	1
4	148123277	148123532	0
4	148123533	148144006	2
4	148144007	148161516	0
4	148161517	148172486	1
4	148172487	148182892	0
4	148182893	148215153	1
4	148215154	148215370	0
4	148215371	148230154	2
4	148230155	148230171	0
4	148230172	148236595	1
4	148236596	148237255	0
4	148237256	148244937	1
4	148244938	148245076	0
4	148245077	148250879	2
4	148250880	148324719	0
4	148324720	148372420	1
4	148372421	148518950	0
4	148518951	148529226	1
4	148529227	148533066	0
4	148533067	148579638	2
4	148579639	148584915	3
4	148584916	148642138	2
4	148642139	148642884	0
4	148642885	148666856	2
4	148666857	148675958	0
4	148675959	148679074	2
4	148679075	148687009	0
4	148687010	148696837	2
4	148696838	148699954	3
4	148699955	148711474	1
4	148711475	148727772	0
4	148727773	148756027	2
4	148756028	148888884	0
4	148888885	149039344	2
4	149039345	149044990	0
4	149044991	149184331	1
4	149184332	149188601	0
4	149188602	149205102	2
4	149205103	149209489	0
4	149209490	149211218	1
4	149211219	149212653	0
4	149212654	149222084	1
4	149222085	149234446	0
4	149234447	149251162	1
4	149251163	149260774	0
4	149260775	149392147	1
4	149392148	149412871	0
4	149412872	149511204	1
4	149511205	149534142	0
4	149534143	149539433	1
4	149539434	149552027	0
4	149552028	149561833	1
4	149561834	149567794	3
4	149567795	149569657	1
4	149569658	149569684	0
4	149569685	149581123	2
4	149581124	149602691	0
4	149602692	149650892	2
4	149650893	149670923	0
4	149670924	149733354	2
4	149733355	149733623	0
4	149733624	149787026	1
4	149787027	149799830	0
4	149799831	149822499	1
4	149822500	149828491	0
4	149828492	149858732	1
4	149858733	149980738	0
4	149980739	150039498	1
4	150039499	150063930	0
4	150063931	150093478	1
4	150093479	150171820	0
4	150171821	150190382	2
4	150190383	150203738	0
4	150203739	150228624	2
4	150228625	150233427	0
4	150233428	150252937	2
4	150252938	150271470	0
4	150271471	150285787	1
4	150285788	150321176	0
4	150321177	150333334	2
4	150333335	150366101	0
4	150366102	150706421	2
4	150706422	150713027	0
4	150713028	150736629	1
4	150736630	150938374	0
4	150938375	150953347	2
4	150953348	150981588	0
4	150981589	150998892	1
4	150998893	150999017	0
4	150999018	151001777	2
4	151001778	151018866	3
4	151018867	151081552	1
4	151081553	151086265	3
4	151086266	151174025	1
4	151174026	151175904	3
4	151175905	151946331	1
4	151946332	152018146	0
4	152018147	152066592	2
4	152066593	152067094	0
4	152067095	152073452	1
4	152073453	152074088	0
4	152074089	152080713	1
4	152080714	152093258	0
4	152093259	152102135	2
4	152102136	152104229	0
4	152104230	152112116	1
4	152112117	152112369	0
4	152112370	152123023	1
4	152123024	152123782	0
4	152123783	152145949	2
4	152145950	152156953	0
4	152156954	152199855	2
4	152199856	152200389	0
4	152200390	152204574	2
4	152204575	152204786	0
4	152204787	152236826	1
4	152236827	152243322	0
4	152243323	152246924	2
4	152246925	152262589	0
4	152262590	152356310	2
4	152356311	152358687	0
4	152358688	152369792	2
4	152369793	152370427	0
4	152370428	152376117	1
4	152376118	152381682	0
4	152381683	152391474	2
4	152391475	152391576	3
4	152391577	152403063	1
4	152403064	152410308	0
4	152410309	152418526	2
4	152418527	152423106	0
4	152423107	152474649	2
4	152474650	152475197	0
4	152475198	152562365	1
4	152562366	152562597	0
4	152562598	152647638	2
4	152647639	153457676	0
4	153457677	153567266	1
4	153567267	154041692	0
4	154041693	154046380	2
4	154046381	154048904	0
4	154048905	154059581	1
4	154059582	154059649	0
4	154059650	154093187	2
4	154093188	154096186	0
4	154096187	154104925	2
4	154104926	154105968	3
4	154105969	154110685	1
4	154110686	154111094	0
4	154111095	154127132	1
4	154127133	154140704	0
4	154140705	154224663	1
4	154224664	154226827	0
4	154226828	154241271	2
4	154241272	154241940	0
4	154241941	154245121	1
4	154245122	154255185	0
4	154255186	154360168	2
4	154360169	154362941	0
4	154362942	154386131	1
4	154386132	154400580	0
4	154400581	154721328	1
4	154721329	154750888	0
4	154750889	154752322	1
4	154752323	154921914	0
4	154921915	154951582	2
4	154951583	154954040	0
4	154954041	154979983	2
4	154979984	154980854	0
4	154980855	154983590	1
4	154983591	155006388	0
4	155006389	155013018	1
4	155013019	155045378	0
4	155045379	155046826	2
4	155046827	155048578	0
4	155048579	155065393	2
4	155065394	155067570	0
4	155067571	155141239	1
4	155141240	155151471	0
4	155151472	155156888	2
4	155156889	155158565	0
4	155158566	155170828	1
4	155170829	155171032	0
4	155171033	155229960	2
4	155229961	155238530	0
4	155238531	155307047	1
4	155307048	155334421	0
4	155334422	155341142	2
4	155341143	155344584	0
4	155344585	155445816	1
4	155445817	155469435	0
4	155469436	155482567	1
4	155482568	155493713	0
4	155493714	155551278	2
4	155551279	155553569	0
4	155553570	155555313	2
4	155555314	155575816	0
4	155575817	155643724	2
4	155643725	155646833	0
4	155646834	155675456	2
4	155675457	155685871	0
4	155685872	155698868	2
4	155698869	155707795	3
4	155707796	155709324	1
4	155709325	155729863	3
4	155729864	155734393	2
4	155734394	155735110	0
4	155735111	155737839	1
4	155737840	155739137	0
4	155739138	155753653	1
4	155753654	155778797	0
4	155778798	155780936	2
4	155780937	155789255	0
4	155789256	155818334	2
4	155818335	155819255	0
4	155819256	155825019	2
4	155825020	155825096	0
4	155825097	155845548	1
4	155845549	155852604	0
4	155852605	155859153	1
4	155859154	155866046	0
4	155866047	155870329	1
4	155870330	155874894	0
4	155874895	155883958	2
4	155883959	155887976	0
4	155887977	155893286	2
4	155893287	155896944	0
4	155896945	155908998	2
4	155908999	155915727	0
4	155915728	155917585	2
4	155917586	155924135	0
4	155924136	155928543	2
4	155928544	155931857	0
4	155931858	155943723	2
4	155943724	155943758	3
4	155943759	155947817	1
4	155947818	155949178	0
4	155949179	155953895	1
4	155953896	155954001	0
4	155954002	155973317	2
4	155973318	155973558	3
4	155973559	155976236	1
4	155976237	155976277	0
4	155976278	155991706	2
4	155991707	156028286	0
4	156028287	156044059	2
4	156044060	156046773	0
4	156046774	156051084	2
4	156051085	156073921	0
4	156073922	156077104	1
4	156077105	156077327	0
4	156077328	156098065	2
4	156098066	156098298	0
4	156098299	156101067	2
4	156101068	156110619	0
4	156110620	156113350	2
4	156113351	156119295	0
4	156119296	156143869	1
4	156143870	156194437	0
4	156194438	156211720	2
4	156211721	156214968	0
4	156214969	156217875	2
4	156217876	156249745	0
4	156249746	156281943	1
4	156281944	156283910	0
4	156283911	156285251	1
4	156285252	156300323	0
4	156300324	156305762	2
4	156305763	156306107	0
4	156306108	156319312	1
4	156319313	156320465	0
4	156320466	156331421	2
4	156331422	156332071	3
4	156332072	156340715	1
4	156340716	156683396	0
4	156683397	156691792	2
