<CHROM>	<START>	<END>	<TSB>
5	0	3393730	0
5	3393731	3581006	2
5	3581007	3593831	0
5	3593832	3620236	2
5	3620237	3621671	0
5	3621672	3633976	2
5	3633977	3634354	3
5	3634355	3646064	1
5	3646065	3646583	3
5	3646584	3682930	2
5	3682931	3687228	3
5	3687229	3687230	2
5	3687231	3701179	1
5	3701180	3707183	3
5	3707184	3730323	2
5	3730324	3739998	0
5	3739999	3852923	1
5	3852924	3853182	0
5	3853183	3916594	2
5	3916595	3940579	0
5	3940580	3943931	1
5	3943932	3978176	0
5	3978177	4131143	2
5	4131144	4131308	3
5	4131309	4154744	1
5	4154745	4242365	0
5	4242366	4247649	2
5	4247650	4803837	0
5	4803838	4808033	1
5	4808034	4853389	0
5	4853390	5470310	1
5	5470311	5487825	0
5	5487826	5529141	1
5	5529142	5555013	0
5	5555014	5564871	1
5	5564872	5587452	0
5	5587453	5609536	1
5	5609537	5623797	0
5	5623798	5626201	2
5	5626202	5629276	0
5	5629277	5714237	1
5	5714238	5714827	0
5	5714828	5744576	1
5	5744577	5786315	0
5	5786316	5799324	1
5	5799325	6819008	0
5	6819009	7354123	1
5	7354124	7361489	3
5	7361490	7394754	1
5	7394755	8010455	0
5	8010456	8032211	2
5	8032212	8096076	0
5	8096077	8119377	2
5	8119378	8122350	0
5	8122351	8418079	1
5	8418080	8446971	0
5	8446972	8472714	1
5	8472715	8472848	0
5	8472849	8504795	2
5	8504796	8540332	0
5	8540333	8672950	1
5	8672951	8710075	0
5	8710076	8798573	2
5	8798574	8848184	0
5	8848185	8916313	2
5	8916314	8943715	0
5	8943716	9009224	2
5	9009225	9016031	0
5	9016032	9047322	1
5	9047323	9150745	0
5	9150746	9168799	2
5	9168800	9169043	3
5	9169044	9211774	1
5	9211775	9316130	0
5	9316131	9531823	2
5	9531824	9535539	0
5	9535540	9775168	1
5	9775169	10292006	0
5	10292007	10296491	1
5	10296492	10997770	0
5	10997771	11094913	2
5	11094914	11177599	0
5	11177600	11182452	2
5	11182453	11233037	0
5	11233038	11237775	2
5	11237776	11305998	0
5	11305999	11310459	2
5	11310460	11391481	0
5	11391482	11396251	2
5	11396252	11466383	0
5	11466384	11471200	2
5	11471201	11552650	0
5	11552651	11557382	2
5	11557383	11644878	0
5	11644879	11649749	2
5	11649750	11731924	0
5	11731925	11736821	2
5	11736822	11820513	0
5	11820514	11825265	2
5	11825266	11895504	0
5	11895505	11900317	2
5	11900318	11968008	0
5	11968009	11972786	2
5	11972787	12433350	0
5	12433351	12638913	2
5	12638914	13446749	0
5	13446750	13652531	2
5	13652532	13841631	0
5	13841632	13846832	2
5	13846833	14075288	0
5	14075289	14306701	2
5	14306702	14564930	0
5	14564931	14913471	2
5	14913472	14960134	0
5	14960135	14964911	1
5	14964912	14983233	0
5	14983234	14988441	1
5	14988442	15024125	0
5	15024126	15028947	1
5	15028948	15078962	0
5	15078963	15083010	1
5	15083011	15676699	0
5	15676700	15681519	1
5	15681520	15729452	0
5	15729453	15734218	1
5	15734219	15782329	0
5	15782330	15787074	2
5	15787075	15824060	0
5	15824061	15828860	2
5	15828861	15857282	0
5	15857283	15862055	1
5	15862056	15914497	0
5	15914498	15919267	1
5	15919268	16139687	0
5	16139688	16579507	2
5	16579508	16758546	0
5	16758547	16825148	2
5	16825149	16996806	0
5	16996807	17087048	2
5	17087049	17578176	0
5	17578177	17583024	2
5	17583025	17681094	0
5	17681095	17685932	2
5	17685933	17779277	0
5	17779278	17935264	2
5	17935265	17986686	0
5	17986687	18093797	1
5	18093798	18167545	0
5	18167546	18224830	2
5	18224831	18470131	0
5	18470132	18565351	1
5	18565352	19432032	0
5	19432033	20909788	2
5	20909789	20963659	0
5	20963660	21087120	1
5	21087121	21087187	0
5	21087188	21091866	2
5	21091867	21098024	0
5	21098025	21161394	1
5	21161395	21191641	0
5	21191642	21260907	1
5	21260908	21391285	0
5	21391286	21497957	2
5	21497958	21520127	3
5	21520128	21577638	1
5	21577639	21583370	3
5	21583371	21629673	1
5	21629674	21629954	0
5	21629955	21687120	2
5	21687121	21688843	0
5	21688844	21748559	1
5	21748560	21780900	3
5	21780901	21850601	1
5	21850602	21850809	0
5	21850810	21867690	2
5	21867691	21867897	0
5	21867898	21906392	1
5	21906393	21942137	0
5	21942138	21962148	2
5	21962149	21962263	0
5	21962264	21990247	1
5	21990248	21990279	0
5	21990280	22008783	2
5	22008784	22015651	0
5	22015652	22070600	1
5	22070601	22089450	0
5	22089451	22549698	1
5	22549699	22691485	0
5	22691486	22755371	1
5	22755372	22951055	0
5	22951056	23480593	2
5	23480594	23639437	0
5	23639438	23708260	2
5	23708261	23709231	3
5	23709232	23889613	1
5	23889614	23945644	0
5	23945645	23988707	1
5	23988708	23992707	0
5	23992708	24025365	2
5	24025366	24043940	0
5	24043941	24049157	1
5	24049158	24120273	0
5	24120274	24235686	1
5	24235687	24305601	0
5	24305602	24365788	2
5	24365789	24369959	0
5	24369960	24389009	2
5	24389010	24524585	0
5	24524586	24556600	1
5	24556601	24569806	0
5	24569807	24589177	2
5	24589178	24589323	3
5	24589324	24589470	2
5	24589471	24597139	1
5	24597140	24598659	0
5	24598660	24615050	2
5	24615051	24618388	0
5	24618389	24622830	2
5	24622831	24623237	0
5	24623238	24628526	1
5	24628527	24628833	0
5	24628834	24643436	2
5	24643437	24645946	3
5	24645947	24650283	1
5	24650284	24650454	0
5	24650455	24652850	1
5	24652851	24657173	0
5	24657174	24707043	2
5	24707044	24707753	0
5	24707754	24732198	1
5	24732199	24737693	0
5	24737694	24745974	1
5	24745975	24748428	0
5	24748429	24760465	1
5	24760466	24770341	0
5	24770342	24782463	1
5	24782464	24791737	0
5	24791738	24797618	2
5	24797619	24799391	3
5	24799392	24829407	1
5	24829408	24890528	0
5	24890529	24915374	2
5	24915375	24916734	0
5	24916735	24935723	1
5	24935724	24955999	0
5	24956000	24963004	1
5	24963005	25007819	0
5	25007820	25047620	1
5	25047621	25067740	0
5	25067741	25305638	1
5	25305639	25386456	0
5	25386457	25425293	2
5	25425294	25427844	0
5	25427845	25427878	1
5	25427879	25428149	3
5	25428150	25470914	2
5	25470915	25476794	0
5	25476795	25703751	1
5	25703752	25721063	0
5	25721064	25723023	2
5	25723024	25894808	0
5	25894809	25910821	1
5	25910822	25964993	0
5	25964994	26055684	2
5	26055685	26140787	0
5	26140788	26147377	1
5	26147378	26153249	0
5	26153250	26159413	1
5	26159414	26170957	0
5	26170958	26177659	1
5	26177660	26187026	0
5	26187027	26193646	1
5	26193647	26204018	0
5	26204019	26209794	1
5	26209795	26222274	0
5	26222275	26227912	1
5	26227913	26237842	0
5	26237843	26244554	1
5	26244555	26256879	0
5	26256880	26263577	1
5	26263578	26287570	0
5	26287571	26294287	1
5	26294288	26303664	0
5	26303665	26310358	1
5	26310359	26319760	0
5	26319761	26326417	1
5	26326418	26462687	0
5	26462688	26469304	2
5	26469305	27022353	0
5	27022354	27700635	2
5	27700636	27706434	3
5	27706435	27932501	2
5	27932502	27945076	0
5	27945077	27996546	1
5	27996547	28047145	0
5	28047146	28060084	2
5	28060085	28276359	0
5	28276360	28283658	2
5	28283659	28370690	0
5	28370691	28377162	2
5	28377163	28405815	0
5	28405816	28450802	1
5	28450803	28522173	0
5	28522174	28624235	2
5	28624236	28661811	0
5	28661812	28672252	1
5	28672253	29400988	0
5	29400989	29430520	2
5	29430521	29434798	0
5	29434799	29583386	1
5	29583387	29639660	0
5	29639661	29662839	2
5	29662840	29678030	0
5	29678031	29683466	1
5	29683467	29774238	0
5	29774239	29881088	2
5	29881089	29940684	0
5	29940685	30023130	2
5	30023131	30218110	0
5	30218111	30224977	2
5	30224978	30263823	0
5	30263824	30278613	1
5	30278614	30308580	0
5	30308581	30310157	1
5	30310158	30311082	3
5	30311083	30323300	2
5	30323301	30323374	3
5	30323375	30360158	1
5	30360159	30360244	0
5	30360245	30389589	2
5	30389590	30398427	0
5	30398428	30410718	1
5	30410719	30437577	0
5	30437578	30477423	2
5	30477424	30486384	0
5	30486385	30524037	2
5	30524038	30524404	0
5	30524405	30619274	1
5	30619275	30623389	0
5	30623390	30641430	2
5	30641431	30642925	0
5	30642926	30703178	1
5	30703179	30745512	0
5	30745513	30782613	2
5	30782614	30805275	0
5	30805276	30817071	2
5	30817072	30824119	0
5	30824120	30832172	2
5	30832173	30868906	0
5	30868907	30956717	2
5	30956718	30971983	0
5	30971984	31023448	2
5	31023449	31025354	0
5	31025355	31036522	2
5	31036523	31046036	0
5	31046037	31063227	2
5	31063228	31064307	3
5	31064308	31065130	1
5	31065131	31070744	0
5	31070745	31078619	2
5	31078620	31078773	0
5	31078774	31088590	2
5	31088591	31090485	0
5	31090486	31102933	1
5	31102934	31108195	0
5	31108196	31117703	1
5	31117704	31126004	0
5	31126005	31134360	2
5	31134361	31193378	0
5	31193379	31205654	1
5	31205655	31205904	3
5	31205905	31205977	1
5	31205978	31206266	3
5	31206267	31211965	2
5	31211966	31212122	0
5	31212123	31235821	2
5	31235822	31243448	0
5	31243449	31265579	1
5	31265580	31265649	0
5	31265650	31269868	2
5	31269869	31274054	0
5	31274055	31294972	2
5	31294973	31295405	0
5	31295406	31296171	1
5	31296172	31297996	0
5	31297997	31337486	1
5	31337487	31344900	0
5	31344901	31350569	1
5	31350570	31350772	3
5	31350773	31356242	2
5	31356243	31356323	0
5	31356324	31359645	1
5	31359646	31360006	0
5	31360007	31378029	1
5	31378030	31398206	0
5	31398207	31408908	2
5	31408909	31409048	0
5	31409049	31410544	2
5	31410545	31410619	0
5	31410620	31448458	1
5	31448459	31449584	0
5	31449585	31453422	1
5	31453423	31454785	0
5	31454786	31484656	2
5	31484657	31609773	0
5	31609774	31639096	2
5	31639097	31643201	0
5	31643202	31645818	2
5	31645819	31652083	0
5	31652084	31670246	2
5	31670247	31671906	0
5	31671907	31684115	1
5	31684116	31684337	0
5	31684338	31711802	2
5	31711803	31771281	0
5	31771282	31779986	2
5	31779987	31781781	0
5	31781782	31854969	1
5	31854970	31855026	0
5	31855027	32242304	2
5	32242305	32293143	0
5	32293144	32315184	2
5	32315185	32390056	0
5	32390057	32521698	2
5	32521699	32616185	0
5	32616186	32652865	2
5	32652866	32768513	0
5	32768514	32844399	2
5	32844400	32893643	0
5	32893644	33011598	1
5	33011599	33021043	0
5	33021044	33151578	2
5	33151579	33176158	0
5	33176159	33185308	2
5	33185309	33261561	0
5	33261562	33320212	2
5	33320213	33371269	0
5	33371270	33375797	1
5	33375798	33405065	0
5	33405066	33432336	1
5	33432337	33492851	0
5	33492852	33530638	2
5	33530639	33536038	0
5	33536039	33577096	2
5	33577097	33588076	0
5	33588077	33591318	1
5	33591319	33757689	0
5	33757690	33786977	1
5	33786978	33787267	0
5	33787268	33789434	2
5	33789435	33792294	0
5	33792295	33809916	1
5	33809917	33810558	0
5	33810559	33815470	1
5	33815471	33815758	3
5	33815759	33836337	2
5	33836338	33879016	0
5	33879017	33894410	2
5	33894411	33897015	0
5	33897016	33940159	1
5	33940160	33978067	0
5	33978068	34055258	2
5	34055259	34055308	3
5	34055309	34093755	1
5	34093756	34140775	0
5	34140776	34142355	2
5	34142356	34153326	0
5	34153327	34163258	2
5	34163259	34164540	0
5	34164541	34326869	1
5	34326870	34331229	0
5	34331230	34345062	1
5	34345063	34352235	0
5	34352236	34445779	1
5	34445780	34445942	0
5	34445943	34484669	2
5	34484670	34493631	0
5	34493632	34510781	2
5	34510782	34527275	0
5	34527276	34643798	2
5	34643799	34653429	0
5	34653430	34671333	1
5	34671334	34683180	0
5	34683181	34720983	2
5	34720984	34731006	0
5	34731007	34789650	2
5	34789651	34790984	0
5	34790985	34794554	1
5	34794555	34795878	0
5	34795879	34817490	1
5	34817491	34817721	0
5	34817722	34912645	2
5	34912646	34919086	0
5	34919087	35069876	2
5	35069877	35072430	0
5	35072431	35081181	2
5	35081182	35106787	0
5	35106788	35196986	2
5	35196987	35198851	0
5	35198852	35205766	2
5	35205767	35214108	0
5	35214109	35245181	2
5	35245182	35248843	0
5	35248844	35263108	1
5	35263109	35435661	0
5	35435662	35439105	2
5	35439106	35546450	0
5	35546451	35557072	2
5	35557073	35659560	0
5	35659561	35683040	1
5	35683041	35713545	0
5	35713546	35732412	1
5	35732413	35740382	0
5	35740383	35772694	2
5	35772695	35809365	0
5	35809366	35837124	1
5	35837125	35854522	0
5	35854523	35897329	1
5	35897330	35915222	0
5	35915223	36042315	2
5	36042316	36050661	0
5	36050662	36161265	2
5	36161266	36174522	0
5	36174523	36361363	1
5	36361364	36363910	3
5	36363911	36555481	1
5	36555482	36622340	0
5	36622341	36631012	2
5	36631013	36631422	3
5	36631423	36641627	1
5	36641628	36641930	0
5	36641931	36645514	2
5	36645515	36647946	0
5	36647947	36750618	1
5	36750619	36757827	0
5	36757828	36853366	1
5	36853367	36904720	0
5	36904721	36905992	1
5	36905993	36952209	0
5	36952210	36954114	1
5	36954115	36964263	0
5	36964264	36987995	1
5	36987996	37025855	0
5	37025856	37112420	2
5	37112421	37123446	0
5	37123447	37146547	1
5	37146548	37185677	0
5	37185678	37386889	2
5	37386890	37399282	0
5	37399283	37446440	2
5	37446441	37449475	3
5	37449476	37494236	1
5	37494237	37495841	0
5	37495842	37582397	2
5	37582398	37604167	0
5	37604168	37874513	1
5	37874514	37892861	0
5	37892862	37897162	2
5	37897163	37977827	0
5	37977828	37981925	1
5	37981926	38196084	0
5	38196085	38294534	2
5	38294535	38295107	3
5	38295108	38317249	1
5	38317250	38357422	0
5	38357423	38377799	1
5	38377800	38377812	0
5	38377813	38391648	2
5	38391649	38417527	0
5	38417528	38426976	2
5	38426977	38433314	0
5	38433315	38461550	2
5	38461551	38476708	0
5	38476709	38479859	2
5	38479860	38506614	0
5	38506615	38660484	1
5	38660485	38684154	0
5	38684155	38719147	1
5	38719148	38825825	0
5	38825826	38842167	1
5	38842168	38863803	0
5	38863804	39034153	1
5	39034154	39771276	0
5	39771277	39912816	1
5	39912817	41782317	0
5	41782318	41865498	1
5	41865499	41918824	0
5	41918825	41921842	1
5	41921843	41944879	0
5	41944880	42001656	1
5	42001657	42225301	0
5	42225302	42374139	2
5	42374140	43390511	0
5	43390512	43447065	2
5	43447066	43672879	0
5	43672880	43776143	2
5	43776144	43819686	0
5	43819687	43898312	2
5	43898313	43901955	0
5	43901956	43976231	1
5	43976232	43978978	3
5	43978979	44001326	2
5	44001327	44025893	0
5	44025894	44069715	2
5	44069716	44070484	0
5	44070485	44071257	2
5	44071258	44136198	0
5	44136199	44139119	1
5	44139120	44150960	0
5	44150961	44259372	1
5	44259373	44332494	0
5	44332495	44383962	1
5	44383963	44629472	0
5	44629473	44957020	1
5	44957021	45591361	0
5	45591362	45607576	1
5	45607577	45611091	0
5	45611092	45621489	2
5	45621490	45650714	0
5	45650715	45670031	2
5	45670032	45677569	0
5	45677570	45686616	2
5	45686617	45687045	0
5	45687046	45796954	1
5	45796955	45827259	0
5	45827260	45854521	2
5	45854522	45857886	3
5	45857887	46014955	1
5	46014956	48140478	0
5	48140479	48465073	2
5	48465074	48529669	0
5	48529670	48546185	2
5	48546186	48546842	0
5	48546843	49682247	1
5	49682248	50117296	0
5	50117297	50216346	1
5	50216347	51611590	0
5	51611591	51725066	1
5	51725067	52307543	0
5	52307544	52347854	1
5	52347855	52521131	0
5	52521132	52528758	2
5	52528759	52531991	0
5	52531992	52628861	1
5	52628862	52690857	0
5	52690858	52723802	1
5	52723803	52797427	0
5	52797428	52827048	1
5	52827049	52898914	0
5	52898915	52926680	2
5	52926681	52940394	0
5	52940395	52982005	2
5	52982006	52991352	0
5	52991353	53025137	2
5	53025138	53195421	0
5	53195422	53229004	2
5	53229005	53264423	0
5	53264424	53370792	1
5	53370793	53424478	0
5	53424479	53435880	2
5	53435881	53623492	0
5	53623493	53814702	2
5	53814703	53855116	0
5	53855117	53865045	1
5	53865046	53966967	0
5	53966968	54061305	2
5	54061306	54155839	0
5	54155840	54278397	2
5	54278398	57875307	0
5	57875308	58290570	2
5	58290571	61966157	0
5	61966158	61968504	2
5	61968505	62759786	0
5	62759787	62923500	1
5	62923501	62969015	0
5	62969016	63045649	2
5	63045650	63806449	0
5	63806450	63967887	2
5	63967888	63969704	0
5	63969705	64056966	2
5	64056967	64066238	0
5	64066239	64126238	1
5	64126239	64250291	0
5	64250292	64285692	2
5	64285693	64313646	0
5	64313647	64508827	2
5	64508828	64960729	0
5	64960730	64990242	2
5	64990243	65082020	0
5	65082021	65090902	1
5	65090903	65109372	0
5	65109373	65117438	1
5	65117439	65127412	0
5	65127413	65199227	2
5	65199228	65219877	0
5	65219878	65249473	1
5	65249474	65264880	0
5	65264881	65325529	2
5	65325530	65357037	0
5	65357038	65417756	2
5	65417757	65419191	0
5	65419192	65493011	1
5	65493012	65505655	0
5	65505656	65541348	2
5	65541349	65545705	0
5	65545706	65548785	1
5	65548786	65548838	0
5	65548839	65568034	2
5	65568035	65570562	0
5	65570563	65694525	1
5	65694526	65694574	0
5	65694575	65756329	2
5	65756330	65763062	0
5	65763063	65855509	1
5	65855510	65920862	0
5	65920863	65987449	2
5	65987450	66018554	0
5	66018555	66054041	2
5	66054042	66092262	0
5	66092263	66134667	2
5	66134668	66145269	0
5	66145270	66161626	1
5	66161627	66173890	0
5	66173891	66330459	1
5	66330460	66417238	0
5	66417239	66455367	2
5	66455368	66456066	0
5	66456067	66776125	1
5	66776126	66833432	0
5	66833433	66844575	2
5	66844576	66903186	0
5	66903187	67214499	2
5	67214500	67251740	0
5	67251741	67256642	1
5	67256643	67417906	0
5	67417907	67448802	2
5	67448803	67464296	0
5	67464297	67515784	2
5	67515785	67549488	0
5	67549489	67585651	1
5	67585652	67765223	0
5	67765224	67771333	2
5	67771334	67775481	0
5	67775482	68004775	1
5	68004776	68084602	0
5	68084603	68099010	1
5	68099011	68103762	3
5	68103763	68134411	2
5	68134412	68189176	0
5	68189177	68323739	2
5	68323740	69266626	0
5	69266627	69499020	1
5	69499021	69674012	0
5	69674013	69699989	1
5	69699990	69714302	0
5	69714303	69730445	2
5	69730446	69732342	0
5	69732343	69749681	1
5	69749682	70908388	0
5	70908389	70999958	1
5	70999959	71114938	0
5	71114939	71253190	1
5	71253191	71600165	0
5	71600166	71705546	1
5	71705547	71727090	0
5	71727091	71815454	1
5	71815455	71815649	3
5	71815650	72306378	2
5	72306379	72313916	0
5	72313917	72325530	1
5	72325531	72457366	0
5	72457367	72661814	1
5	72661815	72670642	0
5	72670643	72717025	1
5	72717026	72734455	0
5	72734456	72738595	1
5	72738596	72738980	0
5	72738981	72744891	1
5	72744892	72761037	0
5	72761038	72800093	1
5	72800094	72805136	0
5	72805137	72828419	2
5	72828420	72853319	0
5	72853320	72910118	1
5	72910119	72913057	0
5	72913058	73025800	1
5	73025801	73071645	0
5	73071646	73123149	2
5	73123150	73132043	3
5	73132044	73136170	2
5	73136171	73164224	0
5	73164225	73170296	2
5	73170297	73177328	0
5	73177329	73413960	1
5	73413961	73450125	0
5	73450126	73471410	2
5	73471411	73479540	0
5	73479541	73498369	1
5	73498370	73563416	0
5	73563417	73610776	2
5	73610777	73638341	0
5	73638342	73718135	2
5	73718136	73763983	0
5	73763984	73789867	1
5	73789868	73790090	0
5	73790091	73805131	1
5	73805132	73808720	0
5	73808721	73836853	2
5	73836854	74159112	0
5	74159113	74229090	1
5	74229091	74355945	0
5	74355946	74360140	2
5	74360141	74365475	0
5	74365476	74692418	1
5	74692419	74696108	0
5	74696109	74753106	2
5	74753107	74759449	3
5	74759450	74759459	2
5	74759460	74863571	1
5	74863572	75158647	0
5	75158648	75205433	1
5	75205434	75236260	0
5	75236261	75238552	2
5	75238553	75312951	0
5	75312952	75358874	2
5	75358875	75735574	0
5	75735575	75817380	2
5	75817381	76093485	0
5	76093486	76139116	1
5	76139117	76288116	0
5	76288117	76303324	2
5	76303325	76331725	0
5	76331726	76357090	2
5	76357091	76357713	0
5	76357714	76452637	1
5	76452638	76459960	0
5	76459961	76479001	1
5	76479002	76481340	0
5	76481341	76511633	1
5	76511634	76631885	0
5	76631886	76664494	2
5	76664495	76677156	0
5	76677157	76718139	2
5	76718140	76736546	0
5	76736547	76794311	2
5	76794312	76804357	0
5	76804358	77021399	2
5	77021400	77023780	0
5	77023781	77053359	1
5	77053360	77061121	0
5	77061122	77099152	1
5	77099153	77099423	3
5	77099424	77115354	2
5	77115355	77122528	0
5	77122529	77147782	2
5	77147783	77151900	0
5	77151901	77158451	2
5	77158452	77163868	0
5	77163869	77209374	2
5	77209375	77234833	0
5	77234834	77262966	1
5	77262967	77352952	0
5	77352953	77359316	1
5	77359317	77413336	0
5	77413337	77434277	2
5	77434278	77442027	0
5	77442028	77457929	1
5	77457930	77457992	0
5	77457993	77497085	2
5	77497086	77497169	3
5	77497170	77555886	1
5	77555887	81169047	0
5	81169048	81944490	2
5	81944491	82270253	0
5	82270254	82272558	1
5	82272559	83425990	0
5	83425991	83503040	1
5	83503041	84202618	0
5	84202619	84565216	1
5	84565217	86159881	0
5	86159882	86213440	1
5	86213441	86219603	0
5	86219604	86253982	2
5	86253983	86257144	0
5	86257145	86320660	1
5	86320661	86328611	0
5	86328612	86345758	1
5	86345759	86379338	0
5	86379339	86437165	1
5	86437166	86450074	0
5	86450075	86521277	1
5	86521278	86558267	0
5	86558268	86616847	1
5	86616848	86633733	0
5	86633734	86666457	1
5	86666458	86669755	0
5	86669756	86780281	1
5	86780282	86805488	0
5	86805489	86824219	1
5	86824220	86853043	0
5	86853044	86893672	1
5	86893673	86952078	0
5	86952079	86984516	2
5	86984517	87037624	0
5	87037625	87054794	1
5	87054795	87064495	0
5	87064496	87074387	1
5	87074388	87148717	0
5	87148718	87161132	2
5	87161133	87213784	0
5	87213785	87240412	1
5	87240413	87272817	0
5	87272818	87288175	1
5	87288176	87388350	0
5	87388351	87402661	1
5	87402662	87472829	0
5	87472830	87485052	1
5	87485053	87557799	0
5	87557800	87572060	1
5	87572061	87607347	0
5	87607348	87638728	1
5	87638729	87661196	0
5	87661197	87686052	1
5	87686053	87702502	0
5	87702503	87716884	1
5	87716885	87723826	0
5	87723827	87739451	1
5	87739452	87814084	0
5	87814085	87830435	2
5	87830436	87840481	0
5	87840482	87847487	1
5	87847488	87922424	0
5	87922425	87936654	2
5	87936655	87955939	0
5	87955940	87972283	2
5	87972284	87973543	0
5	87973544	87994244	2
5	87994245	88032886	0
5	88032887	88042031	2
5	88042032	88073436	0
5	88073437	88080522	2
5	88080523	88117316	0
5	88117317	88156391	2
5	88156392	88234413	0
5	88234414	88256910	2
5	88256911	88258424	0
5	88258425	88259387	1
5	88259388	88301880	0
5	88301881	88301956	1
5	88301957	88416776	0
5	88416777	88430692	2
5	88430693	88465169	0
5	88465170	88476671	2
5	88476672	88523965	0
5	88523966	88533773	2
5	88533774	88603848	0
5	88603849	88616388	2
5	88616389	88635832	0
5	88635833	88653906	2
5	88653907	88668369	0
5	88668370	88675748	1
5	88675749	88702319	0
5	88702320	88703947	2
5	88703948	88712897	0
5	88712898	88799249	2
5	88799250	88807305	0
5	88807306	88824028	1
5	88824029	88868712	0
5	88868713	88912077	2
5	88912078	88912853	0
5	88912854	88931138	2
5	88931139	89034343	0
5	89034344	89387510	2
5	89387511	89565379	0
5	89565380	89605755	1
5	89605756	89675286	0
5	89675287	89731597	2
5	89731598	89824944	0
5	89824945	90031191	1
5	90031192	90362581	0
5	90362582	90371858	1
5	90371859	90375023	0
5	90375024	90514434	1
5	90514435	90608754	0
5	90608755	90624459	2
5	90624460	90638594	0
5	90638595	90656764	2
5	90656765	90666789	0
5	90666790	90701400	2
5	90701401	90708964	0
5	90708965	90745728	2
5	90745729	90750933	0
5	90750934	90788514	1
5	90788515	90907235	0
5	90907236	90909481	2
5	90909482	90916375	0
5	90916376	90917920	2
5	90917921	90920292	0
5	90920293	90921240	2
5	90921241	90933960	0
5	90933961	90935950	2
5	90935951	90942391	0
5	90942392	90950924	2
5	90950925	91039098	0
5	91039099	91040972	2
5	91040973	91051728	0
5	91051729	91053795	2
5	91053796	91079113	0
5	91079114	91169225	2
5	91169226	91175321	0
5	91175322	91183072	2
5	91183073	91222479	0
5	91222480	91241503	2
5	91241504	91287456	0
5	91287457	91296289	2
5	91296290	91505118	0
5	91505119	91550851	1
5	91550852	91665472	0
5	91665473	91774751	2
5	91774752	92096761	0
5	92096762	92110925	1
5	92110926	92135332	0
5	92135333	92143177	2
5	92143178	92153931	0
5	92153932	92190899	1
5	92190900	92200003	0
5	92200004	92231576	1
5	92231577	92285795	0
5	92285796	92350655	2
5	92350656	92374536	0
5	92374537	92404135	1
5	92404136	92405516	0
5	92405517	92426027	1
5	92426028	92431867	0
5	92431868	92458336	1
5	92458337	92469204	0
5	92469205	92475936	1
5	92475937	92479684	0
5	92479685	92494495	2
5	92494496	92496739	3
5	92496740	92562485	2
5	92562486	92563397	0
5	92563398	92583076	1
5	92583077	92589171	0
5	92589172	92653494	1
5	92653495	92702926	0
5	92702927	92739136	2
5	92739137	92750898	0
5	92750899	92754436	2
5	92754437	92756110	0
5	92756111	92823128	1
5	92823129	92831292	0
5	92831293	93113175	2
5	93113176	93188980	0
5	93188981	93192879	1
5	93192880	93241294	0
5	93241295	93324304	2
5	93324305	93329790	0
5	93329791	93354352	1
5	93354353	93354375	0
5	93354376	93361332	2
5	93361333	93415114	0
5	93415115	93424088	2
5	93424089	93629686	0
5	93629687	93688057	1
5	93688058	93782850	0
5	93782851	93819408	1
5	93819409	93991633	0
5	93991634	94003964	2
5	94003965	94072634	0
5	94072635	94076909	1
5	94076910	94214008	0
5	94214009	94218402	1
5	94218403	94224242	0
5	94224243	94228854	2
5	94228855	94365862	0
5	94365863	94369867	2
5	94369868	94450376	0
5	94450377	94454653	1
5	94454654	94462292	0
5	94462293	94465112	2
5	94465113	94487606	0
5	94487607	94532936	2
5	94532937	94593641	0
5	94593642	94596510	2
5	94596511	94674144	0
5	94674145	94694280	2
5	94694281	94759926	0
5	94759927	94764199	1
5	94764200	94771836	0
5	94771837	94774705	2
5	94774706	94796239	0
5	94796240	94834210	2
5	94834211	95013293	0
5	95013294	95033245	2
5	95033246	95136483	0
5	95136484	95174393	2
5	95174394	95254561	0
5	95254562	95259015	2
5	95259016	95330481	0
5	95330482	95343199	2
5	95343200	95416350	0
5	95416351	95420625	1
5	95420626	95453814	0
5	95453815	95491774	2
5	95491775	95604663	0
5	95604664	95633444	2
5	95633445	95658615	0
5	95658616	95670810	2
5	95670811	95738456	0
5	95738457	95742732	1
5	95742733	95879646	0
5	95879647	95884030	1
5	95884031	95889871	0
5	95889872	95894474	2
5	95894475	95923847	0
5	95923848	95952565	2
5	95952566	96104808	0
5	96104809	96108925	2
5	96108926	96218190	0
5	96218191	96312028	1
5	96312029	96357350	0
5	96357351	96414584	2
5	96414585	96521812	0
5	96521813	96932585	2
5	96932586	96941196	0
5	96941197	96993823	2
5	96993824	97145546	0
5	97145547	97230186	2
5	97230187	97239724	3
5	97239725	97259453	1
5	97259454	97530055	0
5	97530056	97540236	1
5	97540237	97602999	0
5	97603000	97604878	1
5	97604879	98030640	0
5	98030641	98178900	1
5	98178901	98315055	0
5	98315056	98336848	2
5	98336849	98402041	0
5	98402042	98424887	2
5	98424888	98477161	0
5	98477162	98949876	2
5	98949877	99002272	0
5	99002273	99032253	2
5	99032254	99077630	0
5	99077631	99185208	1
5	99185209	99365283	0
5	99365284	99876919	1
5	99876920	100054173	0
5	100054174	100098949	2
5	100098950	100103792	0
5	100103793	100126795	1
5	100126796	100181434	0
5	100181435	100187079	1
5	100187080	100187842	0
5	100187843	100216617	2
5	100216618	100225729	0
5	100225730	100307665	1
5	100307666	100509506	0
5	100509507	100564091	1
5	100564092	100589898	0
5	100589899	100648491	1
5	100648492	100666173	0
5	100666174	100695667	2
5	100695668	100701589	0
5	100701590	100720109	1
5	100720110	100802587	0
5	100802588	100823004	1
5	100823005	100827348	0
5	100827349	100867580	1
5	100867581	100910009	0
5	100910010	100946462	1
5	100946463	100946491	0
5	100946492	100952335	2
5	100952336	100953056	0
5	100953057	100968829	1
5	100968830	100993577	0
5	100993578	101046966	2
5	101046967	101806003	0
5	101806004	101812860	1
5	101812861	101912994	0
5	101912995	101971722	2
5	101971723	101980820	0
5	101980821	102217785	1
5	102217786	102629255	0
5	102629256	103045801	2
5	103045802	103055812	0
5	103055813	103359198	1
5	103359199	103573365	0
5	103573366	103746167	2
5	103746168	103753575	0
5	103753576	103777267	1
5	103777268	103795903	0
5	103795904	103803874	1
5	103803875	103902026	0
5	103902027	104003186	2
5	104003187	104009837	0
5	104009838	104059123	1
5	104059124	104103304	0
5	104103305	104125274	1
5	104125275	104137626	0
5	104137627	104169783	1
5	104169784	104194170	0
5	104194171	104213243	2
5	104213244	104217928	0
5	104217929	104225472	1
5	104225473	104226975	0
5	104226976	104261597	1
5	104261598	104318576	0
5	104318577	104327991	2
5	104327992	104350477	0
5	104350478	104361966	2
5	104361967	104447035	0
5	104447036	104459333	2
5	104459334	104473193	0
5	104473194	104486475	2
5	104486476	104582982	0
5	104582983	104588914	2
5	104588915	104607314	0
5	104607315	104653683	2
5	104653684	104656214	0
5	104656215	104702071	2
5	104702072	104961033	0
5	104961034	105007934	1
5	105007935	105082921	0
5	105082922	105130582	1
5	105130583	105162017	0
5	105162018	105287450	1
5	105287451	105362771	0
5	105362772	105441560	1
5	105441561	105563639	0
5	105563640	105637938	2
5	105637939	105667252	0
5	105667253	105760882	2
5	105760883	105847833	0
5	105847834	105963079	2
5	105963080	106024429	0
5	106024430	106063682	2
5	106063683	106600387	0
5	106600388	106606030	1
5	106606031	106756962	0
5	106756963	106757065	2
5	106757066	106764603	0
5	106764604	106844694	1
5	106844695	106988058	0
5	106988059	107074185	1
5	107074186	107112186	0
5	107112187	107132296	2
5	107132297	107254434	0
5	107254435	107437493	1
5	107437494	107479023	0
5	107479024	107534922	2
5	107534923	107550600	0
5	107550601	107577899	2
5	107577900	107579413	0
5	107579414	107582903	2
5	107582904	107585861	0
5	107585862	107696831	2
5	107696832	107728460	3
5	107728461	107745237	1
5	107745238	107745503	3
5	107745504	107745560	1
5	107745561	107745752	3
5	107745753	107809702	2
5	107809703	107864521	0
5	107864522	107873900	1
5	107873901	107892659	0
5	107892660	107977963	1
5	107977964	107979640	3
5	107979641	108022971	1
5	108022972	108048366	0
5	108048367	108055917	2
5	108055918	108056869	3
5	108056870	108134949	1
5	108134950	108213593	0
5	108213594	108254230	2
5	108254231	108256868	3
5	108256869	108280484	1
5	108280485	108280778	0
5	108280779	108381492	2
5	108381493	108416761	0
5	108416762	108428390	2
5	108428391	108460473	0
5	108460474	108497219	2
5	108497220	108513937	0
5	108513938	108515786	1
5	108515787	108536255	0
5	108536256	108579607	2
5	108579608	108581108	0
5	108581109	108582312	1
5	108582313	108588918	0
5	108588919	108596964	1
5	108596965	108609096	0
5	108609097	108654840	2
5	108654841	108666418	0
5	108666419	108697888	1
5	108697889	108717275	0
5	108717276	108777603	1
5	108777604	108777634	0
5	108777635	108794557	2
5	108794558	108796646	3
5	108796647	108808195	1
5	108808196	108808675	3
5	108808676	108817742	2
5	108817743	108823433	3
5	108823434	108832421	2
5	108832422	108840246	0
5	108840247	108854788	2
5	108854789	108877172	0
5	108877173	108922846	1
5	108922847	108925099	0
5	108925100	108956714	1
5	108956715	108983150	0
5	108983151	109000465	1
5	109000466	109137927	0
5	109137928	109154391	1
5	109154392	109191224	0
5	109191225	109207433	1
5	109207434	109231688	0
5	109231689	109245814	1
5	109245815	109300804	0
5	109300805	109340063	1
5	109340064	109359398	0
5	109359399	109372572	1
5	109372573	109433534	0
5	109433535	109445508	1
5	109445509	109478026	0
5	109478027	109518111	2
5	109518112	109567552	0
5	109567553	109606323	2
5	109606324	109702573	0
5	109702574	109706857	1
5	109706858	109822409	0
5	109822410	109838905	1
5	109838906	109883854	0
5	109883855	109899750	1
5	109899751	110071264	0
5	110071265	110091800	2
5	110091801	110144385	0
5	110144386	110158275	2
5	110158276	110194003	0
5	110194004	110220377	1
5	110220378	110224000	0
5	110224001	110242284	1
5	110242285	110247833	0
5	110247834	110251679	2
5	110251680	110251839	0
5	110251840	110256061	1
5	110256062	110257956	0
5	110257957	110277658	2
5	110277659	110283706	0
5	110283707	110319836	2
5	110319837	110324565	0
5	110324566	110374334	2
5	110374335	110378868	0
5	110378869	110404515	2
5	110404516	110406994	0
5	110406995	110417777	1
5	110417778	110422146	0
5	110422147	110434050	1
5	110434051	110434170	0
5	110434171	110485338	2
5	110485339	110487676	0
5	110487677	110491076	1
5	110491077	110492594	0
5	110492595	110503958	2
5	110503959	110509618	0
5	110509619	110596466	1
5	110596467	110692219	0
5	110692220	110769244	2
5	110769245	110796282	0
5	110796283	110801281	1
5	110801282	110801315	0
5	110801316	110808360	2
5	110808361	110812237	0
5	110812238	110918581	1
5	110918582	110921531	0
5	110921532	110928523	1
5	110928524	110932352	0
5	110932353	110957961	1
5	110957962	110976934	0
5	110976935	110987641	1
5	110987642	110987843	0
5	110987844	111022009	2
5	111022010	111027667	0
5	111027668	111437644	2
5	111437645	111478627	0
5	111478628	111536223	2
5	111536224	111565306	0
5	111565307	111604897	2
5	111604898	111881788	0
5	111881789	111882438	2
5	111882439	112394357	0
5	112394358	112400382	1
5	112400383	112403679	0
5	112403680	112417449	2
5	112417450	112424555	0
5	112424556	112463225	2
5	112463226	112474222	0
5	112474223	112485256	2
5	112485257	112485937	3
5	112485938	112490904	1
5	112490905	112490947	0
5	112490948	112501665	2
5	112501666	112503897	3
5	112503898	112526278	2
5	112526279	112532218	0
5	112532219	112542730	1
5	112542731	112567015	0
5	112567016	112597290	1
5	112597291	112599602	3
5	112599603	112725049	1
5	112725050	112836740	0
5	112836741	113044226	1
5	113044227	113058346	0
5	113058347	113163655	1
5	113163656	113206122	0
5	113206123	113217981	1
5	113217982	113223703	0
5	113223704	113229448	1
5	113229449	113234187	0
5	113234188	113369100	1
5	113369101	113374773	0
5	113374774	113387127	2
5	113387128	113391084	0
5	113391085	113458650	1
5	113458651	113505158	0
5	113505159	113505685	2
5	113505686	113638311	0
5	113638312	113727784	2
5	113727785	113750413	0
5	113750414	113788485	1
5	113788486	113830481	0
5	113830482	113862831	1
5	113862832	113873862	0
5	113873863	113878659	2
5	113878660	113880505	0
5	113880506	113910569	1
5	113910570	113910807	0
5	113910808	113916347	2
5	113916348	113931788	0
5	113931789	113938575	1
5	113938576	113956595	0
5	113956596	113970703	1
5	113970704	113980495	0
5	113980496	114046817	1
5	114046818	114075153	0
5	114075154	114131953	1
5	114131954	114141762	0
5	114141763	114163741	2
5	114163742	114164969	0
5	114164970	114203573	1
5	114203574	114229629	3
5	114229630	114261985	2
5	114261986	114262779	3
5	114262780	114266277	1
5	114266278	114268445	0
5	114268446	114277382	2
5	114277383	114284594	0
5	114284595	114388820	2
5	114388821	114392223	0
5	114392224	114411866	1
5	114411867	114427225	0
5	114427226	114501626	2
5	114501627	114502635	3
5	114502636	114518567	1
5	114518568	114518666	0
5	114518667	114559228	2
5	114559229	114569093	0
5	114569094	114582119	1
5	114582120	114582328	0
5	114582329	114598650	2
5	114598651	114706075	0
5	114706076	114751279	2
5	114751280	114760211	0
5	114760212	114796480	1
5	114796481	114807457	0
5	114807458	114829043	1
5	114829044	114845819	0
5	114845820	114860386	2
5	114860387	114865466	0
5	114865467	114912736	1
5	114912737	114913576	3
5	114913577	114943881	2
5	114943882	114946255	0
5	114946256	114961519	1
5	114961520	114991723	0
5	114991724	115021939	2
5	115021940	115034995	0
5	115034996	115050293	2
5	115050294	115061297	0
5	115061298	115075972	2
5	115075973	115080215	0
5	115080216	115087037	2
5	115087038	115087840	3
5	115087841	115109124	1
5	115109125	115149194	0
5	115149195	115235746	2
5	115235747	115236352	3
5	115236353	115236847	2
5	115236848	115248356	0
5	115248357	115257403	1
5	115257404	115260607	0
5	115260608	115273032	1
5	115273033	115281038	0
5	115281039	115296236	1
5	115296237	115306746	0
5	115306747	115332438	1
5	115332439	115373893	0
5	115373894	115379048	2
5	115379049	115379469	0
5	115379470	115410955	1
5	115410956	115417723	0
5	115417724	115435029	2
5	115435030	115435167	0
5	115435168	115439056	1
5	115439057	115465234	0
5	115465235	115471137	2
5	115471138	115471296	0
5	115471297	115479235	1
5	115479236	115479282	0
5	115479283	115481626	2
5	115481627	115483699	0
5	115483700	115487038	1
5	115487039	115567656	0
5	115567657	115593755	2
5	115593756	115604319	0
5	115604320	115612779	2
5	115612780	115616067	0
5	115616068	115622782	1
5	115622783	115644733	0
5	115644734	115694044	2
5	115694045	115697524	0
5	115697525	115701784	2
5	115701785	115703311	0
5	115703312	115760711	2
5	115760712	115769965	0
5	115769966	115785793	2
5	115785794	115786232	0
5	115786233	115869678	1
5	115869679	115983337	0
5	115983338	116147004	2
5	116147005	116151643	0
5	116151644	116162565	1
5	116162566	116176812	0
5	116176813	116221303	1
5	116221304	116262698	0
5	116262699	116427042	1
5	116427043	116546548	0
5	116546549	116560921	1
5	116560922	116577333	0
5	116577334	116729874	1
5	116729875	117229743	0
5	117229744	117254176	1
5	117254177	117258192	0
5	117258193	117413282	2
5	117413283	117420717	0
5	117420718	117425688	1
5	117425689	117457146	0
5	117457147	117493068	2
5	117493069	117495367	0
5	117495368	117516166	2
5	117516167	117516664	3
5	117516665	117527110	1
5	117527111	117552063	0
5	117552064	117913066	2
5	117913067	117919095	0
5	117919096	118096903	2
5	118096904	118114793	0
5	118114794	118148264	2
5	118148265	118165806	0
5	118165807	118199941	2
5	118199942	118203028	0
5	118203029	118293527	1
5	118293528	118307811	0
5	118307812	118327541	2
5	118327542	118328799	0
5	118328800	118383179	1
5	118383180	118383290	0
5	118383291	118404156	2
5	118404157	118698782	0
5	118698783	118903501	2
5	118903502	119808732	0
5	119808733	119822787	2
5	119822788	119970731	0
5	119970732	120023282	2
5	120023283	120254528	0
5	120254529	120337044	2
5	120337045	120569762	0
5	120569763	120579286	2
5	120579287	120596249	0
5	120596250	120610873	1
5	120610874	120614589	0
5	120614590	120621345	2
5	120621346	120621995	3
5	120621996	120641688	1
5	120641689	120649231	0
5	120649232	120672087	2
5	120672088	120672216	0
5	120672217	120726736	1
5	120726737	120727079	0
5	120727080	120732368	2
5	120732369	120745177	3
5	120745178	120745181	2
5	120745182	120750652	1
5	120750653	120750802	0
5	120750803	120766398	2
5	120766399	120766655	3
5	120766656	120772298	1
5	120772299	120786875	0
5	120786876	120817660	2
5	120817661	120818265	0
5	120818266	120849990	1
5	120849991	120868396	0
5	120868397	120887916	1
5	120887917	120891161	0
5	120891162	120915724	1
5	120915725	120924289	0
5	120924290	120933593	1
5	120933594	120938257	0
5	120938258	120950577	1
5	120950578	120985430	0
5	120985431	120996047	2
5	120996048	120999482	0
5	120999483	121011567	2
5	121011568	121014203	0
5	121014204	121025643	1
5	121025644	121034317	0
5	121034318	121045582	1
5	121045583	121052597	0
5	121052598	121059713	2
5	121059714	121078560	0
5	121078561	121148153	1
5	121148154	121268594	0
5	121268595	121329458	1
5	121329459	121342542	0
5	121342543	121347302	2
5	121347303	121358280	0
5	121358281	121506638	2
5	121506639	121509786	0
5	121509787	121523693	1
5	121523694	121535997	0
5	121535998	121578885	2
5	121578886	121580470	3
5	121580471	121589954	1
5	121589955	121590567	3
5	121590568	121638159	2
5	121638160	121641496	3
5	121641497	121656637	2
5	121656638	121660132	3
5	121660133	121662244	2
5	121662245	121663099	0
5	121663100	121683966	1
5	121683967	121704088	0
5	121704089	121731885	1
5	121731886	121734836	0
5	121734837	121756999	1
5	121757000	121759087	0
5	121759088	121798575	1
5	121798576	121798624	0
5	121798625	121825317	2
5	121825318	121849670	0
5	121849671	121953011	2
5	121953012	121953709	0
5	121953710	121975707	1
5	121975708	121987045	0
5	121987046	121992693	2
5	121992694	121994427	0
5	121994428	122188163	1
5	122188164	122239012	0
5	122239013	122246101	2
5	122246102	122251533	3
5	122251534	122276123	1
5	122276124	122296339	0
5	122296340	122313334	2
5	122313335	122344865	0
5	122344866	122375909	2
5	122375910	122380358	3
5	122380359	122402521	1
5	122402522	122422426	0
5	122422427	122461284	2
5	122461285	122462342	3
5	122462343	122492294	1
5	122492295	122492430	0
5	122492431	122502641	2
5	122502642	122503045	3
5	122503046	122510425	1
5	122510426	122510512	0
5	122510513	122520963	2
5	122520964	122529939	0
5	122529940	122552245	2
5	122552246	122559754	0
5	122559755	122582973	2
5	122582974	122591575	0
5	122591576	122640286	1
5	122640287	122688265	0
5	122688266	122752579	1
5	122752580	122781972	0
5	122781973	122829493	2
5	122829494	122845605	0
5	122845606	122867799	2
5	122867800	122869231	0
5	122869232	122917443	1
5	122917444	122925520	0
5	122925521	122959400	1
5	122959401	122988109	0
5	122988110	123008726	2
5	123008727	123009352	3
5	123009353	123127884	1
5	123127885	123153135	0
5	123153136	123168517	2
5	123168518	123173850	0
5	123173851	123185077	1
5	123185078	123214336	0
5	123214337	123241105	2
5	123241106	123255810	3
5	123255811	123270753	1
5	123270754	123280254	0
5	123280255	123306690	2
5	123306691	123309868	0
5	123309869	123320788	1
5	123320789	123366251	0
5	123366252	123388192	2
5	123388193	123390163	0
5	123390164	123465545	2
5	123465546	123482509	0
5	123482510	123513053	2
5	123513054	123532859	0
5	123532860	123595993	2
5	123595994	123618218	0
5	123618219	123627366	1
5	123627367	123627550	3
5	123627551	123646266	2
5	123646267	123648521	0
5	123648522	123649766	2
5	123649767	123649943	3
5	123649944	123663549	1
5	123663550	123666720	0
5	123666721	123711099	1
5	123711100	123715856	0
5	123715857	123822679	1
5	123822680	123836355	0
5	123836356	123859161	1
5	123859162	123866487	0
5	123866488	123887475	1
5	123887476	123887787	0
5	123887788	123959654	2
5	123959655	124001631	0
5	124001632	124003560	1
5	124003561	124014797	0
5	124014798	124018081	1
5	124018082	124045236	0
5	124045237	124107956	2
5	124107957	124111689	0
5	124111690	124142702	2
5	124142703	124143619	3
5	124143620	124170331	1
5	124170332	124199591	0
5	124199592	124233859	1
5	124233860	124250358	0
5	124250359	124253544	2
5	124253545	124254150	0
5	124254151	124256257	2
5	124256258	124256751	0
5	124256752	124387821	1
5	124387822	124389020	0
5	124389021	124466033	1
5	124466034	124466150	0
5	124466151	124479905	2
5	124479906	124483478	0
5	124483479	124501143	1
5	124501144	124506763	0
5	124506764	124564062	1
5	124564063	124577991	0
5	124577992	124600369	2
5	124600370	124601326	0
5	124601327	124616427	1
5	124616428	124621195	0
5	124621196	124629185	2
5	124629186	124631141	0
5	124631142	124669452	1
5	124669453	124678756	0
5	124678757	124688567	2
5	124688568	124690925	0
5	124690926	124707721	2
5	124707722	124708274	0
5	124708275	124717192	1
5	124717193	124717201	0
5	124717202	124735741	2
5	124735742	124736810	0
5	124736811	124765801	2
5	124765802	124767115	0
5	124767116	124801517	2
5	124801518	124802147	0
5	124802148	124911370	2
5	124911371	124911480	0
5	124911481	124939486	1
5	124939487	124939753	0
5	124939754	124965692	2
5	124965693	125080283	0
5	125080284	125089609	2
5	125089610	125094215	0
5	125094216	125256281	1
5	125256282	125354149	0
5	125354150	125418156	1
5	125418157	125463027	0
5	125463028	125467264	1
5	125467265	125490920	0
5	125490921	125511183	1
5	125511184	125518630	0
5	125518631	125537432	2
5	125537433	125552876	0
5	125552877	125594472	2
5	125594473	125608836	0
5	125608837	125869645	2
5	125869646	127318870	0
5	127318871	127642855	2
5	127642856	127672726	0
5	127672727	127709324	1
5	127709325	127709959	3
5	127709960	127786436	2
5	127786437	127858692	0
5	127858693	128510139	1
5	128510140	128677906	0
5	128677907	128681155	2
5	128681156	128779586	0
5	128779587	128832536	2
5	128832537	128834853	0
5	128834854	129030548	1
5	129030549	129061619	0
5	129061620	129085636	1
5	129085637	129097131	0
5	129097132	129101385	2
5	129101386	129173812	0
5	129173813	129281661	2
5	129281662	129578283	0
5	129578284	129648446	2
5	129648447	129661231	0
5	129661232	129688161	2
5	129688162	129731655	0
5	129731656	129747161	1
5	129747162	129760464	0
5	129760465	129785574	1
5	129785575	129792559	0
5	129792560	129799618	2
5	129799619	129802125	0
5	129802126	129835389	2
5	129835390	129842620	0
5	129842621	129864060	1
5	129864061	129864511	3
5	129864512	129875210	2
5	129875211	129875825	0
5	129875826	129892260	2
5	129892261	129892889	3
5	129892890	129924562	1
5	129924563	129927388	3
5	129927389	129932462	2
5	129932463	129937407	0
5	129937408	129939233	2
5	129939234	129970809	0
5	129970810	130015531	2
5	130015532	130017850	0
5	130017851	130031888	1
5	130031889	130040097	0
5	130040098	130058086	1
5	130058087	130058129	0
5	130058130	130089628	2
5	130089629	130102165	0
5	130102166	130164568	2
5	130164569	130173700	0
5	130173701	130184645	2
5	130184646	130200637	0
5	130200638	130243181	2
5	130243182	130245920	0
5	130245921	130272604	2
5	130272605	130274570	0
5	130274571	130284369	1
5	130284370	130284458	0
5	130284459	130370402	2
5	130370403	130398294	0
5	130398295	130407690	2
5	130407691	130413470	3
5	130413471	130876251	2
5	130876252	130900921	0
5	130900922	131337333	1
5	131337334	131466169	0
5	131466170	132572181	1
5	132572182	134128548	0
5	134128549	134173180	2
5	134173181	134176891	0
5	134176892	134205611	1
5	134205612	134212864	0
5	134212865	134246986	2
5	134246987	134249112	0
5	134249113	134258477	1
5	134258478	134266686	0
5	134266687	134343612	1
5	134343613	134386508	0
5	134386509	134485568	1
5	134485569	134518235	0
5	134518236	134581286	1
5	134581287	134586998	0
5	134586999	134589023	1
5	134589024	134611542	0
5	134611543	134628874	2
5	134628875	134630657	3
5	134630658	134643877	1
5	134643878	134648573	0
5	134648574	134668342	1
5	134668343	134684891	0
5	134684892	134717450	1
5	134717451	134731445	0
5	134731446	134776175	1
5	134776176	134930445	0
5	134930446	134935585	1
5	134935586	134943101	0
5	134943102	134944378	1
5	134944379	134961220	0
5	134961221	134971489	2
5	134971490	134973971	0
5	134973972	134975786	1
5	134975787	135015066	0
5	135015067	135016324	2
5	135016325	135038004	0
5	135038005	135041027	2
5	135041028	135052334	0
5	135052335	135079952	2
5	135079953	135081809	0
5	135081810	135093054	1
5	135093055	135093518	3
5	135093519	135093811	1
5	135093812	135094714	2
5	135094715	135101752	0
5	135101753	135107118	1
5	135107119	135135754	0
5	135135755	135167234	2
5	135167235	135178509	0
5	135178510	135194612	2
5	135194613	135197135	0
5	135197136	135210707	2
5	135210708	135216116	0
5	135216117	135274981	2
5	135274982	135277790	0
5	135277791	135280082	1
5	135280083	135320556	0
5	135320557	135378896	1
5	135378897	135382147	0
5	135382148	135396857	2
5	135396858	135398805	0
5	135398806	135404993	2
5	135404994	135405650	3
5	135405651	135423398	1
5	135423399	135435383	0
5	135435384	135573967	1
5	135573968	135589300	0
5	135589301	135592421	1
5	135592422	135598789	0
5	135598790	135601901	1
5	135601902	135661470	0
5	135661471	135675228	2
5	135675229	135698885	0
5	135698886	135764178	2
5	135764179	135764337	0
5	135764338	135773300	1
5	135773301	135776072	0
5	135776073	135807237	1
5	135807238	135807332	0
5	135807333	135819243	2
5	135819244	135835749	0
5	135835750	135903624	2
5	135903625	135916771	0
5	135916772	135918415	2
5	135918416	135937261	0
5	135937262	135963451	1
5	135963452	135989063	0
5	135989064	136003383	1
5	136003384	136008951	0
5	136008952	136017476	2
5	136017477	136023652	0
5	136023653	136061724	2
5	136061725	136067348	0
5	136067349	136075339	2
5	136075340	136086043	0
5	136086044	136093178	2
5	136093179	136112768	0
5	136112769	136140712	2
5	136140713	136145483	0
5	136145484	136151624	2
5	136151625	136151799	3
5	136151800	136164926	1
5	136164927	136164998	0
5	136164999	136170467	2
5	136170468	136176311	0
5	136176312	136199565	1
5	136199566	136206979	0
5	136206980	136227815	1
5	136227816	136246999	0
5	136247000	136275408	1
5	136275409	136276987	0
5	136276988	136596297	1
5	136596298	136721998	0
5	136721999	136729946	2
5	136729947	136770611	0
5	136770612	136912036	1
5	136912037	136937002	0
5	136937003	136944256	2
5	136944257	136982127	0
5	136982128	136995086	2
5	136995087	136995468	0
5	136995469	137004710	2
5	137004711	137011016	0
5	137011017	137015871	1
5	137015872	137016873	3
5	137016874	137025500	2
5	137025501	137055244	0
5	137055245	137062203	2
5	137062204	137063845	0
5	137063846	137074987	1
5	137074988	137090356	0
5	137090357	137101111	1
5	137101112	137134496	0
5	137134497	137145061	1
5	137145062	137163768	0
5	137163769	137202828	1
5	137202829	137203643	0
5	137203644	137213786	1
5	137213787	137243268	0
5	137243269	137246850	1
5	137246851	137285779	0
5	137285780	137292726	2
5	137292727	137292889	0
5	137292890	137293925	2
5	137293926	137293964	0
5	137293965	137305934	1
5	137305935	137307914	0
5	137307915	137312664	1
5	137312665	137312818	0
5	137312819	137331857	1
5	137331858	137348369	0
5	137348370	137372792	2
5	137372793	137376897	0
5	137376898	137475324	1
5	137475325	137481280	0
5	137481281	137516808	1
5	137516809	137518636	3
5	137518637	137531770	1
5	137531771	137551777	0
5	137551778	137567842	2
5	137567843	137568100	0
5	137568101	137585741	2
5	137585742	137594905	0
5	137594906	137599318	1
5	137599319	137603363	0
5	137603364	137627262	1
5	137627263	137627381	0
5	137627382	137639359	2
5	137639360	137639594	0
5	137639595	137641162	2
5	137641163	137641291	0
5	137641292	137643974	1
5	137643975	137648723	0
5	137648724	137682986	1
5	137682987	137728159	0
5	137728160	137739867	1
5	137739868	137743990	0
5	137743991	137766710	2
5	137766711	137777109	0
5	137777110	137778370	2
5	137778371	137780166	0
5	137780167	137785915	1
5	137785916	137786058	0
5	137786059	137820212	2
5	137820213	137820881	3
5	137820882	137834541	1
5	137834542	137850407	0
5	137850408	137856366	1
5	137856367	137864087	0
5	137864088	137870075	1
5	137870076	137891192	0
5	137891193	137919879	1
5	137919880	137951721	0
5	137951722	137961358	1
5	137961359	137979799	0
5	137979800	137988493	2
5	137988494	138019521	0
5	138019522	138048896	2
5	138048897	138051454	0
5	138051455	138064797	2
5	138064798	138083344	0
5	138083345	138106082	2
5	138106083	138115163	0
5	138115164	138132525	2
5	138132526	138137962	0
5	138137963	138154004	1
5	138154005	138159331	0
5	138159332	138162843	2
5	138162844	138162906	3
5	138162907	138170262	1
5	138170263	138170682	3
5	138170683	138176877	2
5	138176878	138178689	3
5	138178690	138185711	1
5	138185712	138185745	0
5	138185746	138192178	2
5	138192179	138192574	0
5	138192575	138193881	2
5	138193882	138224158	0
5	138224159	138251623	2
5	138251624	138253742	0
5	138253743	138257655	2
5	138257656	138257916	0
5	138257917	138262254	1
5	138262255	138263181	0
5	138263182	138271100	1
5	138271101	138271915	0
5	138271916	138278265	1
5	138278266	138278500	0
5	138278501	138310653	2
5	138310654	138340221	0
5	138340222	138341817	2
5	138341818	138439728	0
5	138439729	138458954	2
5	138458955	138560100	0
5	138560101	138562954	1
5	138562955	138601912	0
5	138601913	138618021	1
5	138618022	138621119	0
5	138621120	138650674	2
5	138650675	138740267	0
5	138740268	138795830	2
5	138795831	138805833	0
5	138805834	138807372	2
5	138807373	138961767	0
5	138961768	138983123	1
5	138983124	139003059	0
5	139003060	139135754	1
5	139135755	139135976	0
5	139135977	139172263	2
5	139172264	139186390	0
5	139186391	139235593	2
5	139235594	139238077	0
5	139238078	139255804	2
5	139255805	139257629	0
5	139257630	139311375	1
5	139311376	139321942	0
5	139321943	139337171	1
5	139337172	139338370	0
5	139338371	139342786	2
5	139342787	139345492	0
5	139345493	139363916	1
5	139363917	139378516	3
5	139378517	139391033	1
5	139391034	139401374	3
5	139401375	139408904	1
5	139408905	139413553	3
5	139413554	139446280	1
5	139446281	139456964	0
5	139456965	139470302	1
5	139470303	139529247	0
5	139529248	139533932	2
5	139533933	139692449	0
5	139692450	139722089	1
5	139722090	139737035	0
5	139737036	139761427	1
5	139761428	139777266	0
5	139777267	139788238	2
5	139788239	139788406	3
5	139788407	139812638	1
5	139812639	139893696	0
5	139893697	139960475	2
5	139960476	139994442	0
5	139994443	140307305	1
5	140307306	140307409	0
5	140307410	140313427	2
5	140313428	140317651	3
5	140317652	140323890	2
5	140323891	140326054	0
5	140326055	140375015	1
5	140375016	140405081	0
5	140405082	140429113	2
5	140429114	140431398	0
5	140431399	140480824	2
5	140480825	140491303	0
5	140491304	140511477	2
5	140511478	140548872	0
5	140548873	140550824	1
5	140550825	140593073	0
5	140593074	140601298	2
5	140601299	140606331	0
5	140606332	140634784	1
5	140634785	140647580	0
5	140647581	140688131	1
5	140688132	140690764	0
5	140690765	140705132	2
5	140705133	140709880	0
5	140709881	140740444	2
5	140740445	140744161	0
5	140744162	140816184	1
5	140816185	140858743	0
5	140858744	140986335	1
5	140986336	141227243	0
5	141227244	142201339	2
5	142201340	142387250	0
5	142387251	142447764	2
5	142447765	142449697	0
5	142449698	142464463	2
5	142464464	142470592	0
5	142470593	142536851	1
5	142536852	142548111	0
5	142548112	142594553	1
5	142594554	142615295	0
5	142615296	142656341	2
5	142656342	142678265	0
5	142678266	142708243	2
5	142708244	142710414	0
5	142710415	142803415	1
5	142803416	142852699	0
5	142852700	142881174	1
5	142881175	142888868	0
5	142888869	142892507	1
5	142892508	142946096	0
5	142946097	142958938	2
5	142958939	142976646	0
5	142976647	143098747	1
5	143098748	143119767	0
5	143119768	143133334	1
5	143133335	143157939	0
5	143157940	143166528	1
5	143166529	143166770	0
5	143166771	143190828	2
5	143190829	143202069	0
5	143202070	143212643	1
5	143212644	143220916	0
5	143220917	143234587	2
5	143234588	143235450	0
5	143235451	143255775	1
5	143255776	143272791	0
5	143272792	143279376	1
5	143279377	143286960	0
5	143286961	143301113	1
5	143301114	143302242	0
5	143302243	143315009	1
5	143315010	143343091	0
5	143343092	143377905	2
5	143377906	143389591	0
5	143389592	143407654	2
5	143407655	143450337	0
5	143450338	143489387	2
5	143489388	143491695	3
5	143491696	143513789	1
5	143513790	143534459	0
5	143534460	143550284	2
5	143550285	143608200	0
5	143608201	143696003	2
5	143696004	143696078	0
5	143696079	143718033	1
5	143718034	143803541	0
5	143803542	143827557	2
5	143827558	143831846	3
5	143831847	143839520	2
5	143839521	143841067	3
5	143841068	143846663	1
5	143846664	143846780	0
5	143846781	143922535	2
5	143922536	143924725	0
5	143924726	143951669	1
5	143951670	143956620	0
5	143956621	143963486	1
5	143963487	144037252	0
5	144037253	144125020	2
5	144125021	144127102	0
5	144127103	144131257	2
5	144131258	144131258	0
5	144131259	144160431	1
5	144160432	144181245	0
5	144181246	144201334	2
5	144201335	144201382	3
5	144201383	144294920	1
5	144294921	144482710	0
5	144482711	144494286	2
5	144494287	144672723	0
5	144672724	144698457	1
5	144698458	144705352	0
5	144705353	144796586	2
5	144796587	144813303	0
5	144813304	144902655	1
5	144902656	144920327	0
5	144920328	144979798	1
5	144979799	144982489	3
5	144982490	145020638	1
5	145020639	145020838	3
5	145020839	145045569	2
5	145045570	145051023	0
5	145051024	145065577	2
5	145065578	145066507	3
5	145066508	145067513	2
5	145067514	145077046	1
5	145077047	145077170	0
5	145077171	145084322	2
5	145084323	145084886	3
5	145084887	145103916	1
5	145103917	145104021	0
5	145104022	145118849	2
5	145118850	145120506	0
5	145120507	145128870	1
5	145128871	145131754	0
5	145131755	145138676	1
5	145138677	145141370	0
5	145141371	145158558	2
5	145158559	145168523	0
5	145168524	145184110	2
5	145184111	145217308	0
5	145217309	145228086	2
5	145228087	145282095	0
5	145282096	145327734	2
5	145327735	145373117	0
5	145373118	145406531	1
5	145406532	145495472	0
5	145495473	145521538	1
5	145521539	145630857	0
5	145630858	145656944	1
5	145656945	145710791	0
5	145710792	145742682	1
5	145742683	145791234	0
5	145791235	145816772	1
5	145816773	145914004	0
5	145914005	145946425	1
5	145946426	146016075	0
5	146016076	146050093	2
5	146050094	146094610	0
5	146094611	146097347	1
5	146097348	146104784	0
5	146104785	146107529	1
5	146107530	146119249	0
5	146119250	146122112	1
5	146122113	146146000	0
5	146146001	146158363	1
5	146158364	146168058	0
5	146168059	146239682	2
5	146239683	146321793	0
5	146321794	146410423	2
5	146410424	146418773	0
5	146418774	146421512	2
5	146421513	146428171	0
5	146428172	146430940	2
5	146430941	146439207	0
5	146439208	146441991	2
5	146441992	146450931	0
5	146450932	146453710	2
5	146453711	146462609	0
5	146462610	146465361	2
5	146465362	146474455	0
5	146474456	146477235	2
5	146477236	146492944	0
5	146492945	146495723	2
5	146495724	146519208	0
5	146519209	146522047	1
5	146522048	146671617	0
5	146671618	146731814	1
5	146731815	146769698	0
5	146769699	146773840	2
5	146773841	146781879	0
5	146781880	146784534	2
5	146784535	146885465	0
5	146885466	146888381	2
5	146888382	146892422	3
5	146892423	146900608	1
5	146900609	146953463	0
5	146953464	147013394	1
5	147013395	147013858	0
5	147013859	147048405	2
5	147048406	147125504	0
5	147125505	147127755	2
5	147127756	147206767	0
5	147206768	147212656	2
5	147212657	147237613	0
5	147237614	147244078	1
5	147244079	147251792	0
5	147251793	147259248	1
5	147259249	147267549	0
5	147267550	147337297	1
5	147337298	147366969	0
5	147366970	147485310	2
5	147485311	147498412	0
5	147498413	147662819	1
5	147662820	147797269	0
5	147797270	147813264	2
5	147813265	147815245	0
5	147815246	147831623	1
5	147831624	147894128	0
5	147894129	148252873	2
5	148252874	148264218	0
5	148264219	148336712	1
5	148336713	148441443	0
5	148441444	148489597	1
5	148489598	148808392	0
5	148808393	148931955	1
5	148931956	148983510	0
5	148983511	149121158	1
5	149121159	149121297	3
5	149121298	149152242	2
5	149152243	149201575	0
5	149201576	149224961	2
5	149224962	149335212	0
5	149335213	149355186	2
5	149355187	149363123	0
5	149363124	149394442	2
5	149394443	149452142	0
5	149452143	149535357	2
5	149535358	149537750	0
5	149537751	149559839	1
5	149559840	149601693	0
5	149601694	149686062	2
5	149686063	149942138	0
5	149942139	150004799	2
5	150004800	150042108	0
5	150042109	150421216	2
5	150421217	150430518	0
5	150430519	150441627	1
5	150441628	150446093	0
5	150446094	150493210	2
5	150493211	150495107	0
5	150495108	150520651	1
5	150520652	150559435	0
5	150559436	150589075	1
5	150589076	150597202	0
5	150597203	150734153	2
5	150734154	150876070	0
5	150876071	150917280	2
5	150917281	150960973	0
5	150960974	151351626	1
5	151351627	151484653	0
5	151484654	151529484	1
5	151529485	151566219	0
5	151566220	151574705	1
