<CHROM>	<START>	<END>	<TSB>
6	0	3376948	0
6	3376949	3385004	1
6	3385005	3457094	0
6	3457095	3498296	1
6	3498297	3498380	0
6	3498381	3603529	2
6	3603530	3685678	0
6	3685679	3764712	1
6	3764713	3962593	0
6	3962594	3988917	1
6	3988918	3993790	0
6	3993791	3997434	2
6	3997435	4003902	0
6	4003903	4008443	2
6	4008444	4076897	0
6	4076898	4086970	1
6	4086971	4504812	0
6	4504813	4541542	2
6	4541543	4600837	0
6	4600838	4643353	2
6	4643354	4674348	0
6	4674349	4747205	1
6	4747206	4747304	0
6	4747305	4760515	2
6	4760516	4902915	0
6	4902916	5165659	2
6	5165660	5168088	0
6	5168089	5193944	1
6	5193945	5220850	0
6	5220851	5256284	1
6	5256285	5264145	0
6	5264146	5298453	1
6	5298454	5383384	0
6	5383385	5433020	2
6	5433021	5483349	0
6	5483350	5496307	1
6	5496308	5725637	0
6	5725638	6028037	2
6	6028038	6041216	0
6	6041217	6217171	1
6	6217172	6557292	0
6	6557293	6578656	1
6	6578657	6863332	0
6	6863333	6868566	2
6	6868567	6877803	0
6	6877804	6882083	1
6	6882084	6956002	0
6	6956003	7042977	2
6	7042978	7554877	0
6	7554878	7562975	2
6	7562976	7675167	0
6	7675168	7693252	1
6	7693253	7844840	0
6	7844841	7875685	2
6	7875686	7997806	0
6	7997807	8192615	1
6	8192616	8209220	0
6	8209221	8236272	2
6	8236273	8255934	0
6	8255935	8259171	1
6	8259172	8259286	0
6	8259287	8459468	2
6	8459469	8509598	0
6	8509599	8597546	2
6	8597547	8630525	0
6	8630526	8778485	1
6	8778486	8948612	0
6	8948613	9249030	2
6	9249031	11900289	0
6	11900290	11907494	1
6	11907495	11907806	0
6	11907807	12081202	2
6	12081203	12311607	0
6	12311608	12749407	1
6	12749408	13069756	0
6	13069757	13089266	2
6	13089267	13156296	0
6	13156297	13224962	1
6	13224963	13580684	0
6	13580685	13608097	1
6	13608098	13625670	0
6	13625671	13677963	1
6	13677964	13834455	0
6	13834456	13839939	1
6	13839940	13867732	0
6	13867733	13871515	1
6	13871516	14713974	0
6	14713975	14755271	1
6	14755272	14901346	0
6	14901347	15441974	2
6	15441975	15720658	0
6	15720659	15802166	2
6	15802167	16833370	0
6	16833371	16898438	1
6	16898439	17065146	0
6	17065147	17105825	2
6	17105826	17281182	0
6	17281183	17289112	2
6	17289113	17306332	0
6	17306333	17341449	2
6	17341450	17463797	0
6	17463798	17573977	2
6	17573978	17636980	0
6	17636981	17666969	2
6	17666970	17693944	0
6	17693945	17943022	2
6	17943023	17988937	0
6	17988938	18030582	1
6	18030583	18050961	0
6	18050962	18109054	1
6	18109055	18170684	0
6	18170685	18322765	2
6	18322766	18366562	0
6	18366563	18514818	1
6	18514819	18848576	0
6	18848577	18854050	2
6	18854051	18866315	0
6	18866316	18879583	2
6	18879584	21215500	0
6	21215501	21729802	2
6	21729803	21771392	0
6	21771393	21852512	1
6	21852513	21949568	0
6	21949569	21976035	2
6	21976036	21985913	0
6	21985914	22256401	2
6	22256402	22288224	0
6	22288225	22298519	2
6	22298520	22306517	0
6	22306518	22356240	1
6	22356241	22875499	0
6	22875500	23052913	2
6	23052914	23072170	0
6	23072171	23132983	1
6	23132984	23245041	0
6	23245042	23248359	1
6	23248360	23262770	0
6	23262771	23839418	1
6	23839419	23969158	0
6	23969159	23970057	1
6	23970058	24088280	0
6	24088281	24168089	1
6	24168090	24444862	0
6	24444863	24515064	1
6	24515065	24518663	0
6	24518664	24528010	1
6	24528011	24528141	0
6	24528142	24573161	2
6	24573162	24597759	0
6	24597760	24605411	2
6	24605412	24613802	0
6	24613803	24665006	1
6	24665007	24733242	0
6	24733243	24745449	2
6	24745450	24748326	0
6	24748327	24767659	2
6	24767660	24791185	0
6	24791186	24801045	2
6	24801046	24857994	0
6	24857995	24891955	2
6	24891956	24951138	0
6	24951139	24956294	1
6	24956295	25665875	0
6	25665876	25690726	1
6	25690727	25743734	0
6	25743735	25809223	1
6	25809224	27275116	0
6	27275117	28134542	1
6	28134543	28239924	0
6	28239925	28398002	1
6	28398003	28416088	0
6	28416089	28423557	1
6	28423558	28426599	3
6	28426600	28427786	1
6	28427787	28428387	3
6	28428388	28438619	2
6	28438620	28442331	0
6	28442332	28449350	1
6	28449351	28475136	0
6	28475137	28661828	2
6	28661829	28830342	3
6	28830343	28935159	2
6	28935160	29060217	0
6	29060218	29073874	2
6	29073875	29123573	0
6	29123574	29165003	1
6	29165004	29169229	0
6	29169230	29179581	1
6	29179582	29200431	0
6	29200432	29216361	1
6	29216362	29272485	0
6	29272486	29275443	2
6	29275444	29279590	0
6	29279591	29290677	2
6	29290678	29319137	0
6	29319138	29336016	2
6	29336017	29348066	0
6	29348067	29376668	2
6	29376669	29376669	3
6	29376670	29377107	2
6	29377108	29388465	1
6	29388466	29396627	0
6	29396628	29426991	2
6	29426992	29433273	0
6	29433274	29461880	2
6	29461881	29467715	0
6	29467716	29470509	2
6	29470510	29471434	0
6	29471435	29473159	2
6	29473160	29473462	3
6	29473463	29507949	1
6	29507950	29526622	0
6	29526623	29540824	2
6	29540825	29541868	3
6	29541869	29609884	1
6	29609885	29694219	0
6	29694220	29718556	2
6	29718557	29735691	0
6	29735692	29761362	2
6	29761363	29768008	0
6	29768009	29912307	2
6	29912308	29917009	0
6	29917010	29959678	2
6	29959679	30047985	0
6	30047986	30153455	2
6	30153456	30211286	0
6	30211287	30304536	1
6	30304537	30366377	0
6	30366378	30391025	1
6	30391026	30401865	0
6	30401866	30455176	2
6	30455177	30480794	0
6	30480795	30509780	1
6	30509781	30509846	0
6	30509847	30520251	2
6	30520252	30541579	0
6	30541580	30564473	2
6	30564474	30568366	0
6	30568367	30592415	2
6	30592416	30611007	0
6	30611008	30631742	2
6	30631743	30639215	0
6	30639216	30645360	2
6	30645361	30653454	0
6	30653455	30693746	1
6	30693747	30723544	0
6	30723545	30747551	2
6	30747552	30748459	3
6	30748460	30748462	2
6	30748463	30873727	1
6	30873728	30873914	0
6	30873915	30892506	1
6	30892507	30932956	0
6	30932957	30936011	1
6	30936012	31375668	0
6	31375669	31493744	2
6	31493745	31496421	0
6	31496422	31540914	1
6	31540915	32027218	0
6	32027219	32035848	2
6	32035849	32121201	0
6	32121202	32565125	1
6	32565126	32767909	0
6	32767910	33037193	1
6	33037194	33226018	0
6	33226019	33950912	2
6	33950913	34006381	0
6	34006382	34110967	2
6	34110968	34130313	0
6	34130314	34154044	1
6	34154045	34280867	0
6	34280868	34294411	1
6	34294412	34331052	0
6	34331053	34345396	2
6	34345397	34361151	0
6	34361152	34373883	2
6	34373884	34389267	0
6	34389268	34400075	2
6	34400076	34453140	0
6	34453141	34482546	2
6	34482547	34575433	0
6	34575434	34752406	2
6	34752407	34757365	0
6	34757366	34834865	2
6	34834866	34840079	0
6	34840080	34848704	2
6	34848705	34851879	3
6	34851880	34854993	1
6	34854994	34857359	0
6	34857360	34887809	1
6	34887810	34897096	0
6	34897097	34916277	2
6	34916278	34922211	0
6	34922212	34965337	1
6	34965338	34998998	0
6	34998999	35110657	1
6	35110658	35154354	0
6	35154355	35224529	2
6	35224530	35229587	0
6	35229588	35240429	2
6	35240430	35244890	0
6	35244891	35285064	1
6	35285065	35289601	0
6	35289602	35303074	1
6	35303075	35485839	0
6	35485840	35516821	1
6	35516822	36365017	0
6	36365018	36505347	2
6	36505348	36691862	0
6	36691863	36787153	1
6	36787154	36822955	0
6	36822956	37277117	1
6	37277118	37304188	0
6	37304189	37419079	1
6	37419080	37507106	0
6	37507107	37545748	2
6	37545749	37847744	0
6	37847745	37943229	2
6	37943230	37960672	0
6	37960673	38023929	1
6	38023930	38025416	0
6	38025417	38086188	1
6	38086189	38086482	3
6	38086483	38230942	1
6	38230943	38264329	0
6	38264330	38276192	1
6	38276193	38282219	0
6	38282220	38331536	1
6	38331537	38358402	0
6	38358403	38404580	2
6	38404581	38410883	0
6	38410884	38501758	2
6	38501759	38511756	0
6	38511757	38516382	2
6	38516383	38528267	0
6	38528268	38586403	2
6	38586404	38603593	0
6	38603594	38614175	1
6	38614176	38640000	0
6	38640001	38657798	2
6	38657799	38671323	0
6	38671324	38852336	1
6	38852337	38853097	3
6	38853098	39061517	2
6	39061518	39063342	0
6	39063343	39095281	1
6	39095282	39113555	0
6	39113556	39183721	1
6	39183722	39311705	0
6	39311706	39354607	1
6	39354608	39358107	0
6	39358108	39367312	2
6	39367313	39374736	0
6	39374737	39397394	1
6	39397395	39439310	0
6	39439311	39534799	1
6	39534800	39550805	0
6	39550806	39565701	2
6	39565702	39569506	0
6	39569507	39580169	2
6	39580170	39580314	3
6	39580315	39702395	1
6	39702396	39778736	0
6	39778737	39787920	1
6	39787921	39848393	0
6	39848394	40232007	2
6	40232008	40302104	0
6	40302105	40373694	2
6	40373695	40378307	0
6	40378308	40413067	1
6	40413068	40416020	0
6	40416021	40443745	2
6	40443746	40448284	0
6	40448285	40461632	2
6	40461633	40468165	0
6	40468166	40469237	2
6	40469238	40470461	0
6	40470462	40471473	2
6	40471474	40491756	0
6	40491757	40496440	1
6	40496441	40519103	0
6	40519104	40531982	1
6	40531983	40546419	0
6	40546420	40551275	2
6	40551276	40551826	0
6	40551827	40562735	1
6	40562736	40589247	0
6	40589248	40590242	1
6	40590243	40605763	0
6	40605764	40746055	2
6	40746056	40763873	0
6	40763874	40845096	2
6	40845097	40855726	0
6	40855727	40864426	1
6	40864427	40872202	0
6	40872203	40877319	1
6	40877320	40897369	0
6	40897370	40917489	1
6	40917490	40941686	0
6	40941687	40945367	2
6	40945368	40972762	0
6	40972763	40976411	1
6	40976412	41007200	0
6	41007201	41012441	1
6	41012442	41279201	0
6	41279202	41282464	2
6	41282465	41288165	0
6	41288166	41293773	1
6	41293774	41331037	0
6	41331038	41334846	2
6	41334847	41350746	0
6	41350747	41354610	1
6	41354611	41369288	0
6	41369289	41374162	2
6	41374163	41419148	0
6	41419149	41423077	1
6	41423078	41435864	0
6	41435865	41440718	2
6	41440719	41498719	0
6	41498720	41502011	2
6	41502012	41582414	0
6	41582415	41597441	2
6	41597442	41597556	0
6	41597557	41613337	1
6	41613338	41629105	0
6	41629106	41657701	1
6	41657702	41661363	0
6	41661364	41662649	2
6	41662650	41663262	0
6	41663263	41681271	1
6	41681272	41745702	0
6	41745703	41752109	1
6	41752110	41824467	0
6	41824468	41828997	2
6	41828998	41829921	0
6	41829922	41841345	2
6	41841346	41928562	0
6	41928563	41933030	2
6	41933031	41945072	0
6	41945073	41950022	2
6	41950023	42015326	0
6	42015327	42019783	2
6	42019784	42117868	0
6	42117869	42118827	2
6	42118828	42192260	0
6	42192261	42193219	2
6	42193220	42222867	0
6	42222868	42227373	2
6	42227374	42238902	0
6	42238903	42241487	2
6	42241488	42241917	0
6	42241918	42259440	2
6	42259441	42263617	0
6	42263618	42291588	2
6	42291589	42292244	0
6	42292245	42301575	1
6	42301576	42326562	0
6	42326563	42335419	2
6	42335420	42335494	3
6	42335495	42335648	2
6	42335649	42337145	3
6	42337146	42350200	1
6	42350201	42377170	0
6	42377171	42378051	2
6	42378052	42382366	0
6	42382367	42383458	2
6	42383459	42411467	0
6	42411468	42412396	2
6	42412397	42436911	0
6	42436912	42442128	1
6	42442129	42444947	0
6	42444948	42453267	1
6	42453268	42463095	0
6	42463096	42464146	1
6	42464147	42512596	0
6	42512597	42524519	1
6	42524520	42564145	0
6	42564146	42574624	1
6	42574625	42599948	0
6	42599949	42622186	1
6	42622187	42644934	0
6	42644935	42687020	1
6	42687021	42716303	0
6	42716304	42723895	2
6	42723896	42733336	0
6	42733337	42740163	2
6	42740164	42762025	0
6	42762026	42768551	2
6	42768552	42788871	0
6	42788872	42796013	2
6	42796014	42811316	0
6	42811317	42816448	2
6	42816449	42867373	0
6	42867374	42876017	2
6	42876018	42885810	0
6	42885811	42891205	2
6	42891206	42898309	0
6	42898310	42908073	2
6	42908074	42925999	0
6	42926000	42933696	2
6	42933697	43083301	0
6	43083302	43094735	2
6	43094736	43123499	0
6	43123500	43134101	2
6	43134102	43140214	0
6	43140215	43146793	2
6	43146794	43149072	0
6	43149073	43154392	2
6	43154393	43174078	0
6	43174079	43180561	2
6	43180562	43189953	0
6	43189954	43195045	2
6	43195046	43208461	0
6	43208462	43213891	2
6	43213892	43242514	0
6	43242515	43266252	2
6	43266253	43280606	0
6	43280607	43286486	1
6	43286487	43321933	0
6	43321934	43643210	1
6	43643211	45036289	0
6	45036290	47281145	2
6	47281146	47430330	0
6	47430331	47503071	2
6	47503072	47507071	0
6	47507072	47572273	1
6	47572274	47773073	0
6	47773074	47790362	1
6	47790363	47796198	0
6	47796199	47807799	1
6	47807800	47812596	0
6	47812597	47850469	2
6	47850470	47854136	0
6	47854137	47885417	2
6	47885418	47897408	0
6	47897409	47909571	2
6	47909572	47930322	0
6	47930323	47942232	2
6	47942233	48001120	0
6	48001121	48025843	1
6	48025844	48039327	0
6	48039328	48063525	1
6	48063526	48372518	0
6	48372519	48396477	2
6	48396478	48404629	0
6	48404630	48422757	1
6	48422758	48425161	0
6	48425162	48478182	2
6	48478183	48514547	0
6	48514548	48518733	2
6	48518734	48531728	0
6	48531729	48546628	2
6	48546629	48547654	3
6	48547655	48549721	1
6	48549722	48566542	0
6	48566543	48600159	2
6	48600160	48603696	0
6	48603697	48610621	2
6	48610622	48624166	0
6	48624167	48637807	2
6	48637808	48653061	0
6	48653062	48656046	2
6	48656047	48661481	0
6	48661482	48668992	2
6	48668993	48678514	0
6	48678515	48685157	1
6	48685158	48695539	0
6	48695540	48731142	2
6	48731143	48741396	0
6	48741397	48747783	1
6	48747784	48810750	0
6	48810751	48817851	1
6	48817852	48818306	3
6	48818307	48818428	1
6	48818429	48822801	2
6	48822802	48849828	0
6	48849829	48886120	2
6	48886121	48906827	0
6	48906828	48910619	2
6	48910620	48951895	0
6	48951896	48955677	2
6	48955678	48963793	0
6	48963794	48968654	2
6	48968655	49013547	0
6	49013548	49047861	2
6	49047862	49050727	0
6	49050728	49062155	2
6	49062156	49063683	3
6	49063684	49191889	1
6	49191890	49220856	0
6	49220857	49240962	1
6	49240963	49296206	0
6	49296207	49318514	2
6	49318515	49344671	0
6	49344672	49367471	2
6	49367472	49372536	0
6	49372537	49446433	2
6	49446434	49799688	0
6	49799689	49806485	2
6	49806486	50087219	0
6	50087220	50166347	2
6	50166348	50175576	3
6	50175577	50175917	2
6	50175918	50240840	1
6	50240841	50270308	0
6	50270309	50433148	1
6	50433149	50539541	0
6	50539542	50543516	1
6	50543517	50550280	0
6	50550281	50573610	1
6	50573611	50627650	0
6	50627651	50631417	1
6	50631418	51409648	0
6	51409649	51435746	2
6	51435747	51437910	0
6	51437911	51446872	1
6	51446873	51447338	0
6	51447339	51460682	2
6	51460683	51500879	0
6	51500880	51567657	2
6	51567658	51834400	0
6	51834401	51989527	1
6	51989528	52132568	0
6	52132569	52135295	1
6	52135296	52139395	0
6	52139396	52190317	1
6	52190318	52191476	0
6	52191477	52198832	1
6	52198833	52200078	0
6	52200079	52204348	1
6	52204349	52208175	0
6	52208176	52217832	1
6	52217833	52219084	0
6	52219085	52222788	1
6	52222789	52234672	0
6	52234673	52237786	1
6	52237787	52290481	0
6	52290482	52295361	2
6	52295362	52523211	0
6	52523212	52617372	1
6	52617373	52690712	0
6	52690713	52743763	2
6	52743764	52745780	0
6	52745781	53045614	1
6	53045615	53264253	0
6	53264254	53677359	2
6	53677360	53792451	0
6	53792452	53797813	1
6	53797814	53850262	0
6	53850263	53955654	1
6	53955655	54016556	0
6	54016557	54278793	2
6	54278794	54303866	0
6	54303867	54307184	2
6	54307185	54406586	0
6	54406587	54478156	2
6	54478157	54480748	3
6	54480749	54480751	2
6	54480752	54543472	1
6	54543473	54554587	0
6	54554588	54572094	1
6	54572095	54574291	3
6	54574292	54622822	2
6	54622823	54658607	0
6	54658608	54680834	2
6	54680835	54793899	0
6	54793900	54870483	2
6	54870484	54900932	0
6	54900933	54949595	1
6	54949596	54959563	0
6	54959564	54969933	1
6	54969934	55014990	0
6	55014991	55056483	2
6	55056484	55067032	0
6	55067033	55109997	1
6	55109998	55147609	0
6	55147610	55152026	1
6	55152027	55180366	0
6	55180367	55297205	2
6	55297206	55313415	0
6	55313416	55325538	2
6	55325539	55353326	0
6	55353327	55365513	2
6	55365514	55428961	0
6	55428962	55478434	2
6	55478435	55654805	0
6	55654806	55658246	1
6	55658247	55813878	0
6	55813879	55955605	2
6	55955606	55994480	0
6	55994481	56009672	2
6	56009673	56046787	0
6	56046788	56629470	1
6	56629471	56678046	0
6	56678047	56681693	1
6	56681694	56691910	0
6	56691911	56738895	2
6	56738896	56754507	0
6	56754508	56774796	1
6	56774797	56809042	0
6	56809043	56856341	2
6	56856342	56859383	0
6	56859384	56900915	1
6	56900916	56901005	0
6	56901006	56935083	2
6	56935084	56947256	0
6	56947257	56965373	2
6	56965374	56974226	0
6	56974227	56986808	2
6	56986809	57001089	0
6	57001090	57002307	1
6	57002308	57009267	0
6	57009268	57014374	2
6	57014375	57043770	0
6	57043771	57051889	2
6	57051890	57086437	0
6	57086438	57092018	2
6	57092019	57110438	0
6	57110439	57116600	2
6	57116601	57133902	0
6	57133903	57142312	2
6	57142313	57180273	0
6	57180274	57191782	2
6	57191783	57208669	0
6	57208670	57217868	2
6	57217869	57234935	0
6	57234936	57236955	2
6	57236956	57295035	0
6	57295036	57306477	1
6	57306478	57336222	0
6	57336223	57340710	1
6	57340711	57353643	0
6	57353644	57372766	1
6	57372767	57380763	0
6	57380764	57383017	2
6	57383018	57405913	0
6	57405914	57412244	2
6	57412245	57483485	0
6	57483486	57512409	1
6	57512410	57557983	0
6	57557984	57641615	2
6	57641616	57663559	0
6	57663560	57669061	1
6	57669062	57679523	0
6	57679524	57704790	2
6	57704791	57716422	3
6	57716423	57802142	1
6	57802143	57819813	0
6	57819814	57827326	1
6	57827327	57875109	0
6	57875110	57885011	1
6	57885012	57902825	0
6	57902826	57903821	1
6	57903822	57931690	0
6	57931691	57938486	1
6	57938487	57955282	0
6	57955283	57957793	1
6	57957794	57981917	0
6	57981918	57992142	1
6	57992143	58190074	0
6	58190075	58195804	1
6	58195805	58239020	0
6	58239021	58252622	2
6	58252623	58278532	0
6	58278533	58288668	2
6	58288669	58411142	0
6	58411143	58420368	1
6	58420369	58447924	0
6	58447925	58452313	1
6	58452314	58561506	0
6	58561507	58672659	2
6	58672660	58808448	0
6	58808449	58882216	2
6	58882217	58884059	3
6	58884060	58897381	2
6	58897382	58909073	0
6	58909074	59001532	1
6	59001533	59185853	0
6	59185854	59189016	2
6	59189017	59324209	0
6	59324210	59403277	1
6	59403278	60708557	0
6	60708558	60806837	1
6	60806838	60921458	0
6	60921459	60966360	2
6	60966361	61157306	0
6	61157307	62359847	2
6	62359848	63233009	0
6	63233010	64681305	2
6	64681306	64706107	0
6	64706108	64708227	2
6	64708228	65019565	0
6	65019566	65093043	2
6	65093044	65094275	0
6	65094276	65121890	1
6	65121891	65358087	0
6	65358088	65435132	2
6	65435133	65502295	0
6	65502296	65611022	2
6	65611023	65648572	0
6	65648573	65689308	2
6	65689309	65755970	0
6	65755971	65913358	2
6	65913359	65929591	0
6	65929592	65930996	2
6	65930997	66512372	0
6	66512373	66524202	2
6	66524203	66529162	0
6	66529163	66537078	1
6	66537079	66587525	0
6	66587526	66595264	1
6	66595265	66612918	0
6	66612919	66620861	1
6	66620862	66655052	0
6	66655053	66662888	1
6	66662889	66692239	0
6	66692240	66696150	1
6	66696151	66706364	0
6	66706365	66710021	2
6	66710022	66750985	0
6	66750986	66759609	1
6	66759610	66780279	0
6	66780280	66787591	1
6	66787592	66873379	0
6	66873380	66998332	2
6	66998333	67012078	0
6	67012079	67014388	1
6	67014389	67243606	0
6	67243607	67268300	2
6	67268301	67274718	3
6	67274719	67353170	1
6	67353171	67399914	0
6	67399915	67468837	1
6	67468838	67511044	0
6	67511045	67512778	1
6	67512779	70742702	0
6	70742703	70769214	1
6	70769215	70821497	0
6	70821498	70882227	2
6	70882228	70890069	0
6	70890070	70895909	1
6	70895910	70933513	0
6	70933514	70938048	2
6	70938049	71105148	0
6	71105149	71121421	1
6	71121422	71176809	0
6	71176810	71182005	2
6	71182006	71190922	0
6	71190923	71248659	1
6	71248660	71262301	3
6	71262302	71299215	1
6	71299216	71299770	0
6	71299771	71314476	2
6	71314477	71350409	0
6	71350410	71356155	2
6	71356156	71365616	0
6	71365617	71417619	1
6	71417620	71470876	0
6	71470877	71487863	2
6	71487864	71520779	0
6	71520780	71559591	2
6	71559592	71565954	0
6	71565955	71609972	1
6	71609973	71684543	0
6	71684544	71787692	2
6	71787693	71789979	0
6	71789980	71800792	1
6	71800793	71808313	0
6	71808314	71854370	2
6	71854371	71857622	0
6	71857623	71885732	1
6	71885733	71886043	0
6	71886044	71959457	2
6	71959458	72074574	0
6	72074575	72131553	2
6	72131554	72183159	0
6	72183160	72212559	1
6	72212560	72281592	0
6	72281593	72291352	2
6	72291353	72295659	0
6	72295660	72322165	1
6	72322166	72324315	0
6	72324316	72330129	2
6	72330130	72332428	0
6	72332429	72336695	2
6	72336696	72336743	3
6	72336744	72343937	1
6	72343938	72345775	0
6	72345776	72357449	1
6	72357450	72362204	0
6	72362205	72367684	1
6	72367685	72391289	0
6	72391290	72407693	2
6	72407694	72409780	0
6	72409781	72416539	1
6	72416540	72490622	0
6	72490623	72498688	1
6	72498689	72521372	0
6	72521373	72539964	2
6	72539965	72542903	0
6	72542904	72575394	1
6	72575395	72575456	0
6	72575457	72585406	2
6	72585407	72585413	0
6	72585414	72593981	1
6	72593982	72603359	0
6	72603360	72766235	1
6	72766236	72818095	0
6	72818096	72876960	1
6	72876961	72934328	0
6	72934329	72935729	1
6	72935730	72994587	0
6	72994588	73198632	1
6	73198633	73225363	0
6	73225364	73253892	2
6	73253893	73445554	0
6	73445555	73446648	1
6	73446649	76472413	0
6	76472414	76474765	1
6	76474766	76858618	0
6	76858619	77219678	1
6	77219679	77222498	3
6	77222499	77956680	1
6	77956681	78347638	0
6	78347639	78350447	2
6	78350448	78352855	0
6	78352856	78355846	1
6	78355847	78357690	0
6	78357691	78360808	2
6	78360809	78372604	0
6	78372605	78385087	2
6	78385088	78399692	0
6	78399693	78405648	2
6	78405649	78443250	0
6	78443251	78445853	1
6	78445854	79794897	0
6	79794898	79795345	2
6	79795346	79995858	0
6	79995859	80787122	2
6	80787123	81900648	0
6	81900649	81934830	2
6	81934831	81936894	3
6	81936895	81942937	1
6	81942938	82018022	0
6	82018023	82070078	2
6	82070079	82379454	0
6	82379455	82537083	2
6	82537084	82598831	0
6	82598832	82629908	1
6	82629909	82702004	0
6	82702005	82751433	1
6	82751434	82888864	0
6	82888865	82916748	1
6	82916749	82923881	0
6	82923882	83007288	2
6	83007289	83007913	0
6	83007914	83010450	1
6	83010451	83011152	0
6	83011153	83028245	2
6	83028246	83029541	3
6	83029542	83031500	1
6	83031501	83031550	3
6	83031551	83034787	2
6	83034788	83034823	0
6	83034824	83044297	2
6	83044298	83045303	0
6	83045304	83047272	1
6	83047273	83054848	0
6	83054849	83057834	2
6	83057835	83063346	0
6	83063347	83065222	2
6	83065223	83078580	0
6	83078581	83085373	2
6	83085374	83086019	0
6	83086020	83086918	2
6	83086919	83092475	0
6	83092476	83095877	2
6	83095878	83096023	0
6	83096024	83098538	1
6	83098539	83098744	0
6	83098745	83102410	1
6	83102411	83112442	0
6	83112443	83126340	2
6	83126341	83126537	3
6	83126538	83129558	2
6	83129559	83133377	1
6	83133378	83133384	0
6	83133385	83139925	2
6	83139926	83142900	0
6	83142901	83177097	2
6	83177098	83196808	0
6	83196809	83281925	2
6	83281926	83282671	0
6	83282672	83302888	1
6	83302889	83302996	0
6	83302997	83320756	2
6	83320757	83326127	0
6	83326128	83337116	2
6	83337117	83339353	0
6	83339354	83436064	1
6	83436065	83457197	0
6	83457198	83483949	1
6	83483950	83489885	0
6	83489886	83513245	1
6	83513246	83520197	0
6	83520198	83549709	1
6	83549710	83621522	0
6	83621523	83633167	1
6	83633168	83648195	0
6	83648196	83654837	1
6	83654838	83688244	0
6	83688245	83715293	2
6	83715294	83719970	0
6	83719971	83735835	2
6	83735836	83739624	0
6	83739625	83745306	2
6	83745307	83745865	0
6	83745866	83752793	1
6	83752794	83771962	0
6	83771963	83780400	2
6	83780401	83782381	0
6	83782382	83808721	1
6	83808722	83844089	0
6	83844090	83966530	2
6	83966531	83985570	0
6	83985571	84188040	2
6	84188041	84548394	0
6	84548395	84570888	1
6	84570889	84595467	0
6	84595468	85046493	1
6	85046494	85110658	0
6	85110659	85114746	1
6	85114747	85164418	0
6	85164419	85181338	2
6	85181339	85190029	0
6	85190030	85310402	1
6	85310403	85311942	0
6	85311943	85351614	1
6	85351615	85400866	0
6	85400867	85405857	2
6	85405858	85408969	0
6	85408970	85423415	2
6	85423416	85423790	0
6	85423791	85428494	1
6	85428495	85428950	3
6	85428951	85445455	2
6	85445456	85446554	0
6	85446555	85479974	1
6	85479975	85488101	0
6	85488102	85490569	1
6	85490570	85564511	0
6	85564512	85679733	2
6	85679734	85683707	0
6	85683708	85690185	1
6	85690186	85737629	0
6	85737630	85742724	1
6	85742725	85785004	0
6	85785005	85797952	1
6	85797953	85807368	0
6	85807369	85809062	1
6	85809063	85842402	0
6	85842403	85846138	1
6	85846139	85876031	0
6	85876032	85881864	1
6	85881865	85887134	0
6	85887135	85888857	1
6	85888858	85892667	3
6	85892668	85907264	2
6	85907265	85919248	0
6	85919249	85938647	1
6	85938648	85994171	0
6	85994172	85997976	2
6	85997977	86005684	0
6	86005685	86101389	2
6	86101390	86172203	0
6	86172204	86252699	2
6	86252700	86342626	0
6	86342627	86347038	2
6	86347039	86348284	0
6	86348285	86356308	2
6	86356309	86362986	0
6	86362987	86374134	1
6	86374135	86381199	0
6	86381200	86410385	2
6	86410386	86415354	0
6	86415355	86447368	2
6	86447369	86501472	0
6	86501473	86503301	1
6	86503302	86605144	0
6	86605145	86606690	2
6	86606691	86624022	0
6	86624023	86646141	1
6	86646142	86652131	0
6	86652132	86661502	1
6	86661503	86668748	0
6	86668749	86710363	1
6	86710364	86713820	0
6	86713821	86770564	1
6	86770565	86826497	0
6	86826498	86980203	2
6	86980204	86986216	0
6	86986217	87005441	2
6	87005442	87019826	0
6	87019827	87069177	2
6	87069178	87081726	0
6	87081727	87089977	2
6	87089978	87110833	0
6	87110834	87312744	1
6	87312745	87322630	0
6	87322631	87327922	1
6	87327923	87350337	0
6	87350338	87356477	2
6	87356478	87360236	0
6	87360237	87365915	1
6	87365916	87405974	0
6	87405975	87414657	2
6	87414658	87435525	0
6	87435526	87510239	1
6	87510240	87555571	0
6	87555572	87567723	1
6	87567724	87605404	0
6	87605405	87649173	1
6	87649174	87652573	0
6	87652574	87699781	1
6	87699782	87707849	0
6	87707850	87732888	2
6	87732889	87755052	0
6	87755053	87756748	2
6	87756749	87765833	0
6	87765834	87815778	1
6	87815779	87819595	0
6	87819596	87828086	1
6	87828087	87864794	0
6	87864795	87890575	2
6	87890576	87890915	0
6	87890916	87913609	2
6	87913610	87957401	0
6	87957402	87958617	1
6	87958618	87976086	0
6	87976087	88022250	1
6	88022251	88061462	0
6	88061463	88082284	2
6	88082285	88170871	0
6	88170872	88184012	2
6	88184013	88199248	0
6	88199249	88200237	2
6	88200238	88234314	0
6	88234315	88423519	1
6	88423520	88442389	0
6	88442390	88474552	2
6	88474553	88480559	0
6	88480560	88495885	1
6	88495886	88522094	0
6	88522095	88614930	1
6	88614931	88701392	0
6	88701393	88805340	2
6	88805341	88812894	0
6	88812895	88818880	1
6	88818881	88819545	0
6	88819546	88852024	1
6	88852025	88860454	0
6	88860455	88875760	1
6	88875761	88879231	0
6	88879232	88889211	2
6	88889212	89293294	0
6	89293295	89339600	1
6	89339601	89360126	0
6	89360127	89572632	1
6	89572633	89620968	0
6	89620969	89652509	2
6	89652510	89684520	0
6	89684521	89693637	2
6	89693638	89717746	0
6	89717747	89724625	2
6	89724626	89819553	0
6	89819554	89853393	1
6	89853394	89860640	0
6	89860641	89871868	2
6	89871869	89908629	0
6	89908630	89917578	1
6	89917579	89946293	0
6	89946294	89963701	2
6	89963702	89993127	0
6	89993128	90004457	2
6	90004458	90012913	0
6	90012914	90013821	1
6	90013822	90048873	0
6	90048874	90055486	1
6	90055487	90078410	0
6	90078411	90086089	2
6	90086090	90099576	0
6	90099577	90109244	2
6	90109245	90151788	0
6	90151789	90158228	2
6	90158229	90179766	0
6	90179767	90182846	2
6	90182847	90200297	0
6	90200298	90201418	1
6	90201419	90223280	0
6	90223281	90248193	2
6	90248194	90278199	0
6	90278200	90282429	2
6	90282430	90285329	0
6	90285330	90302165	1
6	90302166	90310264	0
6	90310265	90341531	2
6	90341532	90346472	0
6	90346473	90380470	2
6	90380471	90380716	0
6	90380717	90405777	1
6	90405778	90439556	0
6	90439557	90452218	2
6	90452219	90527769	0
6	90527770	90577183	2
6	90577184	90581705	0
6	90581706	90623392	2
6	90623393	90633068	0
6	90633069	90965665	1
6	90965666	90990048	0
6	90990049	91093809	1
6	91093810	91133645	0
6	91133646	91151672	2
6	91151673	91189435	0
6	91189436	91249520	2
6	91249521	91340961	0
6	91340962	91388343	1
6	91388344	91439152	0
6	91439153	91450526	1
6	91450527	91450683	0
6	91450684	91465443	2
6	91465444	91466285	0
6	91466286	91492868	1
6	91492869	91492908	0
6	91492909	91499605	2
6	91499606	91661032	0
6	91661033	91736045	2
6	91736046	91738488	0
6	91738489	91784435	1
6	91784436	91855032	0
6	91855033	91876822	2
6	91876823	91881212	0
6	91881213	91927704	2
6	91927705	91955857	0
6	91955858	92052983	2
6	92052984	92068369	0
6	92068370	92146504	2
6	92146505	92150036	3
6	92150037	92161012	1
6	92161013	92163691	0
6	92163692	92191904	1
6	92191905	92219040	0
6	92219041	92221629	1
6	92221630	92347887	0
6	92347888	92683134	1
6	92683135	92749678	0
6	92749679	92793457	1
6	92793458	92820444	3
6	92820445	92846336	1
6	92846337	92861390	3
6	92861391	92920471	1
6	92920472	93652434	0
6	93652435	94260896	1
6	94260897	94477310	0
6	94477311	94581513	2
6	94581514	94581651	3
6	94581652	94677124	1
6	94677125	95094219	0
6	95094220	95106769	2
6	95106770	95299091	0
6	95299092	95299189	2
6	95299190	95449988	0
6	95449989	95695779	1
6	95695780	96090133	0
6	96090134	96141476	2
6	96141477	96143222	3
6	96143223	96634157	2
6	96634158	96808162	0
6	96808163	97037372	1
6	97037373	97086983	0
6	97086984	97126141	1
6	97126142	97129956	0
6	97129957	97156081	1
6	97156082	97160629	0
6	97160630	97182606	1
6	97182607	97187648	0
6	97187649	97210274	2
6	97210275	97215493	0
6	97215494	97229718	1
6	97229719	97263826	0
6	97263827	97594500	1
6	97594501	97784011	0
6	97784012	97998308	2
6	97998309	98212667	0
6	98212668	98319713	1
6	98319714	98902297	0
6	98902298	99498121	1
6	99498122	99602094	0
6	99602095	99643730	1
6	99643731	99669638	0
6	99669639	99672025	2
6	99672026	99688258	0
6	99688259	99703351	1
6	99703352	100205524	0
6	100205525	100264444	1
6	100264445	100545215	0
6	100545216	100648116	1
6	100648117	100681693	0
6	100681694	100787872	2
6	100787873	100810581	0
6	100810582	100846893	2
6	100846894	101126568	0
6	101126569	101354856	1
6	101354857	102140263	0
6	102140264	102550060	1
6	102550061	103487545	0
6	103487546	103727170	2
6	103727171	104469749	0
6	104469750	104840365	2
6	104840366	105654704	0
6	105654705	106676269	2
6	106676270	106687316	0
6	106687317	106725996	1
6	106725997	106746079	0
6	106746080	106757160	2
6	106757161	106758830	3
6	106758831	106759433	2
6	106759434	106777033	1
6	106777034	107506727	0
6	107506728	107547173	2
6	107547174	108042004	0
6	108042005	108054081	2
6	108054082	108083987	0
6	108083988	108162541	1
6	108162542	108190055	0
6	108190056	108528068	2
6	108528069	108637588	0
6	108637589	108643884	2
6	108643885	108760058	0
6	108760059	108802237	2
6	108802238	108805633	0
6	108805634	108836307	2
6	108836308	110622540	0
6	110622541	111544189	2
6	111544190	112250717	0
6	112250718	112307384	2
6	112307385	112336283	0
6	112336284	112364982	1
6	112364983	112436464	0
6	112436465	112449831	2
6	112449832	112450642	0
6	112450643	112466902	1
6	112466903	112596809	0
6	112596810	112673645	1
6	112673646	112694930	0
6	112694931	112924225	1
6	112924226	113023184	0
6	113023185	113045232	2
6	113045233	113054324	0
6	113054325	113130394	2
6	113130395	113145049	0
6	113145050	113172343	1
6	113172344	113214802	0
6	113214803	113258351	2
6	113258352	113259266	0
6	113259267	113282528	2
6	113282529	113284096	0
6	113284097	113301819	2
6	113301820	113303931	0
6	113303932	113311083	2
6	113311084	113311147	3
6	113311148	113320943	1
6	113320944	113342984	0
6	113342985	113354842	1
6	113354843	113355074	0
6	113355075	113391546	2
6	113391547	113392278	0
6	113392279	113396299	1
6	113396300	113401593	0
6	113401594	113412719	1
6	113412720	113419528	0
6	113419529	113425188	2
6	113425189	113435443	0
6	113435444	113447717	2
6	113447718	113448386	0
6	113448387	113460099	2
6	113460100	113460256	0
6	113460257	113470297	2
6	113470298	113470598	0
6	113470599	113478890	1
6	113478891	113491833	0
6	113491834	113508611	1
6	113508612	113508641	0
6	113508642	113573721	2
6	113573722	113573976	3
6	113573977	113577674	1
6	113577675	113581731	0
6	113581732	113593910	2
6	113593911	113600918	0
6	113600919	113608592	2
6	113608593	113615426	0
6	113615427	113671985	2
6	113671986	113674009	0
6	113674010	113688028	2
6	113688029	113693078	0
6	113693079	113696839	1
6	113696840	113705021	0
6	113705022	113717702	1
6	113717703	113720790	0
6	113720791	114018985	1
6	114018986	114108200	0
6	114108201	114226911	2
6	114226912	114259594	0
6	114259595	114294491	2
6	114294492	114374895	0
6	114374896	114460255	2
6	114460256	114620056	0
6	114620057	114837573	2
6	114837574	114838383	0
6	114838384	114946953	1
6	114946954	114981340	0
6	114981341	115014835	1
6	115014836	115111861	0
6	115111862	115218851	2
6	115218852	115229164	3
6	115229165	115258965	2
6	115258966	115337910	0
6	115337911	115467358	2
6	115467359	115521623	0
6	115521624	115555587	2
6	115555588	115562081	0
6	115562082	115569535	1
6	115569536	115578861	0
6	115578862	115595528	2
6	115595529	115599583	3
6	115599584	115653594	1
6	115653595	115706090	0
6	115706091	115739369	1
6	115739370	115751497	0
6	115751498	115782464	2
6	115782465	115782516	3
6	115782517	115785706	1
6	115785707	115787688	0
6	115787689	115815371	1
6	115815372	115817656	0
6	115817657	115830330	1
6	115830331	115830429	0
6	115830430	115903658	2
6	115903659	115908707	0
6	115908708	115916995	2
6	115916996	115921897	0
6	115921898	115927195	2
6	115927196	115931770	0
6	115931771	115971964	1
6	115971965	115995570	0
6	115995571	116170445	1
6	116170446	116184997	0
6	116184998	116239645	2
6	116239646	116241181	0
6	116241182	116307261	2
6	116307262	116314983	0
6	116314984	116386499	2
6	116386500	116387036	0
6	116387037	116438137	1
6	116438138	116466050	0
6	116466051	116475180	2
6	116475181	116483475	0
6	116483476	116494924	2
6	116494925	116515415	0
6	116515416	116521251	2
6	116521252	116528100	0
6	116528101	116529461	2
6	116529462	116531194	0
6	116531195	116537570	2
6	116537571	116557043	0
6	116557044	116561154	1
6	116561155	116600975	0
6	116600976	116605958	1
6	116605959	116609967	0
6	116609968	116627568	1
6	116627569	116629753	3
6	116629754	116650911	1
6	116650912	116656022	0
6	116656023	116693872	1
6	116693873	117145494	0
6	117145495	117158326	2
6	117158327	117818139	0
6	117818140	117822915	2
6	117822916	117840036	0
6	117840037	117850250	2
6	117850251	117877283	0
6	117877284	117902581	2
6	117902582	117910518	0
6	117910519	117914651	1
6	117914652	117988397	0
6	117988398	118068505	2
6	118068506	118084411	0
6	118084412	118116099	1
6	118116100	118128704	0
6	118128705	118174677	1
6	118174678	118360340	0
6	118360341	118396433	1
6	118396434	118404278	0
6	118404279	118432487	1
6	118432488	118438909	0
6	118438910	118456279	1
6	118456280	118478267	0
6	118478268	118539185	1
6	118539186	118564199	0
6	118564200	119152212	1
6	119152213	119173190	3
6	119173191	119173849	1
6	119173850	119198575	2
6	119198576	119213485	0
6	119213486	119292092	2
6	119292093	119306163	3
6	119306164	119329366	2
6	119329367	119330109	0
6	119330110	119394663	1
6	119394664	119409490	0
6	119409491	119456627	1
6	119456628	119459589	3
6	119459590	119521306	1
6	119521307	119547755	0
6	119547756	119825126	1
6	119825127	119879662	0
6	119879663	119899782	2
6	119899783	119900928	0
6	119900929	120015631	1
6	120015632	120070309	0
6	120070310	120177298	2
6	120177299	120180053	0
6	120180054	120271518	1
6	120271519	120301282	0
6	120301283	120341083	1
6	120341084	120341315	3
6	120341316	120421533	2
6	120421534	120440206	0
6	120440207	120464518	2
6	120464519	120465898	0
6	120465899	120470766	1
6	120470767	120486453	0
6	120486454	120508278	1
6	120508279	120643380	0
6	120643381	120748149	2
6	120748150	120750537	0
6	120750538	120771295	2
6	120771296	120772203	0
6	120772204	120799752	1
6	120799753	120813171	0
6	120813172	120869801	2
6	120869802	120869813	0
6	120869814	120893812	1
6	120893813	120908681	0
6	120908682	121107957	1
6	121107958	121160624	0
6	121160625	121173149	2
6	121173150	121187653	0
6	121187654	121203811	2
6	121203812	121222863	0
6	121222864	121247874	2
6	121247875	121277184	0
6	121277185	121314690	2
6	121314691	121320033	0
6	121320034	121342732	2
6	121342733	121349890	0
6	121349891	121450635	1
6	121450636	121612333	0
6	121612334	121656184	2
6	121656185	121709889	0
6	121709890	121766041	2
6	121766042	121815498	0
6	121815499	121866014	2
6	121866015	121983718	0
6	121983719	122062922	2
6	122062923	122247553	0
6	122247554	122259839	1
6	122259840	122285677	0
6	122285678	122294637	2
6	122294638	122294688	0
6	122294689	122317518	1
6	122317519	122430058	0
6	122430059	122475718	1
6	122475719	122482802	0
6	122482803	122506247	2
6	122506248	122530758	0
6	122530759	122541137	2
6	122541138	122554749	0
6	122554750	122579401	1
6	122579402	122582360	0
6	122582361	122587044	1
6	122587045	122603367	0
6	122603368	122607229	2
6	122607230	122684446	0
6	122684447	122691590	2
6	122691591	122704766	0
6	122704767	122778597	1
6	122778598	122796871	0
6	122796872	122822323	2
6	122822324	122824095	0
6	122824096	122833118	1
6	122833119	122851431	0
6	122851432	122865898	2
6	122865899	122898805	0
6	122898806	122911576	2
6	122911577	122929472	0
6	122929473	122946832	2
6	122946833	122967324	0
6	122967325	123001062	2
6	123001063	123026919	0
6	123026920	123048512	2
6	123048513	123083385	0
6	123083386	123120956	2
6	123120957	123149850	0
6	123149851	123181628	2
6	123181629	123206800	0
6	123206801	123223978	2
6	123223979	123239074	0
6	123239075	123252222	2
6	123252223	123258746	0
6	123258747	123266827	1
6	123266828	123285290	0
6	123285291	123313494	2
6	123313495	123350470	0
6	123350471	123395073	1
6	123395074	123469465	0
6	123469466	123510363	1
6	123510364	123586715	0
6	123586716	123627682	1
6	123627683	123679627	0
6	123679628	123724614	2
6	123724615	123755836	0
6	123755837	123798603	2
6	123798604	123801869	3
6	123801870	123830420	1
6	123830421	124001525	0
6	124001526	124042763	2
6	124042764	124166713	0
6	124166714	124208813	1
6	124208814	124281613	0
6	124281614	124307484	2
6	124307485	124373773	0
6	124373774	124392024	1
6	124392025	124407716	0
6	124407717	124441751	1
6	124441752	124470070	0
6	124470071	124487600	2
6	124487601	124489362	0
6	124489363	124500400	2
6	124500401	124507302	0
6	124507303	124519316	1
6	124519317	124547251	0
6	124547252	124558128	2
6	124558129	124601582	0
6	124601583	124613042	1
6	124613043	124639988	0
6	124639989	124681342	2
6	124681343	124681379	3
6	124681380	124689139	1
6	124689140	124689297	0
6	124689298	124693911	2
6	124693912	124697668	0
6	124697669	124715675	1
6	124715676	124716144	0
6	124716145	124718335	1
6	124718336	124719505	0
6	124719506	124733485	1
6	124733486	124737016	0
6	124737017	124746634	1
6	124746635	124746824	0
6	124746825	124756688	1
6	124756689	124785622	0
6	124785623	124787547	2
6	124787548	124787580	3
6	124787581	124791257	1
6	124791258	124791980	0
6	124791981	124806445	1
6	124806446	124806508	0
6	124806509	124810662	2
6	124810663	124811201	0
6	124811202	124817236	1
6	124817237	124818050	0
6	124818051	124834713	1
6	124834714	124835405	0
6	124835406	124840944	1
6	124840945	124841653	0
6	124841654	124865182	1
6	124865183	124881322	0
6	124881323	124888666	1
6	124888667	124890642	0
6	124890643	124894907	1
6	124894908	124908386	0
6	124908387	124913106	2
6	124913107	124935374	0
6	124935375	124942499	1
6	124942500	124973655	0
6	124973656	124980057	2
6	124980058	124986140	0
6	124986141	125014831	2
6	125014832	125016721	0
6	125016722	125026225	2
6	125026226	125026650	0
6	125026651	125040228	2
6	125040229	125044881	0
6	125044882	125059433	2
6	125059434	125072942	0
6	125072943	125107552	2
6	125107553	125108870	0
6	125108871	125121714	2
6	125121715	125122202	0
6	125122203	125138743	2
6	125138744	125138814	0
6	125138815	125143428	1
6	125143429	125144968	0
6	125144969	125168662	1
6	125168663	125169126	0
6	125169127	125173230	2
6	125173231	125192512	0
6	125192513	125200894	2
6	125200895	125208821	3
6	125208822	125209583	2
6	125209584	125213971	3
6	125213972	125218210	2
6	125218211	125255235	0
6	125255236	125263003	1
6	125263004	125283532	0
6	125283533	125290846	1
6	125290847	125297620	0
6	125297621	125321904	2
6	125321905	125326412	0
6	125326413	125339445	2
6	125339446	125339621	0
6	125339622	125357754	1
6	125357755	125437227	0
6	125437228	125471752	1
6	125471753	125523735	0
6	125523736	125663640	2
6	125663641	125667380	0
6	125667381	126017087	2
6	126017088	126078373	0
6	126078374	126143871	1
6	126143872	126509512	0
6	126509513	126512373	1
6	126512374	126617358	0
6	126617359	126621774	1
6	126621775	126685293	0
6	126685294	126717635	1
6	126717636	126798682	0
6	126798683	126826086	1
6	126826087	126830059	0
6	126830060	126851269	2
6	126851270	126852981	0
6	126852982	126898800	1
6	126898801	126900011	0
6	126900012	126916548	1
6	126916549	126916927	0
6	126916928	126952928	2
6	126952929	126992547	0
6	126992548	127005148	2
6	127005149	127049863	0
6	127049864	127058369	2
6	127058370	127062077	0
6	127062078	127086511	1
6	127086512	127102123	0
6	127102124	127129154	1
6	127129155	127423801	0
6	127423802	127471222	2
6	127471223	127538299	0
6	127538300	127651209	2
6	127651210	127665972	0
6	127665973	127746433	1
6	127746434	127864550	0
6	127864551	127930938	2
6	127930939	127938357	0
6	127938358	128120524	1
6	128120525	128201249	0
6	128201250	128277784	1
6	128277785	128298122	0
6	128298123	128332812	1
6	128332813	128333961	0
6	128333962	128339829	1
6	128339830	128339928	0
6	128339929	128385893	2
6	128385894	128386405	0
6	128386406	128401892	1
6	128401893	128407064	0
6	128407065	128415638	1
6	128415639	128460528	0
6	128460529	128503681	1
6	128503682	128516788	0
6	128516789	128558569	1
6	128558570	128586188	0
6	128586189	128600494	1
6	128600495	128639346	0
6	128639347	128654335	2
6	128654336	128683403	0
6	128683404	128700020	1
6	128700021	128755446	0
6	128755447	128803292	1
6	128803293	128826051	0
6	128826052	128864549	1
6	128864550	128868087	3
6	128868088	128875128	2
6	128875129	128911342	0
6	128911343	128961668	2
6	128961669	128991073	0
6	128991074	128997488	2
6	128997489	129022862	0
6	129022863	129034425	2
6	129034426	129068959	0
6	129068960	129077874	1
6	129077875	129157576	0
6	129157577	129163495	2
6	129163496	129244286	0
6	129244287	129252397	1
6	129252398	129299125	0
6	129299126	129308757	1
6	129308758	129319652	0
6	129319653	129342264	2
6	129342265	129352476	0
6	129352477	129362835	1
6	129362836	129374258	0
6	129374259	129382294	2
6	129382295	129385823	0
6	129385824	129401724	2
6	129401725	129401733	0
6	129401734	129428961	1
6	129428962	129462205	0
6	129462206	129484126	1
6	129484127	129489516	0
6	129489517	129496188	2
6	129496189	129510121	0
6	129510122	129519307	2
6	129519308	129554866	0
6	129554867	129562788	2
6	129562789	129568743	0
6	129568744	129575736	2
6	129575737	129587284	0
6	129587285	129600825	1
6	129600826	129616025	0
6	129616026	129620298	1
6	129620299	129624457	0
6	129624458	129637650	1
6	129637651	129642976	0
6	129642977	129655934	1
6	129655935	129674179	0
6	129674180	129694093	1
6	129694094	129706002	0
6	129706003	129717445	1
6	129717446	129743529	0
6	129743530	129761231	1
6	129761232	129808115	0
6	129808116	129839610	1
6	129839611	129841354	3
6	129841355	129853633	1
6	129853634	129875957	0
6	129875958	129894611	1
6	129894612	129989994	0
6	129989995	130003915	1
6	130003916	130020692	0
6	130020693	130044232	1
6	130044233	130092187	0
6	130092188	130106859	1
6	130106860	130155636	0
6	130155637	130170073	1
6	130170074	130195566	0
6	130195567	130210283	1
6	130210284	130246155	0
6	130246156	130258889	1
6	130258890	130300250	0
6	130300251	130314535	1
6	130314536	130340878	0
6	130340879	130363835	1
6	130363836	131196184	0
6	131196185	131224323	1
6	131224324	131261349	0
6	131261350	131270205	1
6	131270206	131276103	0
6	131276104	131293359	1
6	131293360	131341816	0
6	131341817	131365437	1
6	131365438	131463361	0
6	131463362	131530724	2
6	131530725	131606784	0
6	131606785	131607873	1
6	131607874	131636079	0
6	131636080	131637110	1
6	131637111	131654921	0
6	131654922	131655847	1
6	131655848	131661797	0
6	131661798	131662705	1
6	131662706	131663493	0
6	131663494	131664456	1
6	131664457	131666095	0
6	131666096	131667024	1
6	131667025	132183756	0
6	132183757	132187482	1
6	132187483	132288551	0
6	132288552	132291718	1
6	132291719	132338002	0
6	132338003	132341095	1
6	132341096	132546770	0
6	132546771	132549902	2
6	132549903	132572874	0
6	132572875	132578197	2
6	132578198	132602072	0
6	132602073	132604472	1
6	132604473	132633914	0
6	132633915	132634805	2
6	132634806	132677051	0
6	132677052	132677968	1
6	132677969	132687960	0
6	132687961	132688889	1
6	132688890	132713964	0
6	132713965	132714996	1
6	132714997	132731691	0
6	132731692	132732620	2
6	132732621	132739092	0
6	132739093	132740135	2
6	132740136	132754140	0
6	132754141	132755123	1
6	132755124	132779779	0
6	132779780	132780936	2
6	132780937	132824103	0
6	132824104	132825104	2
6	132825105	132832399	0
6	132832400	132833316	2
6	132833317	132844969	0
6	132844970	132845970	2
6	132845971	132869972	0
6	132869973	132870901	2
6	132870902	132886612	0
6	132886613	132887548	2
6	132887549	132928063	0
6	132928064	132929027	2
6	132929028	132933845	0
6	132933846	132934880	1
6	132934881	132956976	0
6	132956977	132957926	1
6	132957927	133013124	0
6	133013125	133014062	1
6	133014063	133031778	0
6	133031779	133032777	1
6	133032778	133081870	0
6	133081871	133087858	2
6	133087859	133269177	0
6	133269178	133272753	2
6	133272754	133826812	0
6	133826813	133830723	1
6	133830724	134012661	0
6	134012662	134247119	2
6	134247120	134373279	0
6	134373280	134415697	2
6	134415698	134423437	0
6	134423438	134543926	1
6	134543927	134586168	0
6	134586169	134609449	1
6	134609450	134616471	0
6	134616472	134688148	2
6	134688149	134692429	0
6	134692430	134769586	1
6	134769587	134807115	0
6	134807116	134835892	2
6	134835893	134846054	0
6	134846055	134875539	1
6	134875540	134897362	0
6	134897363	134902474	2
6	134902475	134958679	0
6	134958680	134963797	2
6	134963798	134988573	0
6	134988574	135000737	2
6	135000738	135042647	0
6	135042648	135061705	2
6	135061706	135082987	0
6	135082988	135095279	1
6	135095280	135114518	0
6	135114519	135145211	1
6	135145212	135174973	0
6	135174974	135214322	2
6	135214323	135221951	3
6	135221952	135231347	1
6	135231348	135286123	0
6	135286124	135287401	1
6	135287402	135339541	0
6	135339542	135360169	2
6	135360170	135690229	0
6	135690230	136150507	1
6	136150508	136304535	0
6	136304536	136306979	2
6	136306980	136377313	0
6	136377314	136392565	1
6	136392566	136483163	0
6	136483164	136587858	2
6	136587859	136589066	0
6	136589067	136638924	1
6	136638925	136674280	0
6	136674281	136758761	1
6	136758762	136778549	0
6	136778550	136781411	1
6	136781412	136785240	0
6	136785241	136787070	2
6	136787071	136790650	0
6	136790651	136804981	1
6	136804982	136805229	3
6	136805230	136806923	2
6	136806924	136812446	3
6	136812447	136817658	2
6	136817659	136825447	0
6	136825448	136834729	1
6	136834730	136849431	0
6	136849432	136852819	1
6	136852820	136884307	0
6	136884308	136899176	1
6	136899177	136900651	0
6	136900652	136900828	1
6	136900829	136918499	3
6	136918500	136918752	1
6	136918753	136945861	2
6	136945862	137031821	0
6	137031822	137147493	1
6	137147494	137229330	0
6	137229331	137440229	2
6	137440230	137454241	0
6	137454242	137631872	1
6	137631873	137712074	0
6	137712075	137728928	2
6	137728929	137731552	0
6	137731553	137834336	2
6	137834337	137960582	0
6	137960583	138056912	1
6	138056913	138117312	0
6	138117313	138133751	2
6	138133752	138339914	0
6	138339915	138558964	1
6	138558965	138634085	0
6	138634086	138635540	1
6	138635541	139469969	0
6	139469970	139478972	1
6	139478973	139564217	0
6	139564218	139634227	2
6	139634228	139645171	0
6	139645172	139915008	2
6	139915009	139935397	0
6	139935398	139987181	1
6	139987182	139987281	0
6	139987282	139988502	2
6	139988503	140369778	0
6	140369779	140542834	2
6	140542835	140568387	0
6	140568388	140624196	2
6	140624197	140675008	0
6	140675009	140701777	2
6	140701778	141194993	0
6	141194994	141453172	2
6	141453173	141470110	0
6	141470111	141515901	2
6	141515902	141575242	0
6	141575243	141632370	2
6	141632371	141653842	0
6	141653843	141719534	1
6	141719535	141751164	0
6	141751165	141801923	1
6	141801924	141853006	0
6	141853007	141892686	1
6	141892687	141917569	0
6	141917570	141957138	1
6	141957139	142031485	0
6	142031486	142154245	1
6	142154246	142179951	0
6	142179952	142244147	1
6	142244148	142249685	3
6	142249686	142268705	1
6	142268706	142291378	0
6	142291379	142296066	2
6	142296067	142308981	3
6	142308982	142332811	1
6	142332812	142332945	0
6	142332946	142349582	2
6	142349583	142359165	0
6	142359166	142365454	2
6	142365455	142368337	0
6	142368338	142418833	1
6	142418834	142435973	0
6	142435974	142453681	1
6	142453682	142510561	0
6	142510562	142517338	1
6	142517339	142533586	0
6	142533587	142648039	1
6	142648040	142702410	0
6	142702411	142721438	2
6	142721439	142731505	0
6	142731506	142750190	1
6	142750191	142767269	0
6	142767270	142910176	1
6	142910177	142956644	0
6	142956645	143045865	1
6	143045866	143112945	0
6	143112946	143178031	2
6	143178032	143774149	0
6	143774150	144155292	1
6	144155293	144939559	0
6	144939560	145021908	1
6	145021909	145067463	0
6	145067464	145120558	2
6	145120559	145120658	3
6	145120659	145156694	1
6	145156695	145156858	0
6	145156859	145162423	2
6	145162424	145162663	3
6	145162664	145195963	1
6	145195964	145339183	0
6	145339184	145396491	1
6	145396492	145561481	0
6	145561482	145567203	2
6	145567204	145692472	0
6	145692473	145766803	2
6	145766804	145803967	0
6	145803968	145811282	1
6	145811283	145877365	0
6	145877366	145910947	2
6	145910948	146009795	0
6	146009796	146403674	1
6	146403675	146451128	0
6	146451129	146478699	1
6	146478700	146479331	3
6	146479332	146500694	2
6	146500695	146503848	0
6	146503849	146536093	1
6	146536094	146544043	0
6	146544044	146552098	2
6	146552099	146626491	0
6	146626492	146680308	2
6	146680309	146697561	0
6	146697562	146735025	2
6	146735026	146751600	0
6	146751601	146772902	2
6	146772903	146789983	0
6	146789984	146851825	2
6	146851826	146855918	3
6	146855919	146933521	2
6	146933522	146934080	0
6	146934081	146935741	2
6	146935742	146944260	0
6	146944261	146975487	2
6	146975488	146976556	0
6	146976557	146988528	1
6	146988529	146992875	0
6	146992876	147014274	2
6	147014275	147153597	0
6	147153598	147165679	1
6	147165680	147377324	0
6	147377325	147534108	2
6	147534109	147948755	0
6	147948756	148080575	2
6	148080576	148084254	3
6	148084255	148113870	1
6	148113871	148133926	0
6	148133927	148345885	1
6	148345886	148672179	0
6	148672180	148732963	1
6	148732964	148743988	0
6	148743989	148797733	1
6	148797734	148822531	0
6	148822532	148847963	1
6	148847964	148889567	0
6	148889568	149003176	1
6	149003177	149031666	0
6	149031667	149032206	2
6	149032207	149041345	0
6	149041346	149052667	2
6	149052668	149058643	0
6	149058644	149090208	1
6	149090209	149210910	0
6	149210911	149237159	2
6	149237160	149310480	0
6	149310481	149464825	2
