<CHROM>	<START>	<END>	<TSB>
9	0	3003344	0
9	3003345	3006946	2
9	3006947	3013138	0
9	3013139	3014342	2
9	3014343	3015652	0
9	3015653	3017208	2
9	3017209	3017406	0
9	3017407	3021591	2
9	3021592	3023545	0
9	3023546	3025216	2
9	3025217	3025415	0
9	3025416	3033287	2
9	3033288	3034597	0
9	3034598	3035803	2
9	3035804	3036875	0
9	3036876	3038314	2
9	3038315	3335138	0
9	3335139	3391152	2
9	3391153	3403590	0
9	3403591	3479234	2
9	3479235	3532776	0
9	3532777	3894734	2
9	3894735	4294791	0
9	4294792	4309465	1
9	4309466	4309831	0
9	4309832	4331730	2
9	4331731	4376560	0
9	4376561	4386868	2
9	4386869	4417894	0
9	4417895	4796232	1
9	4796233	5298506	0
9	5298507	5307288	2
9	5307289	5308826	0
9	5308827	5336781	2
9	5336782	5345428	0
9	5345429	5373030	2
9	5373031	6168582	0
9	6168583	6262731	2
9	6262732	6269844	3
9	6269845	6378848	2
9	6378849	6928501	0
9	6928502	7184444	1
9	7184445	7184518	0
9	7184519	7208203	2
9	7208204	7272512	0
9	7272513	7283329	2
9	7283330	7344379	0
9	7344380	7368237	2
9	7368238	7369497	3
9	7369498	7388045	1
9	7388046	7445820	0
9	7445821	7455973	2
9	7455974	7464139	0
9	7464140	7476855	2
9	7476856	7502351	0
9	7502352	7510239	2
9	7510240	7558455	0
9	7558456	7568484	2
9	7568485	7571395	0
9	7571396	7581884	2
9	7581885	7628230	0
9	7628231	7674978	2
9	7674979	7692089	0
9	7692090	7699584	2
9	7699585	7764040	0
9	7764041	7794332	2
9	7794333	7818226	0
9	7818227	7837063	1
9	7837064	7848698	0
9	7848699	7873185	1
9	7873186	7931998	0
9	7931999	8004595	1
9	8004596	8021671	0
9	8021672	8042822	1
9	8042823	8076460	0
9	8076461	8134293	1
9	8134294	8544141	0
9	8544142	8680740	2
9	8680741	8899832	0
9	8899833	8968610	2
9	8968611	8994328	0
9	8994329	9239104	1
9	9239105	9660894	0
9	9660895	10904778	1
9	10904779	13242610	0
9	13242611	13245832	1
9	13245833	13246534	0
9	13246535	13292865	2
9	13292866	13298304	0
9	13298305	13355328	2
9	13355329	13358047	3
9	13358048	13620682	2
9	13620683	13659704	0
9	13659705	13717775	2
9	13717776	13719088	0
9	13719089	13738401	1
9	13738402	13739010	0
9	13739011	13766281	2
9	13766282	14186361	0
9	14186362	14244395	2
9	14244396	14265284	0
9	14265285	14292536	1
9	14292537	14373842	0
9	14373843	14411776	1
9	14411777	14411911	0
9	14411912	14421871	2
9	14421872	14453260	0
9	14453261	14556350	1
9	14556351	14607524	0
9	14607525	14652034	1
9	14652035	14659614	0
9	14659615	14663687	1
9	14663688	14669485	0
9	14669486	14682324	1
9	14682325	14690912	0
9	14690913	14695948	1
9	14695949	14696150	3
9	14696151	14748417	2
9	14748418	14771504	0
9	14771505	14782083	2
9	14782084	14797108	0
9	14797109	14815243	1
9	14815244	14913422	0
9	14913423	14956772	1
9	14956773	14963135	0
9	14963136	15023402	1
9	15023403	15150339	0
9	15150340	15170710	2
9	15170711	15171645	0
9	15171646	15191225	1
9	15191226	15194631	0
9	15194632	15217508	1
9	15217509	15217742	3
9	15217743	15223398	2
9	15223399	15228209	0
9	15228210	15269082	1
9	15269083	15404726	0
9	15404727	15456554	2
9	15456555	15471158	0
9	15471159	15539227	1
9	15539228	15621032	0
9	15621033	15654655	2
9	15654656	15773961	0
9	15773962	15785754	1
9	15785755	15821483	0
9	15821484	16412579	1
9	16412580	18203419	0
9	18203420	18228736	2
9	18228737	18233245	0
9	18233246	18314289	1
9	18314290	18315712	0
9	18315713	18324471	2
9	18324472	18341948	0
9	18341949	18357610	2
9	18357611	18367486	0
9	18367487	18384853	1
9	18384854	18389653	0
9	18389654	18396592	2
9	18396593	18406749	0
9	18406750	18585824	1
9	18585825	18662801	0
9	18662802	18675290	1
9	18675291	18726022	0
9	18726023	18730820	1
9	18730821	18766227	0
9	18766228	18770374	2
9	18770375	18785987	0
9	18785988	18789663	2
9	18789664	18848416	0
9	18848417	18860234	2
9	18860235	18899284	0
9	18899285	18900222	2
9	18900223	18944029	0
9	18944030	18948964	2
9	18948965	19031676	0
9	19031677	19037232	2
9	19037233	19047611	0
9	19047612	19051935	2
9	19051936	19079701	0
9	19079702	19088606	1
9	19088607	19154250	0
9	19154251	19163281	1
9	19163282	19227641	0
9	19227642	19231391	2
9	19231392	19247751	0
9	19247752	19253012	2
9	19253013	19268359	0
9	19268360	19275299	1
9	19275300	19284962	0
9	19284963	19289963	1
9	19289964	19351560	0
9	19351561	19358217	2
9	19358218	19388595	0
9	19388596	19389542	1
9	19389543	19404589	0
9	19404590	19414109	2
9	19414110	19445496	0
9	19445497	19452370	1
9	19452371	19477729	0
9	19477730	19478676	1
9	19478677	19493911	0
9	19493912	19497324	2
9	19497325	19533396	0
9	19533397	19561025	2
9	19561026	19620727	0
9	19620728	19626224	2
9	19626225	19691577	0
9	19691578	19696627	2
9	19696628	19716200	0
9	19716201	19728920	2
9	19728921	19756450	0
9	19756451	19761041	1
9	19761042	19793711	0
9	19793712	19799298	1
9	19799299	19828159	0
9	19828160	19840418	2
9	19840419	19938253	0
9	19938254	19939329	1
9	19939330	19962249	0
9	19962250	19968856	1
9	19968857	20009920	0
9	20009921	20016048	2
9	20016049	20040303	0
9	20040304	20050057	2
9	20050058	20079827	0
9	20079828	20085351	1
9	20085352	20123501	0
9	20123502	20124647	2
9	20124648	20148413	0
9	20148414	20172937	2
9	20172938	20193645	0
9	20193646	20198872	2
9	20198873	20209826	0
9	20209827	20214749	2
9	20214750	20223446	0
9	20223447	20247388	1
9	20247389	20256430	0
9	20256431	20296471	1
9	20296472	20339743	0
9	20339744	20371454	1
9	20371455	20379843	0
9	20379844	20404040	1
9	20404041	20406362	0
9	20406363	20432711	1
9	20432712	20492619	0
9	20492620	20516703	2
9	20516704	20529412	0
9	20529413	20554612	1
9	20554613	20556049	3
9	20556050	20556061	1
9	20556062	20558434	2
9	20558435	20563389	0
9	20563390	20577878	2
9	20577879	20578984	0
9	20578985	20657643	1
9	20657644	20681344	0
9	20681345	20726361	1
9	20726362	20729797	0
9	20729798	20737411	2
9	20737412	20779936	0
9	20779937	20785102	2
9	20785103	20785601	3
9	20785602	20791021	1
9	20791022	20799469	0
9	20799470	20803472	2
9	20803473	20805643	0
9	20805644	20809917	1
9	20809918	20818503	0
9	20818504	20871182	1
9	20871183	20873655	0
9	20873656	20888075	1
9	20888076	20914032	0
9	20914033	20920133	2
9	20920134	20927279	0
9	20927280	20940111	2
9	20940112	20940667	0
9	20940668	20941889	2
9	20941890	20943367	0
9	20943368	20950330	2
9	20950331	20973687	0
9	20973688	20978387	1
9	20978388	20978814	0
9	20978815	20984838	1
9	20984839	20985452	0
9	20985453	21003302	1
9	21003303	21015363	0
9	21015364	21042537	1
9	21042538	21044516	0
9	21044517	21061276	1
9	21061277	21077008	0
9	21077009	21124542	2
9	21124543	21141024	0
9	21141025	21150655	1
9	21150656	21154206	0
9	21154207	21159737	1
9	21159738	21176587	0
9	21176588	21184751	2
9	21184752	21189066	3
9	21189067	21199263	1
9	21199264	21199704	0
9	21199705	21202701	1
9	21202702	21205907	0
9	21205908	21223631	1
9	21223632	21231992	0
9	21231993	21266322	2
9	21266323	21279165	0
9	21279166	21316655	2
9	21316656	21323131	0
9	21323132	21331568	2
9	21331569	21336202	0
9	21336203	21418849	2
9	21418850	21419048	3
9	21419049	21421546	1
9	21421547	21437470	0
9	21437471	21456627	2
9	21456628	21458188	0
9	21458189	21499976	2
9	21499977	21500761	3
9	21500762	21503917	2
9	21503918	21504016	1
9	21504017	21504066	3
9	21504067	21504122	1
9	21504123	21507264	2
9	21507265	21527463	0
9	21527464	21615524	2
9	21615525	21634777	0
9	21634778	21661213	2
9	21661214	21666736	0
9	21666737	21671597	1
9	21671598	21678078	0
9	21678079	21710038	1
9	21710039	21711154	0
9	21711155	21746804	1
9	21746805	21748641	3
9	21748642	21763929	1
9	21763930	21818785	0
9	21818786	21829486	1
9	21829487	21832303	0
9	21832304	21838765	1
9	21838766	21838829	3
9	21838830	21847166	2
9	21847167	21848327	0
9	21848328	21860201	2
9	21860202	21867049	0
9	21867050	21869558	2
9	21869559	21870191	0
9	21870192	21874800	1
9	21874801	21882821	0
9	21882822	21900740	1
9	21900741	21901165	0
9	21901166	21913928	1
9	21913929	21914100	0
9	21914101	21925516	2
9	21925517	21926299	0
9	21926300	21963317	1
9	21963318	21966754	0
9	21966755	21982639	1
9	21982640	21983540	0
9	21983541	21996732	1
9	21996733	22010510	0
9	22010511	22020924	2
9	22020925	22024283	0
9	22024284	22028466	1
9	22028467	22038021	0
9	22038022	22047005	1
9	22047006	22068140	0
9	22068141	22069652	2
9	22069653	22099384	0
9	22099385	22113417	2
9	22113418	22137008	0
9	22137009	22154648	2
9	22154649	22158724	0
9	22158725	22171189	1
9	22171190	22188042	0
9	22188043	22218942	1
9	22218943	22243306	0
9	22243307	22300482	1
9	22300483	22322341	0
9	22322342	22322807	1
9	22322808	22355975	3
9	22355976	22365584	1
9	22365585	22373356	3
9	22373357	22381037	1
9	22381038	22387009	0
9	22387010	22799574	2
9	22799575	23134370	0
9	23134371	23396494	2
9	23396495	24009290	0
9	24009291	24227692	2
9	24227693	24323070	0
9	24323071	24414434	1
9	24414435	24468341	0
9	24468342	24536490	1
9	24536491	24537118	3
9	24537119	24607587	1
9	24607588	24629432	0
9	24629433	24685597	1
9	24685598	25000716	0
9	25000717	25000784	2
9	25000785	25019426	0
9	25019427	25063114	1
9	25063115	25163733	0
9	25163734	25219865	2
9	25219866	25392841	0
9	25392842	25515404	2
9	25515405	26645022	0
9	26645023	26674338	2
9	26674339	26674389	3
9	26674390	26717762	1
9	26717763	26729247	0
9	26729248	26772184	1
9	26772185	26791250	0
9	26791251	26834375	1
9	26834376	26885429	0
9	26885430	26910860	1
9	26910861	26911004	0
9	26911005	26918630	2
9	26918631	26919065	0
9	26919066	26941359	1
9	26941360	26941469	0
9	26941470	27006606	2
9	27006607	27008678	0
9	27008679	27066687	1
9	27066688	27210498	0
9	27210499	27268840	2
9	27268841	27308094	0
9	27308095	27313005	2
9	27313006	27702241	0
9	27702242	28836704	2
9	28836705	28906044	0
9	28906045	29874423	1
9	29874424	30338402	0
9	30338403	30378020	2
9	30378021	30810449	0
9	30810450	30833746	1
9	30833747	30853856	0
9	30853857	30874150	2
9	30874151	30941938	0
9	30941939	30987179	2
9	30987180	31000696	0
9	31000697	31043147	1
9	31043148	31060851	0
9	31060852	31123109	1
9	31123110	31191832	0
9	31191833	31293017	2
9	31293018	31297486	0
9	31297487	31332627	2
9	31332628	31337490	0
9	31337491	31375756	1
9	31375757	31757338	0
9	31757339	31824756	1
9	31824757	32027430	0
9	32027431	32179740	2
9	32179741	32226001	0
9	32226002	32255644	1
9	32255645	32283787	0
9	32283788	32310491	2
9	32310492	32333498	0
9	32333499	32454155	1
9	32454156	32547542	0
9	32547543	32669114	2
9	32669115	34397188	0
9	34397189	34948010	2
9	34948011	34957870	0
9	34957871	35030562	1
9	35030563	35035702	0
9	35035703	35087355	1
9	35087356	35095845	0
9	35095846	35111469	1
9	35111470	35111585	3
9	35111586	35115502	2
9	35115503	35122274	3
9	35122275	35128259	2
9	35128260	35128308	3
9	35128309	35128314	2
9	35128315	35159267	3
9	35159268	35179099	1
9	35179100	35179159	0
9	35179160	35187259	2
9	35187260	35332422	0
9	35332423	35418946	2
9	35418947	35420516	0
9	35420517	35429563	1
9	35429564	35447941	0
9	35447942	35469822	1
9	35469823	35470754	0
9	35470755	35472114	2
9	35472115	35478695	3
9	35478696	35481578	1
9	35481579	35481692	3
9	35481693	35518387	2
9	35518388	35523235	3
9	35523236	35556407	2
9	35556408	35559496	3
9	35559497	35596373	2
9	35596374	35598665	3
9	35598666	35601612	2
9	35601613	35652343	0
9	35652344	35653546	2
9	35653547	35687818	0
9	35687819	35689403	1
9	35689404	35699344	0
9	35699345	35701406	1
9	35701407	35749623	0
9	35749624	35755444	1
9	35755445	35819717	0
9	35819718	35822090	2
9	35822091	36031228	0
9	36031229	36040073	1
9	36040074	36343178	0
9	36343179	36346232	2
9	36346233	36386932	0
9	36386933	36388480	2
9	36388481	36443691	0
9	36443692	36453257	1
9	36453258	36492572	0
9	36492573	36493929	1
9	36493930	36547048	0
9	36547049	36549896	1
9	36549897	36604514	0
9	36604515	36610137	2
9	36610138	36619776	0
9	36619777	36637952	1
9	36637953	36640638	0
9	36640639	36678973	1
9	36678974	36690453	0
9	36690454	36708687	1
9	36708688	36733158	0
9	36733159	36790218	2
9	36790219	36802276	0
9	36802277	37058701	1
9	37058702	37119517	0
9	37119518	37135994	2
9	37135995	37138879	0
9	37138880	37167032	1
9	37167033	37187129	0
9	37187130	37259726	1
9	37259727	37278645	0
9	37278646	37297869	2
9	37297870	37313191	0
9	37313192	37326409	2
9	37326410	37327339	0
9	37327340	37344540	1
9	37344541	37400315	0
9	37400316	37435919	2
9	37435920	37439372	0
9	37439373	37449613	2
9	37449614	37450549	0
9	37450550	37455499	2
9	37455500	37455786	0
9	37455787	37464198	1
9	37464199	37466992	0
9	37466993	37514584	2
9	37514585	37525016	3
9	37525017	37560057	2
9	37560058	37560949	3
9	37560950	37568606	1
9	37568607	37571196	0
9	37571197	37580529	1
9	37580530	37620258	0
9	37620259	37627544	1
9	37627545	37656400	0
9	37656401	37659888	2
9	37659889	37683151	0
9	37683152	37685753	2
9	37685754	37714352	0
9	37714353	37719438	2
9	37719439	37765563	0
9	37765564	37768614	2
9	37768615	37808018	0
9	37808019	37814813	2
9	37814814	37829248	0
9	37829249	37833735	2
9	37833736	37903119	0
9	37903120	37907702	2
9	37907703	37937102	0
9	37937103	37938031	2
9	37938032	37957849	0
9	37957850	37961431	2
9	37961432	37972616	0
9	37972617	37973545	2
9	37973546	37995366	0
9	37995367	38002031	2
9	38002032	38019422	0
9	38019423	38022675	2
9	38022676	38026492	0
9	38026493	38032539	2
9	38032540	38053811	0
9	38053812	38059669	2
9	38059670	38091165	0
9	38091166	38092115	1
9	38092116	38119659	0
9	38119660	38122892	2
9	38122893	38129349	0
9	38129350	38133000	2
9	38133001	38164068	0
9	38164069	38167843	2
9	38167844	38179145	0
9	38179146	38181029	2
9	38181030	38202401	0
9	38202402	38205759	2
9	38205760	38240354	0
9	38240355	38247183	2
9	38247184	38259705	0
9	38259706	38264213	2
9	38264214	38278190	0
9	38278191	38282649	2
9	38282650	38288380	0
9	38288381	38293768	2
9	38293769	38312992	0
9	38312993	38319291	2
9	38319292	38340749	0
9	38340750	38343976	2
9	38343977	38358946	0
9	38358947	38361870	2
9	38361871	38374438	0
9	38374439	38380289	2
9	38380290	38382401	0
9	38382402	38388307	2
9	38388308	38398379	0
9	38398380	38402854	2
9	38402855	38407095	0
9	38407096	38411176	2
9	38411177	38432874	0
9	38432875	38438427	2
9	38438428	38449143	0
9	38449144	38452114	2
9	38452115	38491472	0
9	38491473	38498170	2
9	38498171	38504053	0
9	38504054	38507577	2
9	38507578	38516396	0
9	38516397	38522272	2
9	38522273	38566346	0
9	38566347	38571169	1
9	38571170	38576207	0
9	38576208	38577136	1
9	38577137	38581155	0
9	38581156	38585895	1
9	38585896	38608098	0
9	38608099	38614967	1
9	38614968	38629562	0
9	38629563	38654631	2
9	38654632	38663593	0
9	38663594	38671411	2
9	38671412	38684362	0
9	38684363	38690315	2
9	38690316	38725908	0
9	38725909	38730489	2
9	38730490	38737839	0
9	38737840	38741594	2
9	38741595	38755743	0
9	38755744	38762789	2
9	38762790	38766354	0
9	38766355	38767284	2
9	38767285	38788420	0
9	38788421	38789470	2
9	38789471	38841103	0
9	38841104	38842690	2
9	38842691	38883607	0
9	38883608	38891155	2
9	38891156	38892320	0
9	38892321	38899609	1
9	38899610	38905265	0
9	38905266	38910977	1
9	38910978	38929367	0
9	38929368	38934671	1
9	38934672	38970145	0
9	38970146	38976245	1
9	38976246	38988992	0
9	38988993	38990181	1
9	38990182	39039425	0
9	39039426	39056366	2
9	39056367	39077604	0
9	39077605	39103644	2
9	39103645	39113214	0
9	39113215	39129715	2
9	39129716	39145706	0
9	39145707	39161288	1
9	39161289	39168163	0
9	39168164	39188112	1
9	39188113	39227006	0
9	39227007	39237339	1
9	39237340	39298704	0
9	39298705	39306927	2
9	39306928	39337387	0
9	39337388	39338442	1
9	39338443	39367995	0
9	39367996	39375919	2
9	39375920	39380851	0
9	39380852	39383238	1
9	39383239	39393080	0
9	39393081	39405289	1
9	39405290	39421528	0
9	39421529	39427103	1
9	39427104	39459252	0
9	39459253	39465348	1
9	39465349	39480677	0
9	39480678	39486863	1
9	39486864	39498690	0
9	39498691	39515697	1
9	39515698	39521949	0
9	39521950	39527221	2
9	39527222	39534222	0
9	39534223	39535465	2
9	39535466	39556379	0
9	39556380	39560850	2
9	39560851	39578499	0
9	39578500	39582077	2
9	39582078	39611812	0
9	39611813	39618411	1
9	39618412	39622647	0
9	39622648	39631908	2
9	39631909	39642272	0
9	39642273	39649750	2
9	39649751	39657543	0
9	39657544	39662787	2
9	39662788	39680070	0
9	39680071	39694547	1
9	39694548	39702239	0
9	39702240	39707929	2
9	39707930	39720154	0
9	39720155	39732291	2
9	39732292	39748170	0
9	39748171	39752575	2
9	39752576	39777716	0
9	39777717	39785945	2
9	39785946	39818630	0
9	39818631	39824026	2
9	39824027	39848795	0
9	39848796	39856464	2
9	39856465	39859425	0
9	39859426	39863340	1
9	39863341	39865433	0
9	39865434	39872427	1
9	39872428	39903407	0
9	39903408	39906389	2
9	39906390	39909297	0
9	39909298	39914759	1
9	39914760	39915642	0
9	39915643	39920876	1
9	39920877	39932758	0
9	39932759	39941671	2
9	39941672	39985123	0
9	39985124	39990698	2
9	39990699	39998202	0
9	39998203	40004889	1
9	40004890	40007809	0
9	40007810	40025500	1
9	40025501	40037602	0
9	40037603	40041478	1
9	40041479	40059416	0
9	40059417	40062168	2
9	40062169	40092214	0
9	40092215	40101428	2
9	40101429	40103611	0
9	40103612	40124483	2
9	40124484	40180511	0
9	40180512	40202912	2
9	40202913	40204527	0
9	40204528	40442677	1
9	40442678	40581907	0
9	40581908	40582308	2
9	40582309	40597306	0
9	40597307	40696613	2
9	40696614	40712278	0
9	40712279	40716494	2
9	40716495	40785421	0
9	40785422	40791351	2
9	40791352	40806143	0
9	40806144	40875412	1
9	40875413	40880985	0
9	40880986	40915922	1
9	40915923	40922392	0
9	40922393	41072982	1
9	41072983	41876014	0
9	41876015	42035591	1
9	42035592	42162889	0
9	42162890	42175550	1
9	42175551	42240916	0
9	42240917	42311223	1
9	42311224	42323610	0
9	42323611	42419103	1
9	42419104	42429429	0
9	42429430	42855787	1
9	42855788	42875136	0
9	42875137	43017280	1
9	43017281	43019943	0
9	43019944	43027863	1
9	43027864	43035232	0
9	43035233	43121664	1
9	43121665	43132530	0
9	43132531	43151206	1
9	43151207	43222143	0
9	43222144	43247410	2
9	43247411	43655279	0
9	43655280	43743817	2
9	43743818	43954679	0
9	43954680	43959874	2
9	43959875	43977622	0
9	43977623	43978316	1
9	43978317	44006922	3
9	44006923	44013024	1
9	44013025	44020482	3
9	44020483	44024799	1
9	44024800	44045857	0
9	44045858	44054022	2
9	44054023	44054271	0
9	44054272	44145344	1
9	44145345	44151971	0
9	44151972	44158601	2
9	44158602	44158602	0
9	44158603	44162766	1
9	44162767	44164012	0
9	44164013	44179894	1
9	44179895	44184483	0
9	44184484	44199910	1
9	44199911	44203735	0
9	44203736	44216966	1
9	44216967	44220532	0
9	44220533	44231580	1
9	44231581	44238140	0
9	44238141	44245195	2
9	44245196	44245989	0
9	44245990	44247372	2
9	44247373	44247634	0
9	44247635	44255523	1
9	44255524	44259044	0
9	44259045	44272965	1
9	44272966	44290785	0
9	44290786	44303664	2
9	44303665	44308147	0
9	44308148	44314263	2
9	44314264	44315054	0
9	44315055	44318434	1
9	44318435	44318895	3
9	44318896	44321454	2
9	44321455	44321722	3
9	44321723	44329864	1
9	44329865	44345068	0
9	44345069	44352431	1
9	44352432	44364010	0
9	44364011	44366271	1
9	44366272	44394120	0
9	44394121	44423082	2
9	44423083	44423191	3
9	44423192	44473172	1
9	44473173	44516187	0
9	44516188	44552026	2
9	44552027	44584528	0
9	44584529	44597599	2
9	44597600	44597600	3
9	44597601	44646493	1
9	44646494	44652859	0
9	44652860	44679140	1
9	44679141	44684205	0
9	44684206	44704742	2
9	44704743	44705070	0
9	44705071	44710602	1
9	44710603	44710692	0
9	44710693	44714367	1
9	44714368	44714650	0
9	44714651	44792592	1
9	44792593	44824513	0
9	44824514	44832038	1
9	44832039	44834423	0
9	44834424	44876896	1
9	44876897	44880868	0
9	44880869	44891727	1
9	44891728	44893082	0
9	44893083	44898635	2
9	44898636	44910036	0
9	44910037	44920909	1
9	44920910	44951095	0
9	44951096	44965311	2
9	44965312	44966482	0
9	44966483	44988732	2
9	44988733	44990479	0
9	44990480	45019830	2
9	45019831	45029078	0
9	45029079	45041366	2
9	45041367	45049691	0
9	45049692	45065448	2
9	45065449	45084022	0
9	45084023	45107062	1
9	45107063	45115388	3
9	45115389	45161316	2
9	45161317	45165133	0
9	45165134	45180445	1
9	45180446	45230396	0
9	45230397	45258877	2
9	45258878	45281481	0
9	45281482	45307455	2
9	45307456	45311005	0
9	45311006	45321574	2
9	45321575	45341587	0
9	45341588	45665008	2
9	45665009	45678242	0
9	45678243	45739987	1
9	45739988	45749876	0
9	45749877	45774721	2
9	45774722	45775695	3
9	45775696	45817793	1
9	45817794	45818165	3
9	45818166	45818207	1
9	45818208	45840915	2
9	45840916	45841008	3
9	45841009	45847354	1
9	45847355	45849153	0
9	45849154	45866554	1
9	45866555	45874155	0
9	45874156	45923986	1
9	45923987	45924116	0
9	45924117	46135490	2
9	46135491	46139876	0
9	46139877	46141762	2
9	46141763	46144229	0
9	46144230	46146932	1
9	46146933	46151992	0
9	46151993	46154755	2
9	46154756	46179929	0
9	46179930	46183215	2
9	46183216	46184360	0
9	46184361	46193939	2
9	46193940	46194304	0
9	46194305	46210406	2
9	46210407	46214657	0
9	46214658	46231282	1
9	46231283	46910037	0
9	46910038	46915156	2
9	46915157	47441469	0
9	47441470	47769411	2
9	47769412	48073319	0
9	48073320	48229304	2
9	48229305	48252196	3
9	48252197	48311323	2
9	48311324	48379810	0
9	48379811	48391921	1
9	48391922	48399999	0
9	48400000	48406595	1
9	48406596	48406740	0
9	48406741	48407270	2
9	48407271	48503175	0
9	48503176	48516451	1
9	48516452	48565595	0
9	48565596	48747520	1
9	48747521	48810511	0
9	48810512	48822397	1
9	48822398	48846306	0
9	48846307	48876288	1
9	48876289	48896673	0
9	48896674	48953815	2
9	48953816	48966911	0
9	48966912	48990070	2
9	48990071	48992558	0
9	48992559	49028885	2
9	49028886	49161829	0
9	49161830	49191892	2
9	49191893	49251925	0
9	49251926	49319475	2
9	49319476	49326492	0
9	49326493	49338319	1
9	49338320	49348261	0
9	49348262	49397523	1
9	49397524	49413434	0
9	49413435	49710223	1
9	49710224	50255499	0
9	50255500	50256266	1
9	50256267	50405823	0
9	50405824	50416780	2
9	50416781	50432915	0
9	50432916	50440022	1
9	50440023	50444385	0
9	50444386	50466125	1
9	50466126	50466479	3
9	50466480	50468117	2
9	50468118	50472623	3
9	50472624	50493138	2
9	50493139	50507655	0
9	50507656	50515110	1
9	50515111	50515208	0
9	50515209	50516538	2
9	50516539	50516618	3
9	50516619	50528619	1
9	50528620	50528762	3
9	50528763	50536295	2
9	50536296	50545931	0
9	50545932	50571078	1
9	50571079	50574050	0
9	50574051	50650815	1
9	50650816	50650989	0
9	50650990	50657834	1
9	50657835	50662376	0
9	50662377	50662623	1
9	50662624	50663591	3
9	50663592	50663652	1
9	50663653	50667934	2
9	50667935	50674126	0
9	50674127	50679534	1
9	50679535	50679750	3
9	50679751	50684646	2
9	50684647	50686317	0
9	50686318	50754826	2
9	50754827	50768222	0
9	50768223	50804099	2
9	50804100	50805527	3
9	50805528	50920371	1
9	50920372	50965938	0
9	50965939	50972199	1
9	50972200	50988364	3
9	50988365	50988392	1
9	50988393	50992413	2
9	50992414	51013376	3
9	51013377	51031173	2
9	51031174	51041605	0
9	51041606	51076815	1
9	51076816	51125006	0
9	51125007	51151378	2
9	51151379	51181556	0
9	51181557	51190949	1
9	51190950	51200984	0
9	51200985	51240222	1
9	51240223	51676650	0
9	51676651	51765154	2
9	51765155	51854604	0
9	51854605	51874854	1
9	51874855	51958471	0
9	51958472	52011761	2
9	52011762	52022642	0
9	52022643	52079870	1
9	52079871	52584340	0
9	52584341	52591078	1
9	52591079	53009933	0
9	53009934	53159351	1
9	53159352	53212968	0
9	53212969	53288812	2
9	53288813	53295323	0
9	53295324	53313165	2
9	53313166	53314635	0
9	53314636	53345700	2
9	53345701	53350447	0
9	53350448	53448038	1
9	53448039	53448345	0
9	53448346	53485640	2
9	53485641	53491820	0
9	53491821	53521680	1
9	53521681	53525880	0
9	53525881	53581312	1
9	53581313	53595408	0
9	53595409	53617530	1
9	53617531	53678820	0
9	53678821	53725436	2
9	53725437	53757446	0
9	53757447	53761842	2
9	53761843	53818742	0
9	53818743	53882583	1
9	53882584	53930687	0
9	53930688	53975670	1
9	53975671	54073219	0
9	54073220	54100804	1
9	54100805	54193768	0
9	54193769	54249068	2
9	54249069	54272440	0
9	54272441	54408908	1
9	54408909	54441428	0
9	54441429	54452076	2
9	54452077	54452302	3
9	54452303	54467500	1
9	54467501	54493616	0
9	54493617	54511943	2
9	54511944	54512159	0
9	54512160	54569152	1
9	54569153	54606155	0
9	54606156	54622017	2
9	54622018	54622043	3
9	54622044	54623597	2
9	54623598	54641801	1
9	54641802	54672030	0
9	54672031	54680392	2
9	54680393	54771071	0
9	54771072	54819812	2
9	54819813	54824565	0
9	54824566	54857206	2
9	54857207	54857512	0
9	54857513	54858072	1
9	54858073	54858280	3
9	54858281	54865312	2
9	54865313	54888162	0
9	54888163	54915061	2
9	54915062	54917393	0
9	54917394	54933844	1
9	54933845	54935436	0
9	54935437	54956061	1
9	54956062	55056136	0
9	55056137	55114811	2
9	55114812	55116207	0
9	55116208	55127505	2
9	55127506	55131715	3
9	55131716	55234031	1
9	55234032	55234195	0
9	55234196	55345627	2
9	55345628	55361790	0
9	55361791	55419525	1
9	55419526	55445954	0
9	55445955	55453462	2
9	55453463	55457161	0
9	55457162	55845401	1
9	55845402	55869871	0
9	55869872	55917832	1
9	55917833	55949139	0
9	55949140	55966359	2
9	55966360	55997244	0
9	55997245	56036170	2
9	56036171	56043166	0
9	56043167	56072759	1
9	56072760	56108408	0
9	56108409	56325349	1
9	56325350	56325891	0
9	56325892	56404218	2
9	56404219	56525757	0
9	56525758	56703420	1
9	56703421	56755941	0
9	56755942	56771961	1
9	56771962	56772315	0
9	56772316	56807152	2
9	56807153	56824475	0
9	56824476	56835653	1
9	56835654	56844757	0
9	56844758	56845680	2
9	56845681	56858160	0
9	56858161	56890488	2
9	56890489	56902205	0
9	56902206	56970089	2
9	56970090	56979322	0
9	56979323	57035648	2
9	57035649	57037972	0
9	57037973	57050004	2
9	57050005	57050082	0
9	57050083	57055587	1
9	57055588	57062321	0
9	57062322	57065613	1
9	57065614	57143837	0
9	57143838	57157145	2
9	57157146	57160398	0
9	57160399	57169893	1
9	57169894	57292376	0
9	57292377	57347405	1
9	57347406	57348608	0
9	57348609	57375341	1
9	57375342	57411307	0
9	57411308	57412729	2
9	57412730	57428560	0
9	57428561	57439707	2
9	57439708	57444809	0
9	57444810	57450465	2
9	57450466	57451537	0
9	57451538	57460044	1
9	57460045	57468224	0
9	57468225	57496076	2
9	57496077	57496733	0
9	57496734	57503514	2
9	57503515	57507273	0
9	57507274	57513562	1
9	57513563	57514366	0
9	57514367	57528055	1
9	57528056	57533927	0
9	57533928	57560912	1
9	57560913	57584218	0
9	57584219	57590984	1
9	57590985	57595209	0
9	57595210	57611105	2
9	57611106	57615821	0
9	57615822	57657990	2
9	57657991	57659780	3
9	57659781	57673141	1
9	57673142	57697634	0
9	57697635	57744074	1
9	57744075	57818260	0
9	57818261	57837249	2
9	57837250	57847394	0
9	57847395	57870146	2
9	57870147	57913692	0
9	57913693	57934304	2
9	57934305	57935958	0
9	57935959	57986591	1
9	57986592	58009578	3
9	58009579	58026104	1
9	58026105	58061277	2
9	58061278	58063549	0
9	58063550	58111600	1
9	58111601	58125357	0
9	58125358	58157067	1
9	58157068	58160445	0
9	58160446	58169801	2
9	58169802	58195019	0
9	58195020	58220467	1
9	58220468	58266985	0
9	58266986	58277736	1
9	58277737	58395884	0
9	58395885	58407061	2
9	58407062	58431579	0
9	58431580	58462718	1
9	58462719	58489521	0
9	58489522	58560137	2
9	58560138	58560159	3
9	58560160	58560162	2
9	58560163	58562489	3
9	58562490	58651245	1
9	58651246	58730693	0
9	58730694	58770456	2
9	58770457	58781968	0
9	58781969	58943722	1
9	58943723	59198839	0
9	59198840	59223480	2
9	59223481	59229271	0
9	59229272	59260789	1
9	59260790	59295539	0
9	59295540	59393895	1
9	59393896	59425966	0
9	59425967	59432782	1
9	59432783	59446821	0
9	59446822	59472390	2
9	59472391	59485473	0
9	59485474	59514573	2
9	59514574	59524565	0
9	59524566	59557566	2
9	59557567	59563649	0
9	59563650	59586656	2
9	59586657	59587425	0
9	59587426	59626155	2
9	59626156	59641540	0
9	59641541	59657930	1
9	59657931	59658177	0
9	59658178	59836147	2
9	59836148	59850052	0
9	59850053	59857398	1
9	59857399	59874212	0
9	59874213	60429327	1
9	60429328	60476453	0
9	60476454	60595439	1
9	60595440	60620270	0
9	60620271	60646082	2
9	60646083	60701822	0
9	60701823	60787650	2
9	60787651	61279646	0
9	61279647	61325777	2
9	61325778	61820564	0
9	61820565	61821822	1
9	61821823	61824560	0
9	61824561	61854054	1
9	61854055	61861018	0
9	61861019	61934136	1
9	61934137	61964528	0
9	61964529	62029935	1
9	62029936	62178009	0
9	62178010	62189488	1
9	62189489	62248609	0
9	62248610	62286092	2
9	62286093	62326772	0
9	62326773	62444324	1
9	62444325	62585106	0
9	62585107	62691262	2
9	62691263	62699101	0
9	62699102	62719214	1
9	62719215	62746065	0
9	62746066	62759286	2
9	62759287	62765360	0
9	62765361	62783201	2
9	62783202	62785648	0
9	62785649	62895204	1
9	62895205	63045450	0
9	63045451	63056241	1
9	63056242	63071048	0
9	63071049	63285182	1
9	63285183	63301727	0
9	63301728	63306521	1
9	63306522	63328735	0
9	63328736	63509773	1
9	63509774	63509940	0
9	63509941	63551868	2
9	63551869	63554047	0
9	63554048	63665274	1
9	63665275	63860356	0
9	63860357	63929339	1
9	63929340	64024427	0
9	64024428	64044424	2
9	64044425	64045398	3
9	64045399	64080384	1
9	64080385	64080655	0
9	64080656	64085946	2
9	64085947	64086554	0
9	64086555	64090412	2
9	64090413	64093050	0
9	64093051	64142481	1
9	64142482	64143642	3
9	64143643	64160911	1
9	64160912	64188861	0
9	64188862	64212704	2
9	64212705	64214036	0
9	64214037	64248568	1
9	64248569	64292906	0
9	64292907	64616485	2
9	64616486	64622579	0
9	64622580	64645038	1
9	64645039	64718620	0
9	64718621	64826947	2
9	64826948	64830141	0
9	64830142	64858887	1
9	64858888	64868185	0
9	64868186	64894258	2
9	64894259	64894263	0
9	64894264	64928973	1
9	64928974	64939694	0
9	64939695	64989931	2
9	64989932	65008766	0
9	65008767	65045220	2
9	65045221	65048469	0
9	65048470	65093152	2
9	65093153	65102633	0
9	65102634	65146504	2
9	65146505	65172460	0
9	65172461	65187885	2
9	65187886	65201540	0
9	65201541	65237938	2
9	65237939	65253384	0
9	65253385	65266923	2
9	65266924	65268341	0
9	65268342	65287657	2
9	65287658	65295964	0
9	65295965	65298932	1
9	65298933	65305805	0
9	65305806	65319994	2
9	65319995	65322133	3
9	65322134	65330235	1
9	65330236	65343062	0
9	65343063	65360334	2
9	65360335	65368227	0
9	65368228	65395750	2
9	65395751	65408733	0
9	65408734	65427473	1
9	65427474	65461664	0
9	65461665	65487320	1
9	65487321	65494440	0
9	65494441	65503247	2
9	65503248	65536928	0
9	65536929	65567808	2
9	65567809	65583828	0
9	65583829	65597580	2
9	65597581	65599671	0
9	65599672	65734844	1
9	65734845	65736210	0
9	65736211	65797517	1
9	65797518	65810546	3
9	65810547	65816074	1
9	65816075	65816204	0
9	65816205	65952295	2
9	65952296	65967511	0
9	65967512	65972456	2
9	65972457	65973903	3
9	65973904	65976999	1
9	65977000	65995413	0
9	65995414	66033867	1
9	66033868	66033891	0
9	66033892	66046235	2
9	66046236	66065503	0
9	66065504	66179522	2
9	66179523	66257806	0
9	66257807	66415655	2
9	66415656	66416055	3
9	66416056	66421889	1
9	66421890	66421917	0
9	66421918	66500422	1
9	66500423	66620966	0
9	66620967	66674125	2
9	66674126	66682482	0
9	66682483	66702770	1
9	66702771	66722274	0
9	66722275	66742006	1
9	66742007	66750944	0
9	66750945	66826967	1
9	66826968	66853366	0
9	66853367	66856794	2
9	66856795	66862668	0
9	66862669	66882764	1
9	66882765	66929870	0
9	66929871	66956686	1
9	66956687	67124367	0
9	67124368	67466983	1
9	67466984	67666717	0
9	67666718	67668210	2
9	67668211	67737769	0
9	67737770	67739610	1
9	67739611	67747676	0
9	67747677	67902918	2
9	67902919	68561066	0
9	68561067	69295526	2
9	69295527	69305186	0
9	69305187	69340402	2
9	69340403	69360900	0
9	69360901	69399075	2
9	69399076	69664990	0
9	69664991	69668220	1
9	69668221	69896746	0
9	69896747	69915597	2
9	69915598	69919830	0
9	69919831	69930146	2
9	69930147	69938776	0
9	69938777	69945368	1
9	69945369	69995791	0
9	69995792	70049840	1
9	70049841	70114648	0
9	70114649	70307046	2
9	70307047	70314972	0
9	70314973	70328827	1
9	70328828	70332709	0
9	70332710	70411005	1
9	70411006	70450034	0
9	70450035	70499514	2
9	70499515	70506294	0
9	70506295	70564454	1
9	70564455	70586277	0
9	70586278	70687509	2
9	70687510	70705408	0
9	70705409	70859506	1
9	70859507	71017939	0
9	71017940	71075937	1
9	71075938	71123069	0
9	71123070	71203523	2
9	71203524	71385717	0
9	71385718	71393215	1
9	71393216	71411627	0
9	71411628	71499640	1
9	71499641	71533789	0
9	71533790	71678882	1
9	71678883	71749968	0
9	71749969	72019151	1
9	72019152	72182140	0
9	72182141	72271057	2
9	72271058	72345291	0
9	72345292	72365852	2
9	72365853	72369305	3
9	72369306	72399492	1
9	72399493	72439520	0
9	72439521	72530217	2
9	72530218	72569626	0
9	72569627	72657132	2
9	72657133	72714154	0
9	72714155	72824571	2
9	72824572	72832925	0
9	72832926	72859461	2
9	72859462	72866065	0
9	72866066	72880344	2
9	72880345	72887002	0
9	72887003	72892656	1
9	72892657	72892709	0
9	72892710	72915761	2
9	72915762	72922937	3
9	72922938	72922976	2
9	72922977	72923620	3
9	72923621	72946979	1
9	72946980	72946998	0
9	72946999	72950059	2
9	72950060	72952134	0
9	72952135	73004909	2
9	73004910	73009116	0
9	73009117	73030613	2
9	73030614	73386702	0
9	73386703	73876246	1
9	73876247	74017636	0
9	74017637	74190483	2
9	74190484	74769201	0
9	74769202	74799061	2
9	74799062	74860244	0
9	74860245	74939748	2
9	74939749	74944894	0
9	74944895	74967593	2
9	74967594	74978468	0
9	74978469	75130968	2
9	75130969	75139300	0
9	75139301	75212731	2
9	75212732	75213568	0
9	75213569	75253151	2
9	75253152	75255038	0
9	75255039	75258929	2
9	75258930	75294182	0
9	75294183	75317285	1
9	75317286	75348816	0
9	75348817	75373712	2
9	75373713	75404987	0
9	75404988	75466937	1
9	75466938	75472901	0
9	75472902	75518605	1
9	75518606	75533021	0
9	75533022	75545051	2
9	75545052	75550469	0
9	75550470	75591336	1
9	75591337	75682644	0
9	75682645	75807590	2
9	75807591	75922135	0
9	75922136	76043630	2
9	76043631	76071382	0
9	76071383	76120937	1
9	76120938	76133160	0
9	76133161	76231136	1
9	76231137	76397334	0
9	76397335	76474396	1
9	76474397	76858973	0
9	76858974	76953074	1
9	76953075	77009361	0
9	77009362	77255196	1
9	77255197	77338103	0
9	77338104	77452150	1
9	77452151	77543780	0
9	77543781	77567407	2
9	77567408	77661815	0
9	77661816	77701765	2
9	77701766	77824644	0
9	77824645	77891799	2
9	77891800	77959204	0
9	77959205	77972904	2
9	77972905	77988779	0
9	77988780	78016345	1
9	78016346	78016472	0
9	78016473	78079387	2
9	78079388	78090054	0
9	78090055	78116629	2
9	78116630	78137936	0
9	78137937	78149964	2
9	78149965	78164409	0
9	78164410	78176446	2
9	78176447	78197203	0
9	78197204	78212805	2
9	78212806	78219284	0
9	78219285	78222076	1
9	78222077	78234869	0
9	78234870	78236900	2
9	78236901	78238298	0
9	78238299	78263068	1
9	78263069	78274332	0
9	78274333	78275457	1
9	78275458	78283389	0
9	78283390	78286005	1
9	78286006	78303057	0
9	78303058	78330867	2
9	78330868	78337806	0
9	78337807	78350517	1
9	78350518	78355488	0
9	78355489	78382628	2
9	78382629	78385729	0
9	78385730	78396431	1
9	78396432	78443768	0
9	78443769	78495321	1
9	78495322	78522826	0
9	78522827	78623533	2
9	78623534	79506271	0
9	79506272	79626000	1
9	79626001	79662641	0
9	79662642	79667158	1
9	79667159	79676223	0
9	79676224	79700787	1
9	79700788	79712374	0
9	79712375	79920131	1
9	79920132	79974183	0
9	79974184	80052233	2
9	80052234	80072311	0
9	80072312	80219009	2
9	80219010	80220610	0
9	80220611	80347532	1
9	80347533	81510342	0
9	81510343	81515879	1
9	81515880	81745721	0
9	81745722	82088058	2
9	82088059	82711591	0
9	82711592	82729738	2
9	82729739	82748210	0
9	82748211	82857567	1
9	82857568	82991999	0
9	82992000	83028736	1
9	83028737	83273415	0
9	83273416	83323178	1
9	83323179	83430378	0
9	83430379	83520852	2
9	83520853	83660743	0
9	83660744	83688328	1
9	83688329	83716741	0
9	83716742	83754440	2
9	83754441	83807196	0
9	83807197	84006291	2
9	84006292	85194824	0
9	85194825	85194911	2
9	85194912	85202490	0
9	85202491	85209399	1
9	85209400	85569411	0
9	85569412	85631385	1
9	85631386	85724431	0
9	85724432	85729091	2
9	85729092	86189357	0
9	86189358	86347001	1
9	86347002	86349205	0
9	86349206	86436428	2
9	86436429	86437974	3
9	86437975	86453879	1
9	86453880	86454042	0
9	86454043	86456950	2
9	86456951	86463422	0
9	86463423	86578004	1
9	86578005	86625700	0
9	86625701	86640494	2
9	86640495	86647974	0
9	86647975	86762500	1
9	86762501	86897588	0
9	86897589	86901968	2
9	86901969	86904065	0
9	86904066	86959825	2
9	86959826	87026357	0
9	87026358	87066096	2
9	87066097	87071628	0
9	87071629	87137587	1
9	87137588	87584851	0
9	87584852	87613311	1
9	87613312	88209248	0
9	88209249	88254143	2
9	88254144	88258798	0
9	88258799	88321009	1
9	88321010	88329060	0
9	88329061	88364625	1
9	88364626	88430071	0
9	88430072	88453112	2
9	88453113	88462942	0
9	88462943	88470870	2
9	88470871	88570653	0
9	88570654	88601864	1
9	88601865	88605336	0
9	88605337	88613965	1
9	88613966	88721215	0
9	88721216	88730241	2
9	88730242	88838951	0
9	88838952	88844470	2
9	88844471	88966675	0
9	88966676	88974886	1
9	88974887	89081260	0
9	89081261	89122291	2
9	89122292	89469267	0
9	89469268	89505176	1
9	89505177	89581257	0
9	89581258	89587119	1
9	89587120	89607296	0
9	89607297	89620526	1
9	89620527	89791959	0
9	89791960	89909028	2
9	89909029	89936203	0
9	89936204	89958140	2
9	89958141	89973716	0
9	89973717	89996825	1
9	89996826	90045120	0
9	90045121	90084078	2
9	90084079	90090122	3
9	90090123	90152822	1
9	90152823	91240109	0
9	91240110	91244464	1
9	91244465	91247819	3
9	91247820	91247861	1
9	91247862	91271399	2
9	91271400	92074987	0
9	92074988	92091823	2
9	92091824	92131801	0
9	92131802	92154329	2
9	92154330	92157653	0
9	92157654	92179803	2
9	92179804	92191428	0
9	92191429	92239927	2
9	92239928	92339424	0
9	92339425	92374507	2
9	92374508	92424274	0
9	92424275	92490479	2
9	92490480	94399915	0
9	94399916	94420132	1
9	94420133	94551960	0
9	94551961	95112496	2
9	95112497	95281343	0
9	95281344	95288773	1
9	95288774	95338949	0
9	95338950	95394047	1
9	95394048	95441708	0
9	95441709	95450074	2
9	95450075	95519652	0
9	95519653	95580147	2
9	95580148	95587133	0
9	95587134	95632409	1
9	95632410	95634693	0
9	95634694	95727337	1
9	95727338	95739648	0
9	95739649	95833832	2
9	95833833	95836811	0
9	95836812	95939854	2
9	95939855	96001413	0
9	96001414	96066659	2
9	96066660	96078326	0
9	96078327	96205697	2
9	96205698	96214706	0
9	96214707	96246493	1
9	96246494	96352988	0
9	96352989	96360726	1
9	96360727	96368052	0
9	96368053	96407315	1
9	96407316	96421351	0
9	96421352	96513668	1
9	96513669	96564821	0
9	96564822	96634882	1
9	96634883	96705387	0
9	96705388	96774720	1
9	96774721	96825533	0
9	96825534	96900894	1
9	96900895	96957012	0
9	96957013	96993208	1
9	96993209	97231613	0
9	97231614	97252009	1
9	97252010	97326446	0
9	97326447	97915232	1
9	97915233	98169486	0
9	98169487	98302489	2
9	98302490	98305012	0
9	98305013	98328626	2
9	98328627	98368166	0
9	98368167	98391832	2
9	98391833	98445782	0
9	98445783	98470433	2
9	98470434	98470781	0
9	98470782	98483711	1
9	98483712	98724554	0
9	98724555	98725436	2
9	98725437	98738545	0
9	98738546	98739425	2
9	98739426	98746818	0
9	98746819	98748634	2
9	98748635	98785170	0
9	98785171	98786673	2
9	98786674	98837339	0
9	98837340	98840594	2
9	98840595	98868424	0
9	98868425	98884072	2
9	98884073	98888841	0
9	98888842	98917766	1
9	98917767	98918705	0
9	98918706	99022672	1
9	99022673	99111427	0
9	99111428	99119290	1
9	99119291	99125418	0
9	99125419	99182455	2
9	99182456	99192014	0
9	99192015	99240569	1
9	99240570	99267471	0
9	99267472	99319432	1
9	99319433	99333526	0
9	99333527	99356705	2
9	99356706	99360423	0
9	99360424	99450950	1
9	99450951	99457850	0
9	99457851	99466552	2
9	99466553	99494553	0
9	99494554	99504418	2
9	99504419	99511547	0
9	99511548	99551307	2
9	99551308	99571512	0
9	99571513	99599318	1
9	99599319	99756157	0
9	99756158	99758221	1
9	99758222	100339770	0
9	100339771	100368839	1
9	100368840	100374344	0
9	100374345	100428185	1
9	100428186	100434239	0
9	100434240	100453141	1
9	100453142	100479849	0
9	100479850	100840596	2
9	100840597	100864083	0
9	100864084	100916949	1
9	100916950	100956152	0
9	100956153	100981997	2
9	100981998	100982281	0
9	100982282	101128992	1
9	101128993	101799325	0
9	101799326	101815678	1
9	101815679	101820416	3
9	101820417	102231890	1
9	102231891	102382947	0
9	102382948	102423436	2
9	102423437	102461785	0
9	102461786	102503493	1
9	102503494	102503731	3
9	102503732	102511622	2
9	102511623	102593869	0
9	102593870	102610615	2
9	102610616	102712114	0
9	102712115	102785150	2
9	102785151	102885199	0
9	102885200	102967648	2
9	102967649	102988984	0
9	102988985	103062473	2
9	103062474	103065229	0
9	103065230	103079334	1
9	103079335	103081198	0
9	103081199	103107641	1
9	103107642	103127718	0
9	103127719	103182279	1
9	103182280	103182412	0
9	103182413	103227625	2
9	103227626	103230291	0
9	103230292	103243037	1
9	103243038	103302121	0
9	103302122	103357617	1
9	103357618	103360144	0
9	103360145	103639034	1
9	103639035	103879743	0
9	103879744	103923796	2
9	103923797	103940331	3
9	103940332	103975345	2
9	103975346	104004130	3
9	104004131	104004922	2
9	104004923	104028479	0
9	104028480	104140127	1
9	104140128	104165448	0
9	104165449	104214945	1
9	104214946	104424483	0
9	104424484	104911741	2
9	104911742	104930436	0
9	104930437	104957085	2
9	104957086	105006100	0
9	105006101	105009021	1
9	105009022	105020539	0
9	105020540	105022289	1
9	105022290	105039353	0
9	105039354	105272589	1
9	105272590	105272721	3
9	105272722	105280736	2
9	105280737	105282955	3
9	105282956	105398454	1
9	105398455	105520178	0
9	105520179	105564854	2
9	105564855	105565006	0
9	105565007	105705357	1
9	105705358	105733275	0
9	105733276	105837840	1
9	105837841	105867675	0
9	105867676	105973980	1
9	105973981	106030054	0
9	106030055	106035335	1
9	106035336	106048125	0
9	106048126	106068336	2
9	106068337	106072144	0
9	106072145	106076472	1
9	106076473	106080305	0
9	106080306	106092586	2
9	106092587	106099795	0
9	106099796	106104080	2
9	106104081	106110652	0
9	106110653	106125851	1
9	106125852	106158258	0
9	106158259	106227718	2
9	106227719	106245829	0
9	106245830	106252921	2
9	106252922	106306651	0
9	106306652	106308765	2
9	106308766	106310178	0
9	106310179	106315516	1
9	106315517	106317248	0
9	106317249	106324656	1
9	106324657	106324875	3
9	106324876	106330120	2
9	106330121	106330488	0
9	106330489	106341159	2
9	106341160	106341209	3
9	106341210	106343135	1
9	106343136	106347519	0
9	106347520	106354146	1
9	106354147	106354466	0
9	106354467	106362621	2
9	106362622	106377164	0
9	106377165	106379451	2
9	106379452	106391770	0
9	106391771	106393207	2
9	106393208	106402289	0
9	106402290	106438828	1
9	106438829	106445516	0
9	106445517	106448193	1
9	106448194	106503178	0
9	106503179	106504872	2
9	106504873	106520292	0
9	106520293	106533279	1
9	106533280	106535943	0
9	106535944	106563112	1
9	106563113	106565279	0
9	106565280	106666391	1
9	106666392	106699071	0
9	106699072	106715509	2
9	106715510	106757640	3
9	106757641	106758115	2
9	106758116	106758189	3
9	106758190	106769176	1
9	106769177	106770022	0
9	106770023	107109106	1
9	107109107	107132124	0
9	107132125	107167074	1
9	107167075	107173223	0
9	107173224	107179981	2
9	107179982	107204281	0
9	107204282	107215547	1
9	107215548	107217799	0
9	107217800	107226889	2
9	107226890	107276809	0
9	107276810	107406540	2
9	107406541	107411142	0
9	107411143	107415870	2
9	107415871	107416204	0
9	107416205	107419390	1
9	107419391	107419423	0
9	107419424	107422903	2
9	107422904	107424495	0
9	107424496	107428516	2
9	107428517	107428752	0
9	107428753	107439464	2
9	107439465	107440452	0
9	107440453	107443309	2
9	107443310	107445142	0
9	107445143	107449976	2
9	107449977	107454124	0
9	107454125	107464556	2
9	107464557	107464839	0
9	107464840	107469827	2
9	107469828	107470235	3
9	107470236	107474272	1
9	107474273	107475414	0
9	107475415	107486426	1
9	107486427	107491322	0
9	107491323	107512564	1
9	107512565	107527831	0
9	107527832	107546727	1
9	107546728	107551671	0
9	107551672	107556909	1
9	107556910	107558697	0
9	107558698	107587672	1
9	107587673	107617568	0
9	107617569	107648193	1
9	107648194	107650756	0
9	107650757	107750026	1
9	107750027	107765348	0
9	107765349	107780336	2
9	107780337	107784070	0
9	107784071	107797580	2
9	107797581	107805666	0
9	107805667	107809658	2
9	107809659	107812871	0
9	107812872	107826888	2
9	107826889	107828153	0
9	107828154	107849467	2
9	107849468	107852731	0
9	107852732	107861253	2
9	107861254	107861420	0
9	107861421	107863076	1
9	107863077	107869694	0
9	107869695	107876881	2
9	107876882	107879698	0
9	107879699	107925979	2
9	107925980	107926439	0
9	107926440	107928731	2
9	107928732	107929998	3
9	107929999	107930356	1
9	107930357	107932898	3
9	107932899	107957633	1
9	107957634	107960543	3
9	107960544	107962200	2
9	107962201	107962610	0
9	107962611	107971803	1
9	107971804	107973219	0
9	107973220	108067581	1
9	108067582	108081831	0
9	108081832	108141155	1
9	108141156	108167626	0
9	108167627	108173695	2
9	108173696	108174067	0
9	108174068	108179499	2
9	108179500	108180155	0
9	108180156	108183326	1
9	108183327	108183357	3
9	108183358	108215131	2
9	108215132	108216251	0
9	108216252	108217540	2
9	108217541	108225050	0
9	108225051	108269742	2
9	108269743	108270002	0
9	108270003	108280808	2
9	108280809	108288131	3
9	108288132	108305681	1
9	108305682	108313679	0
9	108313680	108323283	2
9	108323284	108324833	0
9	108324834	108337724	1
9	108337725	108338778	3
9	108338779	108343135	2
9	108343136	108356933	0
9	108356934	108367727	2
9	108367728	108367799	0
9	108367800	108379534	2
9	108379535	108384903	0
9	108384904	108393138	2
9	108393139	108394003	0
9	108394004	108437360	2
9	108437361	108437483	0
9	108437484	108442734	2
9	108442735	108442781	3
9	108442782	108444631	1
9	108444632	108447083	0
9	108447084	108449508	2
9	108449509	108449971	3
9	108449972	108455936	1
9	108455937	108456059	0
9	108456060	108474864	1
9	108474865	108480139	0
9	108480140	108526583	1
9	108526584	108539295	0
9	108539296	108561838	2
9	108561839	108566511	0
9	108566512	108627633	2
9	108627634	108660993	0
9	108660994	108683534	2
9	108683535	108685565	0
9	108685566	108696041	2
9	108696042	108703517	0
9	108703518	108730166	2
9	108730167	108731332	0
9	108731333	108742115	2
9	108742116	108743685	0
9	108743686	108744629	2
9	108744630	108765699	0
9	108765700	108778689	2
9	108778690	108782652	0
9	108782653	108813941	2
9	108813942	108815076	0
9	108815077	108816230	2
9	108816231	108820844	0
9	108820845	108861294	2
9	108861295	108867631	0
9	108867632	108886843	2
9	108886844	108886999	0
9	108887000	108903190	1
9	108903191	108903634	0
9	108903635	108911559	1
9	108911560	108911653	3
9	108911654	108921555	2
9	108921556	108924455	0
9	108924456	108948983	2
9	108948984	108968513	0
9	108968514	108991107	1
9	108991108	109008293	0
9	109008294	109025041	1
9	109025042	109046498	0
9	109046499	109063820	1
9	109063821	109099856	0
9	109099857	109116742	1
9	109116743	109151952	0
9	109151953	109168725	1
9	109168726	109207466	0
9	109207467	109233362	1
9	109233363	109261382	0
9	109261383	109278190	1
9	109278191	109307641	0
9	109307642	109324941	1
9	109324942	109381668	0
9	109381669	109397328	1
9	109397329	109430182	0
9	109430183	109455123	1
9	109455124	109474188	0
9	109474189	109493718	1
9	109493719	109505800	0
9	109505801	109531766	1
9	109531767	109546632	0
9	109546633	109575155	1
9	109575156	109595111	0
9	109595112	109619736	1
9	109619737	109641346	0
9	109641347	109655699	2
9	109655700	109661815	0
9	109661816	109672040	2
9	109672041	109676445	0
9	109676446	109678683	1
9	109678684	109704645	0
9	109704646	109722961	2
9	109722962	109760526	0
9	109760527	109913021	2
9	109913022	109913386	0
9	109913387	109946774	1
9	109946775	109946896	3
9	109946897	110069244	2
9	110069245	110072849	0
9	110072850	110091642	2
9	110091643	110134239	0
9	110134240	110151168	2
9	110151169	110162354	0
9	110162355	110214016	2
9	110214017	110214148	0
9	110214149	110237279	1
9	110237280	110248813	0
9	110248814	110252078	2
9	110252079	110254992	0
9	110254993	110305760	1
9	110305761	110306024	0
9	110306025	110354245	2
9	110354246	110361663	0
9	110361664	110447699	2
9	110447700	110450201	0
9	110450202	110453518	1
9	110453519	110453855	0
9	110453856	110483227	1
9	110483228	110485569	0
9	110485570	110540672	2
9	110540673	110551151	0
9	110551152	110570927	1
9	110570928	110576188	3
9	110576189	110576211	1
9	110576212	110598864	2
9	110598865	110627232	0
9	110627233	110632820	2
9	110632821	110643060	0
9	110643061	110647065	2
9	110647066	110655756	0
9	110655757	110660905	2
9	110660906	110663654	0
9	110663655	110670379	2
9	110670380	110673572	0
9	110673573	110685588	2
9	110685589	110687033	0
9	110687034	110693695	2
9	110693696	110694777	0
9	110694778	110709179	1
9	110709180	110709240	0
9	110709241	110729596	2
9	110729597	110743805	0
9	110743806	110745927	1
9	110745928	110768669	0
9	110768670	110775224	1
9	110775225	110780611	0
9	110780612	110813132	2
9	110813133	110814001	0
9	110814002	110819649	1
9	110819650	110848337	0
9	110848338	110871833	2
9	110871834	110883552	0
9	110883553	110886585	1
9	110886586	110946658	0
9	110946659	111054734	2
9	111054735	111057321	0
9	111057322	111100857	1
9	111100858	111100995	0
9	111100996	111108159	2
9	111108160	111140805	0
9	111140806	111224841	2
9	111224842	111268147	0
9	111268148	111318184	2
9	111318185	111390503	0
9	111390504	111519414	1
9	111519415	111894157	0
9	111894158	112064084	1
9	112064085	113480810	0
9	113480811	113537325	1
9	113537326	113570539	0
9	113570540	113748748	2
9	113748749	113760000	0
9	113760001	113805773	2
9	113805774	113806265	3
9	113806266	113855827	1
9	113855828	113886206	0
9	113886207	113927794	2
9	113927795	114159201	0
9	114159202	114159644	2
9	114159645	114204200	0
9	114204201	114219741	1
9	114219742	114230142	0
9	114230143	114303443	2
9	114303444	114319382	0
9	114319383	114333982	1
9	114333983	114336199	0
9	114336200	114393435	1
9	114393436	114414944	0
9	114414945	114469250	1
9	114469251	114517856	0
9	114517857	114553368	2
9	114553369	114560239	0
9	114560240	114578410	2
9	114578411	114585902	0
9	114585903	114610915	1
9	114610916	114618411	0
9	114618412	114673218	1
9	114673219	114728407	0
9	114728408	114763053	1
9	114763054	114807635	0
9	114807636	114811432	2
9	114811433	114811805	3
9	114811806	115061291	2
9	115061292	115071647	0
9	115071648	115139487	1
9	115139488	115738521	0
9	115738522	115905242	2
9	115905243	115913359	0
9	115913360	116004426	1
9	116004427	116401812	0
9	116401813	117701747	1
9	117701748	117705066	0
9	117705067	117843415	1
9	117843416	117869565	0
9	117869566	117892905	2
9	117892906	117893588	0
9	117893589	117979243	1
9	117979244	118307278	0
9	118307279	118315198	2
9	118315199	118335333	0
9	118335334	118411585	2
9	118411586	118435756	0
9	118435757	118730069	2
9	118730070	118755519	0
9	118755520	118873064	2
9	118873065	118881844	0
9	118881845	118900585	2
9	118900586	118900593	0
9	118900594	118922568	1
9	118922569	118931544	0
9	118931545	118977089	2
9	118977090	118977312	3
9	118977313	118986159	1
9	118986160	118998521	0
9	118998522	119168740	1
9	119168741	119171816	3
9	119171817	119186445	1
9	119186446	119194617	3
9	119194618	119222384	2
9	119222385	119231182	0
9	119231183	119264059	2
9	119264060	119274007	0
9	119274008	119294581	2
9	119294582	119312472	0
9	119312473	119408080	1
9	119408081	119437520	0
9	119437521	119548386	1
9	119548387	119582823	0
9	119582824	119654520	1
9	119654521	119723942	0
9	119723943	119730680	2
9	119730681	119755650	3
9	119755651	119755651	2
9	119755652	119766670	1
9	119766671	119796857	3
9	119796858	119898943	1
9	119898944	119921178	0
9	119921179	119923970	2
9	119923971	119939438	0
9	119939439	119953568	2
9	119953569	119956753	0
9	119956754	119961433	2
9	119961434	119978771	0
9	119978772	120005155	2
9	120005156	120130577	0
9	120130578	120303905	2
9	120303906	120321296	0
9	120321297	120324394	2
9	120324395	120368882	0
9	120368883	120397391	2
9	120397392	120400508	0
9	120400509	120403718	2
9	120403719	120758280	0
9	120758281	120789571	2
9	120789572	120793518	0
9	120793519	121106261	1
9	121106262	121126576	0
9	121126577	121303982	2
9	121303983	121318888	0
9	121318889	121324758	1
9	121324759	121406907	0
9	121406908	121471160	1
9	121471161	121471780	0
9	121471781	121502018	2
9	121502019	121509109	0
9	121509110	121534554	1
9	121534555	121539393	0
9	121539394	121541985	2
9	121541986	121548240	0
9	121548241	121585907	2
9	121585908	121589097	0
9	121589098	121600806	2
9	121600807	121606755	0
9	121606756	121612882	2
9	121612883	121613080	0
9	121613081	121621571	1
9	121621572	121626691	0
9	121626692	121668525	1
9	121668526	121677627	0
9	121677628	121687426	1
9	121687427	121727419	0
9	121727420	121740138	2
9	121740139	121743420	0
9	121743421	121745369	1
9	121745370	121780052	0
9	121780053	121809273	2
9	121809274	121810670	0
9	121810671	121826174	1
9	121826175	121946330	0
9	121946331	121998766	2
9	121998767	122004938	0
9	122004939	122123487	1
9	122123488	122180671	0
9	122180672	122210587	2
9	122210588	122576409	0
9	122576410	122631198	2
9	122631199	122634602	0
9	122634603	122665397	2
9	122665398	122666716	0
9	122666717	122673098	1
9	122673099	122673592	0
9	122673593	122695069	1
9	122695070	122714748	0
9	122714749	122727681	2
9	122727682	122752135	0
9	122752136	122760091	2
9	122760092	122774152	0
9	122774153	122780063	1
9	122780064	122780109	0
9	122780110	122847796	2
9	122847797	122850389	0
9	122850390	122852768	2
9	122852769	122863789	0
9	122863790	122895223	2
9	122895224	122896624	3
9	122896625	122942268	1
9	122942269	122942278	0
9	122942279	122965192	2
9	122965193	122980009	0
9	122980010	122986495	2
9	122986496	122999887	0
9	122999888	123045101	1
9	123045102	123088116	0
9	123088117	123089827	1
9	123089828	123195990	0
9	123195991	123291727	2
9	123291728	123307769	0
9	123307770	123350615	2
9	123350616	123358822	0
9	123358823	123419863	2
9	123419864	123421663	3
9	123421664	123461628	1
9	123461629	123463833	0
9	123463834	123507502	1
9	123507503	123507869	3
9	123507870	123507948	1
9	123507949	123523479	2
9	123523480	123546688	3
9	123546689	123613393	2
9	123613394	123618563	0
9	123618564	123635538	1
9	123635539	123640819	3
9	123640820	123680962	1
9	123680963	123681378	0
9	123681379	123691092	1
9	123691093	123762159	0
9	123762160	123768727	1
9	123768728	123777278	0
9	123777279	123778443	1
9	123778444	123822007	0
9	123822008	123831724	2
9	123831725	123901985	0
9	123901986	123913592	2
9	123913593	123921578	0
9	123921579	123932519	2
9	123932520	124054432	0
9	124054433	124075324	1
9	124075325	124195825	0
9	124195826	124204757	2
9	124204758	124252712	0
9	124252713	124252774	1
