<CHROM>	<START>	<END>	<TSB>
15	0	75784	0
15	75785	187835	2
15	187836	190628	0
15	190629	222151	2
15	222152	227892	3
15	227893	236869	1
15	236870	237054	3
15	237055	273257	2
15	273258	282706	3
15	282707	301491	1
15	301492	302212	0
15	302213	434954	2
15	434955	435060	3
15	435061	1007925	2
15	1007926	1225708	0
15	1225709	1665636	1
15	1665637	1665742	3
15	1665743	2284747	1
15	2284748	2313058	0
15	2313059	2316846	2
15	2316847	2459781	0
15	2459782	2462893	2
15	2462894	2463054	0
15	2463055	2476551	1
15	2476552	2512103	0
15	2512104	2515377	2
15	2515378	2515383	0
15	2515384	2533545	1
15	2533546	2557691	3
15	2557692	2575537	2
15	2575538	2593576	0
15	2593577	2633501	2
15	2633502	2639198	0
15	2639199	2812314	1
15	2812315	2860064	0
15	2860065	2860168	1
15	2860169	2863242	0
15	2863243	3246508	1
15	3246509	3246924	0
15	3246925	3264842	2
15	3264843	3265813	0
15	3265814	3355604	1
15	3355605	3355875	0
15	3355876	3366430	2
15	3366431	3376214	3
15	3376215	3377887	2
15	3377888	3378791	1
15	3378792	3456230	0
15	3456231	3462773	1
15	3462774	3501468	0
15	3501469	3503854	2
15	3503855	3504083	0
15	3504084	3563048	2
15	3563049	3563356	0
15	3563357	3573778	2
15	3573779	3573799	3
15	3573800	3589485	1
15	3589486	3592725	0
15	3592726	3593899	1
15	3593900	3595198	0
15	3595199	3595302	1
15	3595303	3598756	0
15	3598757	3602354	1
15	3602355	3602458	0
15	3602459	3624420	1
15	3624421	3630830	0
15	3630831	3630942	1
15	3630943	3631053	0
15	3631054	3631180	1
15	3631181	3631832	0
15	3631833	3641427	2
15	3641428	3644366	0
15	3644367	3652882	2
15	3652883	3659238	0
15	3659239	3726179	2
15	3726180	3726306	3
15	3726307	3757709	2
15	3757710	3760028	0
15	3760029	3804979	2
15	3804980	3807514	0
15	3807515	3819383	2
15	3819384	3821843	0
15	3821844	3849383	2
15	3849384	3852507	0
15	3852508	3918012	2
15	3918013	3918613	0
15	3918614	3921654	2
15	3921655	3923266	0
15	3923267	3928116	2
15	3928117	3929188	0
15	3929189	3966995	1
15	3966996	3967380	0
15	3967381	3998704	2
15	3998705	4001792	0
15	4001793	4022291	1
15	4022292	4042504	0
15	4042505	4049650	2
15	4049651	4106928	0
15	4106929	4107056	2
15	4107057	4122440	0
15	4122441	4164716	2
15	4164717	4222283	0
15	4222284	4229698	2
15	4229699	4316057	0
15	4316058	4320037	2
15	4320038	4325632	3
15	4325633	4376291	2
15	4376292	4390679	3
15	4390680	4404899	2
15	4404900	4407583	3
15	4407584	4409323	2
15	4409324	4416916	3
15	4416917	4417181	2
15	4417182	4433443	1
15	4433444	4442571	0
15	4442572	4457970	2
15	4457971	4458082	0
15	4458083	4513841	1
15	4513842	4589985	0
15	4589986	4599797	1
15	4599798	4615464	0
15	4615465	4718248	1
15	4718249	4739329	0
15	4739330	4754910	2
15	4754911	4760241	3
15	4760242	4779227	2
15	4779228	4781729	3
15	4781730	4816813	2
15	4816814	4841913	0
15	4841914	4842573	2
15	4842574	4860143	0
15	4860144	4860241	2
15	4860242	5042570	0
15	5042571	5423365	1
15	5423366	5822109	0
15	5822110	5822210	1
15	5822211	6980472	0
15	6980473	7044181	2
15	7044182	7044302	3
15	7044303	7257530	2
15	7257531	7283582	0
15	7283583	7283854	2
15	7283855	7350410	0
15	7350411	7350565	1
15	7350566	7439757	0
15	7439758	7467150	2
15	7467151	7470301	3
15	7470302	7493398	2
15	7493399	7493529	0
15	7493530	7503852	1
15	7503853	7503881	0
15	7503882	7507163	2
15	7507164	7524255	0
15	7524256	7550551	2
15	7550552	7685178	0
15	7685179	7836433	1
15	7836434	7836793	3
15	7836794	7882914	1
15	7882915	7963140	0
15	7963141	7967229	1
15	7967230	8017309	0
15	8017310	8028459	1
15	8028460	8028586	3
15	8028587	8034461	2
15	8034462	8406490	0
15	8406491	9051286	2
15	9051287	9051339	0
15	9051340	9112083	1
15	9112084	9153736	0
15	9153737	9204628	1
15	9204629	9208705	0
15	9208706	9210540	1
15	9210541	9210545	0
15	9210546	9214556	2
15	9214557	9490163	0
15	9490164	9490288	2
15	9490289	9795437	0
15	9795438	9795568	2
15	9795569	9909329	0
15	9909330	9940189	1
15	9940190	9969981	0
15	9969982	9973241	2
15	9973242	9974031	3
15	9974032	10051064	2
15	10051065	10381138	0
15	10381139	10400827	1
15	10400828	10402940	3
15	10402941	10559720	1
15	10559721	10563418	0
15	10563419	10584846	1
15	10584847	10588977	0
15	10588978	10664779	1
15	10664780	10698023	0
15	10698024	10698153	1
15	10698154	10859206	0
15	10859207	10870159	1
15	10870160	10871526	0
15	10871527	10871586	2
15	10871587	10954683	0
15	10954684	10966741	1
15	10966742	11052914	0
15	11052915	11068693	2
15	11068694	11102178	0
15	11102179	11118884	2
15	11118885	11205618	3
15	11205619	11243440	1
15	11243441	11243545	3
15	11243546	11262611	1
15	11262612	11263104	3
15	11263105	11276943	2
15	11276944	11277191	3
15	11277192	11295797	1
15	11295798	11300003	0
15	11300004	11354204	2
15	11354205	11354304	3
15	11354305	11390118	2
15	11390119	11405520	0
15	11405521	11405954	1
15	11405955	11512561	0
15	11512562	11525601	1
15	11525602	11542200	0
15	11542201	11542336	1
15	11542337	11574229	0
15	11574230	11840347	1
15	11840348	11841329	3
15	11841330	11900241	1
15	11900242	11931365	0
15	11931366	11931491	2
15	11931492	12290260	0
15	12290261	12742777	2
15	12742778	12773760	0
15	12773761	12777552	2
15	12777553	12785918	0
15	12785919	12786046	2
15	12786047	12818383	0
15	12818384	12833836	1
15	12833837	12858463	0
15	12858464	12858843	1
15	12858844	12871719	0
15	12871720	13554092	1
15	13554093	13774317	0
15	13774318	13774448	1
15	13774449	13800639	0
15	13800640	13801091	1
15	13801092	13934993	0
15	13934994	15442338	2
15	15442339	15618316	0
15	15618317	15618419	1
15	15618420	16231297	0
15	16231298	16476975	2
15	16476976	16513380	0
15	16513381	16539487	1
15	16539488	16573032	3
15	16573033	16607203	1
15	16607204	16608638	3
15	16608639	16609777	1
15	16609778	16630394	2
15	16630395	16656500	0
15	16656501	16659170	2
15	16659171	16660270	0
15	16660271	16692158	2
15	16692159	16695295	0
15	16695296	16698697	1
15	16698698	16727671	0
15	16727672	16732649	1
15	16732650	16743950	0
15	16743951	16744745	1
15	16744746	16750978	0
15	16750979	16758498	2
15	16758499	16759860	0
15	16759861	16828442	1
15	16828443	16836857	0
15	16836858	16852099	1
15	16852100	16859736	0
15	16859737	16906983	1
15	16906984	16922333	0
15	16922334	16948315	2
15	16948316	16954708	0
15	16954709	16958114	1
15	16958115	16962001	0
15	16962002	17095004	1
15	17095005	17131905	0
15	17131906	17174539	2
15	17174540	17205051	0
15	17205052	17206174	1
15	17206175	17225119	0
15	17225120	17225870	1
15	17225871	17244615	0
15	17244616	17248356	1
15	17248357	17263836	0
15	17263837	17264622	1
15	17264623	17360302	0
15	17360303	17367677	2
15	17367678	17487516	0
15	17487517	17491130	2
15	17491131	17507657	0
15	17507658	17510629	2
15	17510630	17532200	0
15	17532201	17535443	2
15	17535444	17551754	0
15	17551755	17554927	2
15	17554928	17574862	0
15	17574863	17577837	2
15	17577838	17594154	0
15	17594155	17597318	2
15	17597319	17613547	0
15	17613548	17616715	2
15	17616716	17635858	0
15	17635859	17643248	2
15	17643249	17662589	0
15	17662590	17691438	2
15	17691439	17694936	0
15	17694937	17699052	2
15	17699053	17716356	0
15	17716357	17733742	1
15	17733743	17737311	0
15	17737312	17895339	1
15	17895340	17911671	0
15	17911672	17914639	1
15	17914640	17933972	0
15	17933973	17948505	1
15	17948506	17958267	0
15	17958268	17961443	1
15	17961444	17980654	0
15	17980655	17983679	1
15	17983680	18029535	0
15	18029536	18039610	1
15	18039611	18052148	0
15	18052149	18059579	1
15	18059580	18072359	0
15	18072360	18081435	1
15	18081436	18147598	0
15	18147599	18177884	1
15	18177885	18186036	0
15	18186037	18192491	1
15	18192492	18196236	3
15	18196237	18202348	1
15	18202349	18211262	0
15	18211263	18216894	2
15	18216895	18217283	0
15	18217284	18228712	2
15	18228713	18308613	0
15	18308614	18309380	2
15	18309381	18351692	0
15	18351693	18425720	1
15	18425721	18426221	0
15	18426222	18453944	2
15	18453945	18454345	3
15	18454346	18490805	2
15	18490806	18492943	0
15	18492944	18530476	1
15	18530477	18542561	0
15	18542562	18564053	2
15	18564054	18564631	0
15	18564632	18593522	2
15	18593523	18593716	0
15	18593717	18595773	2
15	18595774	18596440	0
15	18596441	18608737	1
15	18608738	18682925	0
15	18682926	18709100	1
15	18709101	18709206	3
15	18709207	18751809	1
15	18751810	18797221	0
15	18797222	18797391	1
15	18797392	18824392	0
15	18824393	18890950	1
15	18890951	19038611	0
15	19038612	19038746	1
15	19038747	19427107	0
15	19427108	19427293	1
15	19427294	19614404	0
15	19614405	19618363	2
15	19618364	19618540	0
15	19618541	19623304	1
15	19623305	19632990	0
15	19632991	19644721	2
15	19644722	20022662	0
15	20022663	20033943	2
15	20033944	20037883	0
15	20037884	20049759	1
15	20049760	20067261	0
15	20067262	20080329	1
15	20080330	20088569	0
15	20088570	20109035	2
15	20109036	20118921	0
15	20118922	20119076	1
15	20119077	20134375	0
15	20134376	20182459	2
15	20182460	20183866	3
15	20183867	20348378	2
15	20348379	20402525	0
15	20402526	20437696	1
15	20437697	20489289	0
15	20489290	20523094	1
15	20523095	20523181	0
15	20523182	20542492	2
15	20542493	20545057	0
15	20545058	20569672	2
15	20569673	20607690	0
15	20607691	20632023	2
15	20632024	20633964	0
15	20633965	20664516	1
15	20664517	20710627	0
15	20710628	20787220	2
15	20787221	20795748	0
15	20795749	20827111	1
15	20827112	20914640	0
15	20914641	21002576	2
15	21002577	21042356	0
15	21042357	21042474	1
15	21042475	21239754	0
15	21239755	21239917	2
15	21239918	21393260	0
15	21393261	21535104	2
15	21535105	21734149	0
15	21734150	21806799	2
15	21806800	21938171	0
15	21938172	21938277	2
15	21938278	21943189	0
15	21943190	21953414	1
15	21953415	21955319	0
15	21955320	22060416	2
15	22060417	22060527	3
15	22060528	22085957	2
15	22085958	22308944	0
15	22308945	22355333	1
15	22355334	22355498	0
15	22355499	22377748	2
15	22377749	22380901	0
15	22380902	22382792	2
15	22382793	22455660	0
15	22455661	22474787	2
15	22474788	22502685	0
15	22502686	22526990	1
15	22526991	22572340	0
15	22572341	22833383	1
15	22833384	22975893	0
15	22975894	23076947	1
15	23076948	23166233	0
15	23166234	23174803	1
15	23174804	23190475	0
15	23190476	23193914	1
15	23193915	23238150	0
15	23238151	23247390	1
15	23247391	23270831	0
15	23270832	23278419	2
15	23278420	23288993	0
15	23288994	23294562	1
15	23294563	23307620	0
15	23307621	23314553	1
15	23314554	23328119	0
15	23328120	23332379	1
15	23332380	23401322	0
15	23401323	23406603	1
15	23406604	23435090	0
15	23435091	23436070	1
15	23436071	23479415	0
15	23479416	23482836	1
15	23482837	23492443	0
15	23492444	23498561	2
15	23498562	23507211	0
15	23507212	23508152	1
15	23508153	23531027	0
15	23531028	23535702	1
15	23535703	23545406	0
15	23545407	23549847	2
15	23549848	23565112	0
15	23565113	23577757	2
15	23577758	23605387	0
15	23605388	23613802	2
15	23613803	23626645	0
15	23626646	23636309	2
15	23636310	23640202	0
15	23640203	23648945	2
15	23648946	23684469	0
15	23684470	23699744	2
15	23699745	23703596	0
15	23703597	23715872	2
15	23715873	23770415	0
15	23770416	23771389	2
15	23771390	23777660	0
15	23777661	23777956	1
15	23777957	23787748	0
15	23787749	23792966	2
15	23792967	23806592	0
15	23806593	23807530	2
15	23807531	23823246	0
15	23823247	23824178	2
15	23824179	23849216	0
15	23849217	23859170	1
15	23859171	23864189	0
15	23864190	23868315	1
15	23868316	23893335	0
15	23893336	23900169	1
15	23900170	23946941	0
15	23946942	23953402	1
15	23953403	23993046	0
15	23993047	24010666	1
15	24010667	24014906	0
15	24014907	24028473	1
15	24028474	24033660	0
15	24033661	24033957	1
15	24033958	24034104	0
15	24034105	24044336	2
15	24044337	24045876	0
15	24045877	24093524	1
15	24093525	24105928	0
15	24105929	24114436	1
15	24114437	24121555	0
15	24121556	24131259	1
15	24131260	24137151	0
15	24137152	24139856	1
15	24139857	24139959	3
15	24139960	24144360	1
15	24144361	24144535	3
15	24144536	24144566	1
15	24144567	24146783	2
15	24146784	24146854	0
15	24146855	24150700	1
15	24150701	24170600	0
15	24170601	24203984	2
15	24203985	24226689	0
15	24226690	24228559	2
15	24228560	24257487	0
15	24257488	24258625	2
15	24258626	24259523	0
15	24259524	24263077	1
15	24263078	24268205	0
15	24268206	24270190	1
15	24270191	24275772	0
15	24275773	24276700	1
15	24276701	24291241	0
15	24291242	24295557	1
15	24295558	24312462	0
15	24312463	24330115	2
15	24330116	24338477	0
15	24338478	24338929	1
15	24338930	24345571	0
15	24345572	24346023	2
15	24346024	24354301	0
15	24354302	24357326	2
15	24357327	24361925	0
15	24361926	24363622	1
15	24363623	24386190	0
15	24386191	24386621	1
15	24386622	24397938	0
15	24397939	24398375	1
15	24398376	24398417	0
15	24398418	24398920	1
15	24398921	24407827	0
15	24407828	24420578	1
15	24420579	24421857	0
15	24421858	24423609	2
15	24423610	24449609	0
15	24449610	24450477	1
15	24450478	24454976	0
15	24454977	24461535	1
15	24461536	24461667	3
15	24461668	24463249	1
15	24463250	24486824	0
15	24486825	24487689	1
15	24487690	24499176	0
15	24499177	24500093	1
15	24500094	24511889	0
15	24511890	24512788	1
15	24512789	24535698	0
15	24535699	24536590	1
15	24536591	24550321	0
15	24550322	24551148	1
15	24551149	24555296	0
15	24555297	24556197	2
15	24556198	24582404	0
15	24582405	24589024	2
15	24589025	24590736	0
15	24590737	24592848	2
15	24592849	24600980	0
15	24600981	24609624	1
15	24609625	24614004	0
15	24614005	24618207	2
15	24618208	24618668	3
15	24618669	24618965	2
15	24618966	24667077	0
15	24667078	24667412	2
15	24667413	24672761	0
15	24672762	24695835	2
15	24695836	24696508	3
15	24696509	24706527	1
15	24706528	24708553	3
15	24708554	24710028	1
15	24710029	24732678	0
15	24732679	24733055	2
15	24733056	24737495	0
15	24737496	24743630	1
15	24743631	24779448	0
15	24779449	24809181	1
15	24809182	24814612	0
15	24814613	24866487	2
15	24866488	24868603	3
15	24868604	24904844	1
15	24904845	24905787	0
15	24905788	24951283	1
15	24951284	24968801	0
15	24968802	24983615	1
15	24983616	24983721	3
15	24983722	24986048	1
15	24986049	24986140	3
15	24986141	24988851	1
15	24988852	24988979	3
15	24988980	24989111	1
15	24989112	25002831	2
15	25002832	25003170	0
15	25003171	25014039	1
15	25014040	25021343	0
15	25021344	25038916	1
15	25038917	25078011	0
15	25078012	25078952	1
15	25078953	25095941	0
15	25095942	25096156	1
15	25096157	25098672	0
15	25098673	25099613	1
15	25099614	25127138	0
15	25127139	25135186	1
15	25135187	25144872	0
15	25144873	25150082	1
15	25150083	25179798	0
15	25179799	25191295	2
15	25191296	25196600	0
15	25196601	25211461	1
15	25211462	25224371	0
15	25224372	25233192	1
15	25233193	25294711	0
15	25294712	25295600	2
15	25295601	25363512	0
15	25363513	25364044	2
15	25364045	25379815	0
15	25379816	25380199	2
15	25380200	25384370	0
15	25384371	25384797	2
15	25384798	25388940	0
15	25388941	25413732	2
15	25413733	25430316	0
15	25430317	25430816	2
15	25430817	25462966	0
15	25462967	25463549	2
15	25463550	25481417	0
15	25481418	25481996	2
15	25481997	25495182	0
15	25495183	25500538	2
15	25500539	25503983	0
15	25503984	25504563	2
15	25504564	25551570	0
15	25551571	25552157	2
15	25552158	25643906	0
15	25643907	25644694	2
15	25644695	25644793	0
15	25644794	25647962	1
15	25647963	25679318	0
15	25679319	25685673	2
15	25685674	25696077	0
15	25696078	25696599	2
15	25696600	25707635	0
15	25707636	25724070	2
15	25724071	25757121	0
15	25757122	25758711	2
15	25758712	25769778	0
15	25769779	25770356	2
15	25770357	25779661	0
15	25779662	25807353	2
15	25807354	25830726	0
15	25830727	25831711	2
15	25831712	25840836	0
15	25840837	25849030	2
15	25849031	25860132	0
15	25860133	25863404	2
15	25863405	25863796	0
15	25863797	25875123	2
15	25875124	25889200	0
15	25889201	25889837	2
15	25889838	26059939	0
15	26059940	26065571	2
15	26065572	26070835	0
15	26070836	26071263	2
15	26071264	26114404	0
15	26114405	26115430	2
15	26115431	26172293	0
15	26172294	26176354	2
15	26176355	26188061	0
15	26188062	26197498	2
15	26197499	26209967	0
15	26209968	26211117	2
15	26211118	26231254	0
15	26231255	26231804	2
15	26231805	26266043	0
15	26266044	26267266	2
15	26267267	26270472	0
15	26270473	26271067	2
15	26271068	26301568	0
15	26301569	26302259	2
15	26302260	26307687	0
15	26307688	26308330	2
15	26308331	26319371	0
15	26319372	26319988	2
15	26319989	26336801	0
15	26336802	26406458	2
15	26406459	26438134	0
15	26438135	26438250	2
15	26438251	26439852	0
15	26439853	26440979	2
15	26440980	26451482	0
15	26451483	26460008	2
15	26460009	26476470	0
15	26476471	26477287	2
15	26477288	26493454	0
15	26493455	26494259	2
15	26494260	26511206	0
15	26511207	26531258	2
15	26531259	26535343	0
15	26535344	26539108	2
15	26539109	26576358	0
15	26576359	26576812	2
15	26576813	26591007	0
15	26591008	26591738	2
15	26591739	26603449	0
15	26603450	26611744	2
15	26611745	26657740	0
15	26657741	26658898	2
15	26658899	26712107	0
15	26712108	26712908	2
15	26712909	26723873	0
15	26723874	26724573	2
15	26724574	26756270	0
15	26756271	26757730	2
15	26757731	26770497	0
15	26770498	26770799	2
15	26770800	26795474	0
15	26795475	26796032	2
15	26796033	26801686	0
15	26801687	26802684	2
15	26802685	26869106	0
15	26869107	26870696	2
15	26870697	26881685	0
15	26881686	26882302	2
15	26882303	26892136	0
15	26892137	26893687	2
15	26893688	26910933	0
15	26910934	26911595	2
15	26911596	26913899	0
15	26913900	26914532	2
15	26914533	26924496	0
15	26924497	26925297	2
15	26925298	26940116	0
15	26940117	26940981	2
15	26940982	26952147	0
15	26952148	26952762	2
15	26952763	26965413	0
15	26965414	26966004	2
15	26966005	26971534	0
15	26971535	26972138	2
15	26972139	26984671	0
15	26984672	26985588	2
15	26985589	27074343	0
15	27074344	27075441	2
15	27075442	27077944	0
15	27077945	27078801	2
15	27078802	27094116	0
15	27094117	27094748	2
15	27094749	27109502	0
15	27109503	27225432	2
15	27225433	27225908	3
15	27225909	27589112	2
15	27589113	27589645	3
15	27589646	27665577	2
15	27665578	27677266	0
15	27677267	27697345	1
15	27697346	27704111	0
15	27704112	27716964	2
15	27716965	27729825	0
15	27729826	27736943	1
15	27736944	27813623	0
15	27813624	27821317	2
15	27821318	27822089	0
15	27822090	27865646	1
15	27865647	27874751	0
15	27874752	27882827	1
15	27882828	27882938	3
15	27882939	27884380	2
15	27884381	27886394	3
15	27886395	27886797	2
15	27886798	27887725	0
15	27887726	27899862	2
15	27899863	27920257	0
15	27920258	27927503	2
15	27927504	27933948	0
15	27933949	27938427	2
15	27938428	27968908	0
15	27968909	27978294	1
15	27978295	27994530	0
15	27994531	28005936	1
15	28005937	28019776	0
15	28019777	28030019	1
15	28030020	28037572	0
15	28037573	28064272	1
15	28064273	28072779	0
15	28072780	28077438	1
15	28077439	28087411	0
15	28087412	28091382	1
15	28091383	28091635	0
15	28091636	28100883	1
15	28100884	28101338	3
15	28101339	28102110	2
15	28102111	28108885	3
15	28108886	28146331	1
15	28146332	28146999	3
15	28147000	28151017	2
15	28151018	28152334	3
15	28152335	28155178	2
15	28155179	28158127	1
15	28158128	28169702	0
15	28169703	28171812	1
15	28171813	28183013	0
15	28183014	28242715	1
15	28242716	28244081	0
15	28244082	28301998	2
15	28301999	28302104	3
15	28302105	28308392	2
15	28308393	28310362	3
15	28310363	28320817	2
15	28320818	28321345	3
15	28321346	28339743	1
15	28339744	28347852	0
15	28347853	28349601	1
15	28349602	28350799	0
15	28350800	28356564	2
15	28356565	28356805	0
15	28356806	28361622	2
15	28361623	28368098	0
15	28368099	28372701	2
15	28372702	28382290	0
15	28382291	28388797	1
15	28388798	28392185	0
15	28392186	28401900	1
15	28401901	28408840	0
15	28408841	28411891	2
15	28411892	28412622	0
15	28412623	28415285	2
15	28415286	28417614	0
15	28417615	28425552	1
15	28425553	28425667	3
15	28425668	28441718	1
15	28441719	28446548	0
15	28446549	28468215	1
15	28468216	28490038	0
15	28490039	28519652	2
15	28519653	28533154	0
15	28533155	28565126	1
15	28565127	28567321	0
15	28567322	28571566	2
15	28571567	28571578	3
15	28571579	28589002	1
15	28589003	28635195	0
15	28635196	28638085	2
15	28638086	28688938	0
15	28688939	28703642	2
15	28703643	28706544	0
15	28706545	28706907	1
15	28706908	28780198	0
15	28780199	28780304	2
15	28780305	28966551	0
15	28966552	28978125	2
15	28978126	28979005	0
15	28979006	28996223	2
15	28996224	28998291	0
15	28998292	29005042	2
15	29005043	29008102	0
15	29008103	29009830	1
15	29009831	29027892	0
15	29027893	29037281	2
15	29037282	29046824	0
15	29046825	29057667	2
15	29057668	29064705	0
15	29064706	29066013	2
15	29066014	29068727	0
15	29068728	29071881	2
15	29071882	29071888	3
15	29071889	29076096	1
15	29076097	29077915	0
15	29077916	29078429	1
15	29078430	29078498	0
15	29078499	29082944	1
15	29082945	29083629	0
15	29083630	29101913	2
15	29101914	29109861	0
15	29109862	29117324	2
15	29117325	29117363	0
15	29117364	29127283	1
15	29127284	29127582	0
15	29127583	29135347	1
15	29135348	29141790	0
15	29141791	29144126	2
15	29144127	29148992	0
15	29148993	29151903	1
15	29151904	29153554	0
15	29153555	29165781	1
15	29165782	29166158	3
15	29166159	29170650	2
15	29170651	29173633	3
15	29173634	29173875	2
15	29173876	29174933	3
15	29174934	29176982	1
15	29176983	29191039	0
15	29191040	29204521	1
15	29204522	29206155	0
15	29206156	29213346	1
15	29213347	29236520	0
15	29236521	29243836	1
15	29243837	29243860	0
15	29243861	29252211	2
15	29252212	29252218	3
15	29252219	29256603	1
15	29256604	29259238	0
15	29259239	29260314	2
15	29260315	29266285	0
15	29266286	29282106	1
15	29282107	29283143	0
15	29283144	29292119	1
15	29292120	29305533	0
15	29305534	29314608	2
15	29314609	29332867	0
15	29332868	29355213	2
15	29355214	29362300	0
15	29362301	29364610	1
15	29364611	29365258	0
15	29365259	29376965	2
15	29376966	29378024	0
15	29378025	29381558	1
15	29381559	29400693	0
15	29400694	29401166	2
15	29401167	29417449	0
15	29417450	29420231	1
15	29420232	29427550	0
15	29427551	29453071	2
15	29453072	29501593	0
15	29501594	29504212	2
15	29504213	29532077	0
15	29532078	29873924	2
15	29873925	29903978	0
15	29903979	29906643	1
15	29906644	29915481	0
15	29915482	29918509	1
15	29918510	29931001	0
15	29931002	29937351	1
15	29937352	29953121	0
15	29953122	29983007	1
15	29983008	29986101	0
15	29986102	29988924	1
15	29988925	30007265	0
15	30007266	30018647	1
15	30018648	30062895	0
15	30062896	30072170	1
15	30072171	30076915	0
15	30076916	30077043	2
15	30077044	30087125	0
15	30087126	30143919	1
15	30143920	30144047	3
15	30144048	30211473	1
15	30211474	30211601	3
15	30211602	30256164	1
15	30256165	30256292	3
15	30256293	30295178	1
15	30295179	30295306	3
15	30295307	30326354	1
15	30326355	30326482	3
15	30326483	30346812	1
15	30346813	30443569	0
15	30443570	30468227	2
15	30468228	30487881	0
15	30487882	30626022	2
15	30626023	30627222	0
15	30627223	30686611	1
15	30686612	30686789	3
15	30686790	30798286	2
15	30798287	30798448	3
15	30798449	30828624	2
15	30828625	30828808	3
15	30828809	30911200	1
15	30911201	30923239	0
15	30923240	30941238	1
15	30941239	30941728	0
15	30941729	30942041	2
15	30942042	30998566	0
15	30998567	30998624	1
15	30998625	30998638	0
15	30998639	30998699	1
15	30998700	31017338	0
15	31017339	31017937	1
15	31017938	31035836	0
15	31035837	31109355	2
15	31109356	31140932	0
15	31140933	31141024	1
15	31141025	31147043	0
15	31147044	31154631	1
15	31154632	31162827	0
15	31162828	31172386	2
15	31172387	31181367	0
15	31181368	31206808	1
15	31206809	31245761	0
15	31245762	31260355	2
15	31260356	31262807	3
15	31262808	31278175	1
15	31278176	31284417	0
15	31284418	31285714	1
15	31285715	31286052	3
15	31286053	31294580	1
15	31294581	31302327	0
15	31302328	31302977	2
15	31302978	31427052	0
15	31427053	31545995	1
15	31545996	31572847	0
15	31572848	31591999	2
15	31592000	31592382	3
15	31592383	31688311	2
15	31688312	31694290	0
15	31694291	31711334	1
15	31711335	31716760	0
15	31716761	31807906	1
15	31807907	31825090	0
15	31825091	31877218	1
15	31877219	31902101	0
15	31902102	31902185	1
15	31902186	31902766	3
15	31902767	31903608	1
15	31903609	31943228	0
15	31943229	31950036	2
15	31950037	31951823	0
15	31951824	31970858	1
15	31970859	31971008	3
15	31971009	31973991	2
15	31973992	31978332	0
15	31978333	31978479	1
15	31978480	31983153	0
15	31983154	32038987	1
15	32038988	32064873	0
15	32064874	32147092	1
15	32147093	32210072	0
15	32210073	32253307	2
15	32253308	32353876	0
15	32353877	32353958	1
15	32353959	32766573	0
15	32766574	32766704	1
15	32766705	33269387	0
15	33269388	33270918	1
15	33270919	33274507	0
15	33274508	33275595	1
15	33275596	33294196	0
15	33294197	33302892	1
15	33302893	33319584	0
15	33319585	33353773	2
15	33353774	33354408	3
15	33354409	33363393	2
15	33363394	33365300	3
15	33365301	33378604	1
15	33378605	33390290	0
15	33390291	33413007	1
15	33413008	33425584	0
15	33425585	33442325	1
15	33442326	33453950	0
15	33453951	33606468	1
15	33606469	33606692	0
15	33606693	33674919	2
15	33674920	33675080	3
15	33675081	33723433	2
15	33723434	33731504	3
15	33731505	33743543	2
15	33743544	33755574	1
15	33755575	33805956	0
15	33805957	33811011	2
15	33811012	33819753	0
15	33819754	34350221	1
15	34350222	34358275	0
15	34358276	34407058	1
15	34407059	34419901	0
15	34419902	34457859	2
15	34457860	34524540	0
15	34524541	34528453	2
15	34528454	34778471	0
15	34778472	34905112	2
15	34905113	34911284	0
15	34911285	34922141	2
15	34922142	34922545	3
15	34922546	34922978	2
15	34922979	34926205	0
15	34926206	35051725	2
15	35051726	35092204	0
15	35092205	35180793	1
15	35180794	35285780	0
15	35285781	35347732	2
15	35347733	35348873	3
15	35348874	35370333	2
15	35370334	35386532	0
15	35386533	35430319	1
15	35430320	35430684	3
15	35430685	35435146	1
15	35435147	35437654	0
15	35437655	35448390	1
15	35448391	35480016	0
15	35480017	35496594	2
15	35496595	35508072	0
15	35508073	35531470	1
15	35531471	35536314	0
15	35536315	35610417	1
15	35610418	35616495	0
15	35616496	35617409	1
15	35617410	35631001	0
15	35631002	35632733	1
15	35632734	35639949	0
15	35639950	35640332	2
15	35640333	35707058	0
15	35707059	35727507	1
15	35727508	35727722	0
15	35727723	35730463	2
15	35730464	35734105	0
15	35734106	35772675	2
15	35772676	35774324	0
15	35774325	35777950	2
15	35777951	35778087	3
15	35778088	35778505	2
15	35778506	35779413	3
15	35779414	35782369	1
15	35782370	35797796	0
15	35797797	35797878	1
15	35797879	36479532	0
15	36479533	36495695	1
15	36495696	36515480	0
15	36515481	36541150	1
15	36541151	36541216	0
15	36541217	36584116	2
15	36584117	36598881	0
15	36598882	36669439	1
15	36669440	36677525	0
15	36677526	36701209	1
15	36701210	36707952	0
15	36707953	36711156	1
15	36711157	36799875	0
15	36799876	36853681	2
15	36853682	36884967	0
15	36884968	36885091	1
15	36885092	36907129	0
15	36907130	36933148	2
15	36933149	36933722	0
15	36933723	37021525	1
15	37021526	37040926	0
15	37040927	37042985	1
15	37042986	37048675	3
15	37048676	37209302	2
15	37209303	37234749	0
15	37234750	37235635	1
15	37235636	37238680	0
15	37238681	37239189	2
15	37239190	37255020	0
15	37255021	37257541	2
15	37257542	37272006	0
15	37272007	37276624	2
15	37276625	37296600	0
15	37296601	37298477	1
15	37298478	37312306	0
15	37312307	37313368	2
15	37313369	37389627	0
15	37389628	37410498	2
15	37410499	37412144	0
15	37412145	37440285	1
15	37440286	37445379	0
15	37445380	37454861	1
15	37454862	37459599	0
15	37459600	37505634	1
15	37505635	37506971	0
15	37506972	37509681	2
15	37509682	37627037	0
15	37627038	37665029	1
15	37665030	37676715	0
15	37676716	37685376	1
15	37685377	37700917	0
15	37700918	37715467	2
15	37715468	37739821	0
15	37739822	37753363	1
15	37753364	37769076	0
15	37769077	37791242	1
15	37791243	37857094	0
15	37857095	38059680	2
15	38059681	38087845	0
15	38087846	38097849	1
15	38097850	38097884	0
15	38097885	38157138	2
15	38157139	38180501	0
15	38180502	38187262	2
15	38187263	38208862	0
15	38208863	38225735	1
15	38225736	38259926	0
15	38259927	38270314	2
15	38270315	38312980	0
15	38312981	38323101	1
15	38323102	38333961	0
15	38333962	38337881	2
15	38337882	38344511	0
15	38344512	38351443	2
15	38351444	38353323	3
15	38353324	38676583	1
15	38676584	38842012	0
15	38842013	38842096	2
15	38842097	38924622	0
15	38924623	39067802	2
15	39067803	39084877	3
15	39084878	39200321	1
15	39200322	39200551	0
15	39200552	39293603	2
15	39293604	39303187	3
15	39303188	39338896	1
15	39338897	39401173	0
15	39401174	39404397	1
15	39404398	39421353	0
15	39421354	39488367	1
15	39488368	39492375	0
15	39492376	39541478	2
15	39541479	39591155	0
15	39591156	39595192	2
15	39595193	39595247	0
15	39595248	39599546	2
15	39599547	39608078	0
15	39608079	39619948	2
15	39619949	39624639	0
15	39624640	39651865	1
15	39651866	39754630	0
15	39754631	39788231	1
15	39788232	39788851	3
15	39788852	39816443	1
15	39816444	39820328	0
15	39820329	39820735	2
15	39820736	39821853	0
15	39821854	39866120	2
15	39866121	39880033	0
15	39880034	39983371	2
15	39983372	40023000	0
15	40023001	40034012	2
15	40034013	40034566	0
15	40034567	40055304	1
15	40055305	40055366	0
15	40055367	40087756	2
15	40087757	40140159	0
15	40140160	40172892	1
15	40172893	40174615	0
15	40174616	40200313	2
15	40200314	40205663	0
15	40205664	40227872	1
15	40227873	40235809	0
15	40235810	40239207	2
15	40239208	40242781	0
15	40242782	40283950	1
15	40283951	40289900	0
15	40289901	40327613	1
15	40327614	40342315	0
15	40342316	40358599	2
15	40358600	40360721	0
15	40360722	40481280	1
15	40481281	40493086	0
15	40493087	40493206	1
15	40493207	40493753	0
15	40493754	40510238	2
15	40510239	40541355	0
15	40541356	40559251	2
15	40559252	40832532	0
15	40832533	40927498	2
15	40927499	41005549	0
15	41005550	41111827	1
15	41111828	41112007	0
15	41112008	41121425	2
15	41121426	41174592	0
15	41174593	41197801	1
15	41197802	41204198	0
15	41204199	41263922	1
15	41263923	41435507	0
15	41435508	41634401	2
15	41634402	41785140	0
15	41785141	41785270	2
15	41785271	41895899	0
15	41895900	41941609	1
15	41941610	41942337	0
15	41942338	41972903	2
15	41972904	41973579	3
15	41973580	41976688	2
15	41976689	41979727	0
15	41979728	42158647	1
15	42158648	42188257	0
15	42188258	42189093	2
15	42189094	42301914	0
15	42301915	42305791	2
15	42305792	42360452	0
15	42360453	42365753	1
15	42365754	42833794	0
15	42833795	42882199	1
15	42882200	42900634	0
15	42900635	42921710	1
15	42921711	42944465	0
15	42944466	43363979	1
15	43363980	43364767	3
15	43364768	43840670	1
15	43840671	43959217	0
15	43959218	43970921	1
15	43970922	43976205	0
15	43976206	43982930	1
15	43982931	44299619	0
15	44299620	44310262	2
15	44310263	44443099	0
15	44443100	44447245	2
15	44447246	44473849	0
15	44473850	44476439	2
15	44476440	44536725	0
15	44536726	44577197	1
15	44577198	44583474	0
15	44583475	44585343	1
15	44585344	44603530	0
15	44603531	44603768	1
15	44603769	44603929	3
15	44603930	44626389	1
15	44626390	44630871	0
15	44630872	44658704	2
15	44658705	44659510	0
15	44659511	44683689	2
15	44683690	44683878	0
15	44683879	44773065	2
15	44773066	44774552	0
15	44774553	44806214	1
15	44806215	44840384	0
15	44840385	44867465	2
15	44867466	44870374	0
15	44870375	44888649	1
15	44888650	44921884	0
15	44921885	45134189	2
15	45134190	45150565	0
15	45150566	45154625	2
15	45154626	45173730	0
15	45173731	45212602	2
15	45212603	45212801	0
15	45212802	45227634	1
15	45227635	45228613	0
15	45228614	45233252	1
15	45233253	45237475	0
15	45237476	45249240	1
15	45249241	45253377	0
15	45253378	45284756	1
15	45284757	45290371	0
15	45290372	45361830	1
15	45361831	45376915	0
15	45376916	45423522	1
15	45423523	45431701	0
15	45431702	45497700	1
15	45497701	45511587	0
15	45511588	45516351	1
15	45516352	45516390	0
15	45516391	45516471	2
15	45516472	45533972	0
15	45533973	45545219	2
15	45545220	45551601	0
15	45551602	45595774	1
15	45595775	45596572	0
15	45596573	45605609	1
15	45605610	45610775	3
15	45610776	45612737	2
15	45612738	45619939	0
15	45619940	45623524	2
15	45623525	45626833	0
15	45626834	45646311	2
15	45646312	45650662	0
15	45650663	45653961	2
15	45653962	45656645	0
15	45656646	45674103	1
15	45674104	45677975	0
15	45677976	45705599	1
15	45705600	45711996	0
15	45711997	45717061	1
15	45717062	45722398	0
15	45722399	45729724	1
15	45729725	45742051	0
15	45742052	45827396	1
15	45827397	45828048	3
15	45828049	45841400	2
15	45841401	45941826	0
15	45941827	46033712	2
15	46033713	46096945	0
15	46096946	46101108	1
15	46101109	46202710	0
15	46202711	46203081	1
15	46203082	46332236	0
15	46332237	46346268	2
15	46346269	46536060	0
15	46536061	46536849	1
15	46536850	47228915	0
15	47228916	47229060	2
15	47229061	47263683	0
15	47263684	47263814	2
15	47263815	47570818	0
15	47570819	47636165	1
15	47636166	47689917	0
15	47689918	47866782	1
15	47866783	48189071	0
15	48189072	48249182	1
15	48249183	48250276	3
15	48250277	48304134	1
15	48304135	48323864	0
15	48323865	48371294	2
15	48371295	48383748	3
15	48383749	48416542	1
15	48416543	48422329	3
15	48422330	48502300	1
15	48502301	48545999	0
15	48546000	48568915	1
15	48568916	48696509	0
15	48696510	48706818	2
15	48706819	48709698	0
15	48709699	48747361	1
15	48747362	48752310	0
15	48752311	48805136	2
15	48805137	48808774	0
15	48808775	48808963	1
15	48808964	49950802	0
15	49950803	50020926	2
15	50020927	50043630	0
15	50043631	50063142	2
15	50063143	50071945	0
15	50071946	50249655	1
15	50249656	50332416	0
15	50332417	50400198	2
15	50400199	50400847	3
15	50400848	50437319	1
15	50437320	50452310	0
15	50452311	50455722	1
15	50455723	50458364	0
15	50458365	50464629	1
15	50464630	50488147	0
15	50488148	50544678	2
15	50544679	50557715	0
15	50557716	50584972	2
15	50584973	50585078	3
15	50585079	50606554	2
15	50606555	50607378	0
15	50607379	50671800	2
15	50671801	50770869	0
15	50770870	50834485	2
15	50834486	50909434	0
15	50909435	50934631	1
15	50934632	50959783	0
15	50959784	50971874	2
15	50971875	50975120	0
15	50975121	51016962	2
15	51016963	51020811	0
15	51020812	51070568	1
15	51070569	51077000	0
15	51077001	51099611	1
15	51099612	51146152	0
15	51146153	51159623	2
15	51159624	51176151	0
15	51176152	51192751	1
15	51192752	51206029	0
15	51206030	51274293	1
15	51274294	51277497	3
15	51277498	51327251	1
15	51327252	51395749	0
15	51395750	51398083	2
15	51398084	51407159	3
15	51407160	51410775	2
15	51410776	51411229	0
15	51411230	51429465	1
15	51429466	51429547	0
15	51429548	51432881	2
15	51432882	51433060	3
15	51433061	51460308	2
15	51460309	51737143	0
15	51737144	51741207	1
15	51741208	51749508	0
15	51749509	51850956	2
15	51850957	51875864	0
15	51875865	51878792	2
15	51878793	51879875	0
15	51879876	51904783	1
15	51904784	52395181	0
15	52395182	52407543	1
15	52407544	52407715	0
15	52407716	52470161	2
15	52470162	52503239	0
15	52503240	52505064	1
15	52505065	52515176	0
15	52515177	53079747	2
15	53079748	53184853	0
15	53184854	53249673	1
15	53249674	53284214	0
15	53284215	53382189	2
15	53382190	53469597	0
15	53469598	53482396	1
15	53482397	53673875	0
15	53673876	53705443	1
15	53705444	53911655	0
15	53911656	53941603	1
15	53941604	53991479	0
15	53991480	54150704	1
15	54150705	54252582	0
15	54252583	54576868	2
15	54576869	54662481	0
15	54662482	54681139	1
15	54681140	54695047	0
15	54695048	54696327	2
15	54696328	54711619	0
15	54711620	54770024	1
15	54770025	54770186	3
15	54770187	54770894	1
15	54770895	54776935	0
15	54776936	54804702	2
15	54804703	54806871	0
15	54806872	54811685	2
15	54811686	54811763	0
15	54811764	54814001	2
15	54814002	54848444	0
15	54848445	54850451	2
15	54850452	54862841	0
15	54862842	54865614	1
15	54865615	54889830	3
15	54889831	54890645	1
15	54890646	54986697	2
15	54986698	54990670	0
15	54990671	54990823	2
15	54990824	54991665	3
15	54991666	54992934	2
15	54992935	54994689	3
15	54994690	55041559	2
15	55041560	55066295	3
15	55066296	55069148	2
15	55069149	55142020	0
15	55142021	55142116	2
15	55142117	55198457	0
15	55198458	55205870	1
15	55205871	55250612	0
15	55250613	55257927	2
15	55257928	55261328	3
15	55261329	55382231	2
15	55382232	55407146	0
15	55407147	55429679	2
15	55429680	55520330	0
15	55520331	55531840	2
15	55531841	56848428	0
15	56848429	56848501	2
15	56848502	57178467	0
15	57178468	57178976	1
15	57178977	58110593	0
15	58110594	58111718	1
15	58111719	58759341	0
15	58759342	58759664	2
15	58759665	58840015	0
15	58840016	58840117	2
15	58840118	59067595	0
15	59067596	59067726	2
15	59067727	59547835	0
15	59547836	59548027	2
15	59548028	59673925	0
15	59673926	59675142	2
15	59675143	60222002	0
15	60222003	60313997	2
15	60313998	62192082	0
15	62192083	62192171	1
15	62192172	62281935	0
15	62281936	62282095	2
15	62282096	62422111	0
15	62422112	62423184	1
15	62423185	62426731	0
15	62426732	62427807	2
15	62427808	62543373	0
15	62543374	63012973	1
15	63012974	63050459	0
15	63050460	63050599	1
15	63050600	63341233	0
15	63341234	63476108	2
15	63476109	63668731	0
15	63668732	63668874	1
15	63668875	63745029	0
15	63745030	63745135	1
15	63745136	64319956	0
15	64319957	64321498	2
15	64321499	64425532	0
15	64425533	64431788	1
15	64431789	65750916	0
15	65750917	65751047	2
15	65751048	65806334	0
15	65806335	65807364	1
15	65807365	66510970	0
15	66510971	66511101	2
15	66511102	66551804	0
15	66551805	66551934	2
15	66551935	67288779	0
15	67288780	67288908	1
15	67288909	67638362	0
15	67638363	67638821	2
15	67638822	68158505	0
15	68158506	68159713	1
15	68159714	68670105	0
15	68670106	68670232	1
15	68670233	68771858	0
15	68771859	68772015	2
15	68772016	69340643	0
15	69340644	70237536	1
15	70237537	70836395	0
15	70836396	70836534	1
15	70836535	71666631	0
15	71666632	71666719	2
15	71666720	71695967	0
15	71695968	71696055	2
15	71696056	71762244	0
15	71762245	71762371	1
15	71762372	72466014	0
15	72466015	72468701	2
15	72468702	72699092	0
15	72699093	73142592	1
15	73142593	73193645	0
15	73193646	73195243	2
15	73195244	73587027	0
15	73587028	73587811	1
15	73587812	73882670	0
15	73882671	73885458	2
15	73885459	74015626	0
15	74015627	74016213	1
15	74016214	74044620	0
15	74044621	74044751	1
15	74044752	74474284	0
15	74474285	74503046	1
15	74503047	74512907	0
15	74512908	74513765	1
15	74513766	74529206	0
15	74529207	74620795	1
15	74620796	74621226	3
15	74621227	74909920	1
15	74909921	75010177	0
15	75010178	75010632	1
15	75010633	75090381	0
15	75090382	75091112	2
15	75091113	75786992	0
15	75786993	75797587	1
15	75797588	75797889	0
15	75797890	75821320	2
15	75821321	75823434	0
15	75823435	75850622	1
15	75850623	75850640	3
15	75850641	76019710	2
15	76019711	76064256	0
15	76064257	76079443	2
15	76079444	76122247	0
15	76122248	76122405	1
15	76122406	76173009	0
15	76173010	76173115	1
15	76173116	76533656	0
15	76533657	76533847	1
15	76533848	76637652	0
15	76637653	77062054	1
15	77062055	77063212	0
15	77063213	77099282	2
15	77099283	77190487	0
15	77190488	77190615	2
15	77190616	77236171	0
15	77236172	77251972	2
15	77251973	77552663	0
15	77552664	77552759	1
15	77552760	77665264	0
15	77665265	77665428	2
15	77665429	78257119	0
15	78257120	78434263	1
15	78434264	78452209	0
15	78452210	78452403	1
15	78452404	78467802	0
15	78467803	78474380	1
15	78474381	78485313	0
15	78485314	78527353	2
15	78527354	78567021	0
15	78567022	78769781	2
15	78769782	78809349	0
15	78809350	78809612	1
15	78809613	78973978	0
15	78973979	78974229	2
15	78974230	78983370	0
15	78983371	78983627	2
15	78983628	79193552	0
15	79193553	79193683	1
15	79193684	79801189	0
15	79801190	79806280	1
15	79806281	79871825	0
15	79871826	79880527	2
15	79880528	79881917	0
15	79881918	79882021	1
15	79882022	79893546	0
15	79893547	79903436	2
15	79903437	79906793	0
15	79906794	79927865	1
15	79927866	79937352	0
15	79937353	80175496	1
15	80175497	80339949	0
15	80339950	80456370	2
15	80456371	80482365	0
15	80482366	80542348	2
15	80542349	80643041	0
15	80643042	80672113	1
15	80672114	80672289	0
15	80672290	80675454	2
15	80675455	80927115	0
15	80927116	80927197	1
15	80927198	81257779	0
15	81257780	81259726	1
15	81259727	81269414	0
15	81269415	81308732	1
15	81308733	81373247	0
15	81373248	81373353	2
15	81373354	81416095	0
15	81416096	81416225	1
15	81416226	81735121	0
15	81735122	81735408	2
15	81735409	81756437	0
15	81756438	81756559	2
15	81756560	81885671	0
15	81885672	81886764	2
15	81886765	81887217	0
15	81887218	81964116	1
15	81964117	82032364	0
15	82032365	82086315	2
15	82086316	82326919	0
15	82326920	82327273	1
15	82327274	82692141	0
15	82692142	82698007	1
15	82698008	82886235	0
15	82886236	82909757	2
15	82909758	83553956	0
15	83553957	83554031	2
15	83554032	83799314	0
15	83799315	83799418	2
15	83799419	84610350	0
15	84610351	84610682	1
15	84610683	85378435	0
15	85378436	85378561	2
15	85378562	85724473	0
15	85724474	85727507	1
15	85727508	86753733	0
15	86753734	86753849	1
15	86753850	87563320	0
15	87563321	87570391	1
15	87570392	88847533	0
15	88847534	88856834	2
15	88856835	89196296	0
15	89196297	89196399	1
15	89196400	90031493	0
15	90031494	90031675	1
15	90031676	90643218	0
15	90643219	90670785	1
15	90670786	91190388	0
15	91190389	91190494	2
15	91190495	92180627	0
15	92180628	92180710	2
15	92180711	92180763	0
15	92180764	92180858	2
15	92180859	92180910	0
15	92180911	92180991	2
15	92180992	92181082	0
15	92181083	92181166	2
15	92181167	92181212	0
15	92181213	92181298	2
15	92181299	92181334	0
15	92181335	92181411	2
15	92181412	92239174	0
15	92239175	92259761	2
15	92259762	92260201	3
15	92260202	93505338	2
15	93505339	93505444	3
15	93505445	93643280	2
15	93643281	94029882	0
15	94029883	95024004	2
15	95024005	95024029	0
15	95024030	95027879	2
15	95027880	95062001	0
15	95062002	95100834	1
15	95100835	95174606	0
15	95174607	95195552	1
15	95195553	95199775	0
15	95199776	95228371	2
15	95228372	95292263	0
15	95292264	95296089	1
15	95296090	95362773	0
15	95362774	95362879	2
15	95362880	95542313	0
15	95542314	95647066	1
15	95647067	95647169	3
15	95647170	95774281	1
15	95774282	95844390	0
15	95844391	95844523	2
15	95844524	95862758	0
15	95862759	95954524	2
15	95954525	95956396	0
15	95956397	96010064	1
15	96010065	96025622	0
15	96025623	96065179	2
15	96065180	96066554	0
15	96066555	96068579	1
15	96068580	96074562	0
15	96074563	96237804	1
15	96237805	96239386	0
15	96239387	96242945	2
15	96242946	96281644	0
15	96281645	97000460	2
15	97000461	97144291	0
15	97144292	97166610	1
15	97166611	97385242	0
15	97385243	97542935	2
15	97542936	97596018	0
15	97596019	97624136	2
15	97624137	97686535	0
15	97686536	97687865	2
15	97687866	97729620	0
15	97729621	97730475	2
15	97730476	97990754	0
15	97990755	97993774	2
15	97993775	98005297	0
15	98005298	98041124	2
15	98041125	98061530	0
15	98061531	98062506	1
15	98062507	98182327	0
15	98182328	98363297	2
15	98363298	98365789	0
15	98365790	98460551	1
15	98460552	98537639	0
15	98537640	98582543	1
15	98582544	98618082	0
15	98618083	98883151	1
15	98883152	98883427	0
15	98883428	98884677	2
15	98884678	98960137	0
15	98960138	98997257	2
15	98997258	99001468	3
15	99001469	99036365	2
15	99036366	99050557	3
15	99050558	99107785	2
15	99107786	99127382	0
15	99127383	99131153	2
15	99131154	99201487	0
15	99201488	99254047	2
15	99254048	99283648	0
15	99283649	99491043	2
15	99491044	99491146	3
15	99491147	99505693	2
15	99505694	99536495	0
15	99536496	99536824	1
15	99536825	99560321	0
15	99560322	99567033	1
15	99567034	99576695	0
15	99576696	99581520	2
15	99581521	99591856	0
15	99591857	99592841	2
15	99592842	99623902	0
15	99623903	99624366	2
15	99624367	99627980	0
15	99627981	99968264	2
15	99968265	99968280	0
15	99968281	99993453	1
15	99993454	100000150	0
15	100000151	100056541	1
15	100056542	100076621	0
15	100076622	100076726	2
15	100076727	100398613	0
15	100398614	100740999	1
15	100741000	100780182	0
15	100780183	101041731	2
15	101041732	101045034	0
15	101045035	101679898	1
