<CHROM>	<START>	<END>	<TSB>
16	0	89602	0
16	89603	94277	2
16	94278	210738	0
16	210739	226051	1
16	226052	856825	0
16	856826	857398	2
16	857399	1027323	0
16	1027324	1232595	2
16	1232596	1257104	0
16	1257105	1263911	2
16	1263912	1274546	0
16	1274547	1326694	1
16	1326695	1339782	0
16	1339783	1340054	2
16	1340055	1393356	0
16	1393357	1394499	1
16	1394500	1410754	0
16	1410755	1457795	2
16	1457796	1459454	0
16	1459455	1474397	1
16	1474398	1503931	0
16	1503932	1507893	1
16	1507894	1528438	0
16	1528439	1537080	2
16	1537081	1558764	0
16	1558765	1568563	2
16	1568564	1627603	0
16	1627604	1636977	2
16	1636978	1649886	0
16	1649887	1666816	2
16	1666817	1667206	0
16	1667207	1751916	1
16	1751917	1752047	3
16	1752048	1785147	1
16	1785148	1837057	0
16	1837058	1885418	2
16	1885419	1886616	0
16	1886617	1894989	2
16	1894990	1896544	0
16	1896545	1913259	2
16	1913260	1915384	0
16	1915385	1925885	1
16	1925886	1937815	0
16	1937816	2065371	2
16	2065372	2065760	3
16	2065761	2092662	2
16	2092663	2095642	0
16	2095643	2115133	2
16	2115134	2121253	0
16	2121254	2166690	1
16	2166691	2191850	0
16	2191851	2193955	2
16	2193956	2228285	0
16	2228286	2292554	2
16	2292555	2300136	0
16	2300137	2581943	2
16	2581944	2603934	0
16	2603935	2662129	2
16	2662130	2667290	3
16	2667291	2694021	1
16	2694022	2848618	0
16	2848619	3670774	2
16	3670775	3697030	0
16	3697031	3718232	2
16	3718233	4098443	0
16	4098444	4208242	1
16	4208243	4216867	3
16	4216868	4912349	1
16	4912350	4926976	0
16	4926977	4927112	2
16	4927113	5152064	0
16	5152065	5159186	2
16	5159187	5164127	0
16	5164128	5178575	2
16	5178576	5180430	0
16	5180431	5194123	1
16	5194124	5194267	0
16	5194268	5225535	2
16	5225536	5228304	0
16	5228305	5549837	1
16	5549838	5593183	3
16	5593184	5656771	1
16	5656772	5668213	3
16	5668214	5702138	2
16	5702139	5723760	0
16	5723761	5748696	2
16	5748697	5769213	0
16	5769214	5799350	1
16	5799351	5827086	0
16	5827087	5857171	2
16	5857172	5857310	3
16	5857311	5861118	2
16	5861119	5890780	0
16	5890781	6006603	2
16	6006604	6013367	0
16	6013368	6071814	2
16	6071815	6072831	0
16	6072832	6075159	2
16	6075160	6080537	0
16	6080538	6095706	2
16	6095707	6101928	0
16	6101929	6116922	1
16	6116923	6122246	0
16	6122247	6136361	1
16	6136362	6144957	0
16	6144958	6188930	2
16	6188931	6190260	0
16	6190261	6191998	1
16	6191999	6192298	0
16	6192299	6207227	2
16	6207228	6207400	0
16	6207401	6213298	1
16	6213299	6213390	3
16	6213391	6286298	2
16	6286299	6311778	3
16	6311779	6320640	1
16	6320641	6322234	0
16	6322235	6330442	2
16	6330443	6330535	3
16	6330536	6360921	1
16	6360922	6364372	0
16	6364373	6367951	1
16	6367952	6368277	3
16	6368278	6400666	1
16	6400667	6400794	0
16	6400795	6401872	1
16	6401873	6402169	0
16	6402170	6405632	2
16	6405633	6413587	0
16	6413588	6425219	2
16	6425220	6433535	0
16	6433536	6446707	1
16	6446708	6446909	3
16	6446910	6455533	2
16	6455534	6456000	0
16	6456001	6518348	1
16	6518349	6521832	0
16	6521833	6522233	1
16	6522234	6526285	0
16	6526286	6526446	1
16	6526447	6542065	0
16	6542066	6542202	1
16	6542203	6545729	0
16	6545730	6581903	2
16	6581904	6583463	0
16	6583464	6698320	1
16	6698321	6698973	3
16	6698974	6713069	2
16	6713070	6731856	0
16	6731857	6787105	1
16	6787106	6824904	0
16	6824905	6862405	1
16	6862406	6863013	3
16	6863014	6863025	1
16	6863026	6914334	2
16	6914335	6940943	3
16	6940944	7050247	1
16	7050248	7164273	0
16	7164274	7164416	2
16	7164417	7227269	0
16	7227270	7267012	2
16	7267013	7282703	0
16	7282704	7291263	2
16	7291264	7293468	0
16	7293469	7322538	2
16	7322539	7366534	0
16	7366535	7409639	2
16	7409640	7409686	0
16	7409687	7436377	1
16	7436378	7436474	0
16	7436475	7544271	2
16	7544272	7578365	0
16	7578366	7604384	2
16	7604385	7634205	0
16	7634206	7644874	1
16	7644875	7657360	0
16	7657361	7717091	1
16	7717092	7740265	0
16	7740266	7741082	1
16	7741083	7765011	0
16	7765012	7835585	2
16	7835586	7854847	0
16	7854848	7900598	2
16	7900599	7910431	0
16	7910432	7961956	1
16	7961957	7981499	0
16	7981500	8003947	2
16	8003948	8049667	0
16	8049668	8081979	2
16	8081980	8101912	0
16	8101913	8104703	2
16	8104704	8120334	0
16	8120335	8200267	2
16	8200268	8221717	0
16	8221718	8254350	1
16	8254351	8277200	3
16	8277201	8450489	1
16	8450490	8468227	0
16	8468228	8468349	2
16	8468350	8476304	0
16	8476305	8631546	2
16	8631547	8638922	0
16	8638923	8675277	1
16	8675278	8680950	3
16	8680951	8721979	1
16	8721980	8757703	0
16	8757704	8877301	2
16	8877302	8893322	0
16	8893323	8949781	2
16	8949782	9237259	0
16	9237260	9249341	2
16	9249342	9255428	0
16	9255429	9261427	2
16	9261428	9267536	0
16	9267537	9276004	2
16	9276005	9283041	0
16	9283042	9293669	1
16	9293670	9300057	0
16	9300058	9330623	1
16	9330624	9332416	0
16	9332417	9355171	2
16	9355172	9363578	0
16	9363579	9387327	2
16	9387328	9397111	0
16	9397112	9412041	2
16	9412042	9418784	0
16	9418785	9418912	2
16	9418913	9467799	0
16	9467800	9469055	1
16	9469056	9505641	0
16	9505642	9507008	1
16	9507009	9532476	0
16	9532477	9543279	2
16	9543280	9548658	0
16	9548659	9639963	1
16	9639964	9640310	0
16	9640311	9673955	2
16	9673956	9680666	0
16	9680667	9684472	1
16	9684473	9700512	0
16	9700513	9705366	1
16	9705367	9705890	0
16	9705891	9727403	2
16	9727404	9736628	0
16	9736629	9780614	1
16	9780615	9819561	0
16	9819562	9829482	1
16	9829483	9830083	0
16	9830084	9834144	2
16	9834145	9855925	0
16	9855926	9918530	1
16	9918531	9920489	0
16	9920490	10004939	1
16	10004940	10005709	3
16	10005710	10073508	2
16	10073509	10080750	0
16	10080751	10081137	2
16	10081138	10138923	0
16	10138924	10182740	2
16	10182741	10182952	3
16	10182953	10885806	2
16	10885807	11004386	0
16	11004387	11081852	1
16	11081853	11122716	0
16	11122717	11158621	1
16	11158622	11185105	0
16	11185106	11185637	1
16	11185638	11272560	0
16	11272561	11274639	1
16	11274640	11298215	0
16	11298216	11300542	1
16	11300543	11333229	0
16	11333230	11335841	1
16	11335842	11344200	0
16	11344201	11347030	1
16	11347031	11364267	0
16	11364268	11364683	1
16	11364684	11375426	0
16	11375427	11375944	1
16	11375945	11383591	0
16	11383592	11386000	1
16	11386001	11398976	0
16	11398977	11401668	1
16	11401669	11410543	0
16	11410544	11413342	1
16	11413343	11422460	0
16	11422461	11424417	1
16	11424418	11435427	0
16	11435428	11437332	1
16	11437333	11644873	0
16	11644874	11657922	2
16	11657923	11665894	0
16	11665895	11668683	2
16	11668684	11676013	0
16	11676014	11677995	2
16	11677996	11723736	0
16	11723737	11725863	2
16	11725864	11739598	0
16	11739599	11741759	2
16	11741760	11764704	0
16	11764705	11765105	2
16	11765106	12338566	0
16	12338567	12338685	2
16	12338686	12476733	0
16	12476734	12477251	2
16	12477252	12510476	0
16	12510477	12510582	2
16	12510583	12613101	0
16	12613102	12650442	1
16	12650443	12650568	3
16	12650569	12725736	1
16	12725737	12801592	0
16	12801593	12816221	1
16	12816222	12822074	0
16	12822075	12831770	2
16	12831771	12835049	0
16	12835050	12839480	2
16	12839481	12843435	0
16	12843436	12863394	1
16	12863395	12868268	0
16	12868269	12875874	1
16	12875875	12885551	0
16	12885552	12897877	1
16	12897878	12936446	0
16	12936447	12936874	1
16	12936875	12983911	0
16	12983912	12984030	2
16	12984031	13110951	0
16	13110952	13112145	1
16	13112146	13158777	0
16	13158778	13158907	1
16	13158908	13635659	0
16	13635660	13637603	1
16	13637604	13640795	0
16	13640796	13653009	1
16	13653010	14062978	0
16	14062979	14064720	2
16	14064721	14074512	0
16	14074513	14076455	2
16	14076456	14079831	0
16	14079832	14081617	2
16	14081618	14090274	0
16	14090275	14092060	2
16	14092061	14095350	0
16	14095351	14097249	2
16	14097250	14235155	0
16	14235156	15311447	1
16	15311448	15311875	3
16	15311876	15352366	1
16	15352367	15370291	0
16	15370292	15371298	2
16	15371299	15891072	0
16	15891073	15891232	2
16	15891233	15956841	0
16	15956842	15958119	1
16	15958120	16018226	0
16	16018227	16019932	2
16	16019933	16331486	0
16	16331487	16331592	2
16	16331593	16677887	0
16	16677888	16769085	1
16	16769086	16783232	0
16	16783233	16841398	1
16	16841399	16866601	0
16	16866602	16886431	1
16	16886432	16928192	0
16	16928193	16936162	1
16	16936163	16939225	0
16	16939226	16961458	2
16	16961459	16983020	0
16	16983021	17001272	2
16	17001273	17008178	0
16	17008179	17011683	2
16	17011684	17029116	0
16	17029117	17035172	2
16	17035173	17046481	0
16	17046482	17059925	1
16	17059926	17117439	0
16	17117440	17119470	1
16	17119471	17123432	0
16	17123433	17159976	1
16	17159977	17170657	0
16	17170658	17252703	1
16	17252704	17258162	0
16	17258163	17273256	1
16	17273257	17273409	3
16	17273410	17273413	1
16	17273414	17278334	2
16	17278335	17279742	0
16	17279743	17291203	2
16	17291204	17293872	3
16	17293873	17299493	2
16	17299494	17299521	1
16	17299522	17299720	0
16	17299721	17349541	2
16	17349542	17350986	0
16	17350987	17363266	2
16	17363267	17367453	0
16	17367454	17380001	2
16	17380002	17380505	3
16	17380506	17396000	1
16	17396001	17396245	0
16	17396246	17423013	2
16	17423014	17426419	0
16	17426420	17501675	2
16	17501676	17514550	0
16	17514551	17523942	1
16	17523943	17584728	0
16	17584729	17602401	1
16	17602402	17603944	0
16	17603945	17607396	1
16	17607397	17622499	0
16	17622500	17631839	2
16	17631840	17635320	0
16	17635321	17647989	1
16	17647990	17654032	0
16	17654033	17675676	1
16	17675677	17683193	0
16	17683194	17705982	1
16	17705983	17707315	0
16	17707316	17729883	2
16	17729884	17730779	3
16	17730780	17804938	2
16	17804939	17816406	0
16	17816407	17836058	1
16	17836059	17856876	0
16	17856877	17868401	1
16	17868402	17898133	0
16	17898134	17898771	2
16	17898772	17909639	0
16	17909640	17919698	1
16	17919699	17930818	0
16	17930819	17945235	1
16	17945236	17945446	0
16	17945447	18030124	2
16	18030125	18039171	0
16	18039172	18041824	2
16	18041825	18043307	0
16	18043308	18045076	2
16	18045077	18046011	0
16	18046012	18053457	1
16	18053458	18057324	0
16	18057325	18067875	1
16	18067876	18068882	0
16	18068883	18074921	2
16	18074922	18076490	0
16	18076491	18083727	2
16	18083728	18144462	0
16	18144463	18151340	1
16	18151341	18153206	3
16	18153207	18156384	1
16	18156385	18157665	3
16	18157666	18163841	2
16	18163842	18163935	3
16	18163936	18173543	1
16	18173544	18175764	0
16	18175765	18180855	2
16	18180856	18184973	0
16	18184974	18197299	1
16	18197300	18205093	0
16	18205094	18209281	1
16	18209282	18217405	0
16	18217406	18220977	1
16	18220978	18252220	0
16	18252221	18257537	2
16	18257538	18262050	0
16	18262051	18278982	1
16	18278983	18279985	3
16	18279986	18296061	2
16	18296062	18300315	0
16	18300316	18305801	2
16	18305802	18307219	0
16	18307220	18318583	2
16	18318584	18319793	0
16	18319794	18332104	2
16	18332105	18332868	0
16	18332869	18333954	2
16	18333955	18336227	0
16	18336228	18381870	1
16	18381871	18384827	0
16	18384828	18386081	2
16	18386082	18386580	3
16	18386581	18400558	2
16	18400559	18401403	0
16	18401404	18410764	1
16	18410765	18413361	0
16	18413362	18435102	1
16	18435103	18489007	0
16	18489008	18490623	1
16	18490624	18517572	0
16	18517573	18527986	1
16	18527987	18542564	0
16	18542565	18545544	2
16	18545545	18546707	0
16	18546708	18556695	2
16	18556696	18566743	0
16	18566744	18572562	2
16	18572563	18585990	0
16	18585991	18597480	2
16	18597481	18601895	0
16	18601896	18606027	2
16	18606028	18620768	0
16	18620769	18632767	1
16	18632768	18636785	0
16	18636786	18663850	2
16	18663851	18665455	0
16	18665456	18674063	2
16	18674064	18675611	0
16	18675612	18681173	2
16	18681174	18681824	0
16	18681825	18684186	2
16	18684187	18684210	3
16	18684211	18688334	1
16	18688335	18691698	0
16	18691699	18710638	1
16	18710639	18711701	0
16	18711702	18715494	1
16	18715495	18716517	0
16	18716518	18726259	1
16	18726260	18734120	0
16	18734121	18735797	1
16	18735798	18736794	0
16	18736795	18738148	1
16	18738149	18755482	0
16	18755483	18760924	1
16	18760925	18771019	0
16	18771020	18779113	2
16	18779114	18783476	3
16	18783477	18786545	1
16	18786546	18805237	0
16	18805238	18806888	2
16	18806889	18808053	3
16	18808054	18813669	1
16	18813670	18817797	0
16	18817798	18818085	2
16	18818086	18828052	0
16	18828053	18838945	2
16	18838946	18839143	0
16	18839144	18841977	1
16	18841978	18843778	0
16	18843779	18891116	1
16	18891117	18893574	0
16	18893575	18900614	1
16	18900615	18902610	3
16	18902611	18920805	2
16	18920806	18922035	0
16	18922036	18924524	2
16	18924525	18924720	0
16	18924721	18935995	1
16	18935996	18941565	0
16	18941566	18945379	2
16	18945380	18945895	0
16	18945896	18947701	1
16	18947702	18952232	0
16	18952233	18977326	2
16	18977327	18988248	0
16	18988249	19043379	2
16	19043380	19047205	0
16	19047206	19055843	1
16	19055844	19076320	0
16	19076321	19096566	2
16	19096567	19097312	0
16	19097313	19112517	1
16	19112518	19114869	0
16	19114870	19125382	1
16	19125383	19128905	3
16	19128906	19132160	2
16	19132161	19133614	3
16	19133615	19142678	1
16	19142679	19164765	0
16	19164766	19191091	1
16	19191092	19191338	3
16	19191339	19206045	2
16	19206046	19213948	0
16	19213949	19237023	2
16	19237024	19238485	0
16	19238486	19248085	1
16	19248086	19253008	0
16	19253009	19268965	1
16	19268966	19274021	0
16	19274022	19280337	1
16	19280338	19281473	0
16	19281474	19288452	2
16	19288453	19290714	3
16	19290715	19333104	2
16	19333105	19341241	3
16	19341242	19344220	2
16	19344221	19351429	3
16	19351430	19351791	2
16	19351792	19378056	3
16	19378057	19517332	2
16	19517333	19519585	3
16	19519586	19526088	1
16	19526089	19526563	0
16	19526564	19547189	2
16	19547190	19555088	0
16	19555089	19590012	1
16	19590013	19595653	0
16	19595654	19599996	1
16	19599997	19600721	0
16	19600722	19614025	1
16	19614026	19615158	0
16	19615159	19631212	1
16	19631213	19641607	0
16	19641608	19648245	2
16	19648246	19648407	3
16	19648408	19675930	2
16	19675931	19690017	0
16	19690018	19700380	2
16	19700381	19722003	0
16	19722004	19736115	1
16	19736116	19759120	0
16	19759121	19759291	1
16	19759292	19762594	0
16	19762595	19810583	2
16	19810584	19810927	3
16	19810928	19853045	2
16	19853046	19855633	3
16	19855634	19855713	2
16	19855714	19921153	0
16	19921154	19976539	2
16	19976540	20003523	0
16	20003524	20003861	2
16	20003862	20048460	0
16	20048461	20050056	1
16	20050057	20050063	0
16	20050064	20055745	1
16	20055746	20065269	0
16	20065270	20076827	1
16	20076828	20083153	0
16	20083154	20248229	1
16	20248230	20287211	0
16	20287212	20289256	1
16	20289257	20315038	3
16	20315039	20339238	2
16	20339239	20365902	0
16	20365903	20424075	1
16	20424076	20426371	0
16	20426372	20489792	1
16	20489793	20542807	0
16	20542808	20598201	2
16	20598202	20617516	0
16	20617517	20641743	1
16	20641744	20641831	0
16	20641832	20649874	2
16	20649875	20653506	0
16	20653507	20687049	2
16	20687050	20703058	0
16	20703059	20703549	1
16	20703550	20790135	0
16	20790136	20790268	1
16	20790269	20829463	0
16	20829464	20855247	1
16	20855248	20916080	0
16	20916081	20967608	1
16	20967609	20995526	0
16	20995527	21015880	2
16	21015881	21021690	0
16	21021691	21032677	2
16	21032678	21108940	0
16	21108941	21109881	1
16	21109882	21235782	0
16	21235783	21330317	2
16	21330318	21340013	0
16	21340014	21409258	1
16	21409259	21465637	0
16	21465638	21692462	2
16	21692463	21692589	3
16	21692590	22034545	2
16	22034546	22150429	0
16	22150430	22151301	1
16	22151302	22208192	0
16	22208193	22231653	1
16	22231654	22232286	3
16	22232287	22238518	1
16	22238519	22410185	0
16	22410186	22410316	2
16	22410317	22574116	0
16	22574117	22574691	1
16	22574692	22574914	0
16	22574915	22575399	1
16	22575400	22612680	0
16	22612681	22613867	2
16	22613868	22689279	0
16	22689280	22689364	1
16	22689365	22799173	0
16	22799174	22799304	2
16	22799305	22837586	0
16	22837587	22868291	1
16	22868292	23037787	0
16	23037788	23046757	1
16	23046758	23055425	0
16	23055426	23063380	2
16	23063381	23166280	0
16	23166281	23166340	2
16	23166341	23202451	0
16	23202452	23209740	1
16	23209741	23236708	0
16	23236709	23252699	2
16	23252700	23258797	0
16	23258798	23403308	1
16	23403309	23403427	3
16	23403428	24029962	1
16	24029963	24031268	3
16	24031269	24067220	1
16	24067221	24067322	3
16	24067323	24114275	1
16	24114276	24298453	0
16	24298454	24298559	2
16	24298560	24604157	0
16	24604158	24640812	2
16	24640813	24647936	0
16	24647937	24648618	1
16	24648619	24694322	0
16	24694323	24703463	2
16	24703464	24740122	0
16	24740123	24761019	1
16	24761020	24860665	0
16	24860666	24903676	2
16	24903677	24903781	3
16	24903782	24973339	2
16	24973340	24980695	0
16	24980696	24998014	2
16	24998015	25030274	0
16	25030275	25142231	2
16	25142232	25345365	0
16	25345366	25346117	2
16	25346118	25383681	0
16	25383682	25383819	1
16	25383820	25509144	0
16	25509145	25584239	2
16	25584240	25585847	3
16	25585848	25709541	2
16	25709542	25816344	0
16	25816345	25816461	1
16	25816462	26091903	0
16	26091904	26186432	1
16	26186433	26383381	0
16	26383382	26651645	1
16	26651646	26651778	3
16	26651779	26815203	1
16	26815204	27492640	0
16	27492641	27492746	1
16	27492747	27738710	0
16	27738711	27805646	2
16	27805647	27840996	0
16	27840997	27951322	1
16	27951323	27952054	0
16	27952055	27959251	2
16	27959252	27981352	0
16	27981353	28076997	2
16	28076998	28179524	3
16	28179525	28511798	2
16	28511799	28511901	3
16	28511902	28617222	2
16	28617223	28620045	3
16	28620046	28621335	2
16	28621336	28645710	1
16	28645711	28735438	0
16	28735439	28901642	1
16	28901643	28998229	0
16	28998230	29117721	1
16	29117722	29117950	0
16	29117951	29121552	2
16	29121553	29122930	3
16	29122931	29127094	1
16	29127095	29127417	0
16	29127418	29183254	2
16	29183255	29199251	3
16	29199252	29200117	2
16	29200118	29219714	1
16	29219715	29334845	0
16	29334846	29335319	1
16	29335320	29386610	0
16	29386611	29387068	1
16	29387069	29415847	0
16	29415848	29430861	1
16	29430862	29509392	0
16	29509393	29544330	1
16	29544331	29566452	0
16	29566453	29601585	2
16	29601586	30580384	0
16	30580385	30581607	2
16	30581608	30622843	0
16	30622844	30634510	2
16	30634511	30667599	0
16	30667600	30667705	2
16	30667706	31186460	0
16	31186461	31337282	2
16	31337283	31337425	3
16	31337426	31903015	2
16	31903016	31903153	3
16	31903154	32441958	2
16	32441959	32565276	0
16	32565277	32569910	1
16	32569911	32578688	0
16	32578689	32702688	2
16	32702689	32705461	0
16	32705462	32705603	2
16	32705604	32710656	0
16	32710657	32713138	1
16	32713139	32747732	0
16	32747733	32753110	2
16	32753111	32760026	0
16	32760027	32788297	1
16	32788298	32856178	0
16	32856179	32857209	1
16	32857210	32917821	0
16	32917822	32919889	1
16	32919890	32995361	0
16	32995362	32996202	1
16	32996203	33179891	0
16	33179892	33179997	1
16	33179998	33216122	0
16	33216123	33216409	1
16	33216410	33630247	0
16	33630248	33630334	2
16	33630335	33665304	0
16	33665305	33711270	1
16	33711271	33711557	0
16	33711558	33715035	2
16	33715036	33715331	3
16	33715332	33733223	2
16	33733224	33748278	0
16	33748279	33748409	2
16	33748410	33986264	0
16	33986265	34024226	1
16	34024227	34028444	0
16	34028445	34030646	2
16	34030647	34204809	0
16	34204810	34848751	1
16	34848752	35225581	0
16	35225582	35226804	2
16	35226805	35360431	0
16	35360432	35367376	1
16	35367377	35586198	0
16	35586199	35664487	1
16	35664488	36104699	0
16	36104700	36157248	1
16	36157249	36158250	0
16	36158251	36159247	1
16	36159248	36291439	0
16	36291440	36307643	1
16	36307644	36578171	0
16	36578172	36578289	2
16	36578290	36618858	0
16	36618859	36628006	2
16	36628007	36641282	0
16	36641283	36973473	1
16	36973474	37059893	0
16	37059894	37191120	2
16	37191121	37213810	0
16	37213811	37223162	1
16	37223163	37235403	0
16	37235404	37278107	1
16	37278108	37305303	0
16	37305304	37331744	2
16	37331745	37432308	0
16	37432309	37432411	1
16	37432412	37712260	0
16	37712261	37827846	1
16	37827847	38299992	0
16	38299993	38300123	1
16	38300124	38359369	0
16	38359370	38418525	2
16	38418526	38491239	0
16	38491240	38491510	1
16	38491511	38504661	0
16	38504662	38516604	1
16	38516605	38540553	0
16	38540554	38540614	1
16	38540615	38886648	0
16	38886649	38887583	1
16	38887584	39145527	0
16	39145528	39145631	1
16	39145632	39168152	0
16	39168153	39168253	1
16	39168254	39352647	0
16	39352648	39352856	1
16	39352857	39727787	0
16	39727788	39729232	1
16	39729233	41252180	0
16	41252181	43978592	2
16	43978593	44055126	0
16	44055127	44098444	1
16	44098445	44123513	0
16	44123514	44123932	2
16	44123933	44258370	0
16	44258371	44421810	2
16	44421811	44422343	0
16	44422344	44423352	1
16	44423353	44424808	0
16	44424809	44425470	1
16	44425471	44536232	0
16	44536233	44540031	2
16	44540032	44575595	0
16	44575596	44583480	2
16	44583481	44597491	0
16	44597492	44599393	2
16	44599394	44614224	0
16	44614225	44616424	1
16	44616425	44714697	0
16	44714698	44733096	1
16	44733097	44733167	0
16	44733168	44779320	2
16	44779321	44810666	0
16	44810667	44810801	1
16	44810802	44848076	0
16	44848077	45085103	2
16	45085104	45160407	0
16	45160408	45164088	1
16	45164089	45169176	0
16	45169177	45294075	1
16	45294076	45307481	0
16	45307482	45307822	2
16	45307823	45355858	0
16	45355859	45360337	2
16	45360338	45369384	0
16	45369385	45369680	2
16	45369681	45439223	0
16	45439224	45550022	1
16	45550023	45662908	0
16	45662909	45681324	1
16	45681325	45684646	3
16	45684647	45714292	2
16	45714293	45715563	3
16	45715564	45738821	1
16	45738822	45755252	0
16	45755253	45821539	1
16	45821540	45882550	0
16	45882551	45882681	1
16	45882682	45883931	0
16	45883932	45884158	2
16	45884159	45991225	0
16	45991226	45992958	2
16	45992959	46072937	0
16	46072938	46076731	2
16	46076732	46086109	0
16	46086110	46125802	1
16	46125803	46125931	3
16	46125932	46238438	2
16	46238439	46243428	0
16	46243429	46268441	1
16	46268442	46269640	3
16	46269641	46271961	2
16	46271962	46272014	0
16	46272015	46291057	1
16	46291058	46291309	0
16	46291310	46315623	2
16	46315624	46315743	0
16	46315744	46337019	1
16	46337020	46352465	0
16	46352466	46383655	1
16	46383656	46401814	0
16	46401815	46401931	2
16	46401932	46413376	0
16	46413377	46414769	2
16	46414770	46435235	0
16	46435236	46626512	1
16	46626513	46679829	0
16	46679830	46679960	2
16	46679961	46698984	0
16	46698985	46748772	1
16	46748773	46805021	0
16	46805022	46811960	2
16	46811961	46822037	0
16	46822038	46836543	2
16	46836544	46842385	0
16	46842386	46854009	1
16	46854010	46854633	0
16	46854634	46912064	2
16	46912065	46918399	0
16	46918400	46943393	2
16	46943394	46958705	0
16	46958706	46982051	2
16	46982052	46986105	0
16	46986106	47008435	2
16	47008436	47144459	0
16	47144460	47163917	1
16	47163918	47177246	0
16	47177247	47296105	1
16	47296106	47490927	0
16	47490928	47492040	1
16	47492041	47872171	0
16	47872172	47872718	2
16	47872719	48041917	0
16	48041918	48042023	2
16	48042024	48537081	0
16	48537082	48542349	2
16	48542350	48557566	0
16	48557567	48561731	2
16	48561732	48598504	0
16	48598505	48599442	2
16	48599443	48603916	0
16	48603917	48608323	2
16	48608324	48628405	0
16	48628406	48628890	2
16	48628891	48836646	0
16	48836647	48845399	2
16	48845400	48918464	0
16	48918465	48918883	2
16	48918884	48944836	0
16	48944837	48955451	1
16	48955452	48997250	0
16	48997251	49005415	2
16	49005416	49079317	0
16	49079318	49080176	1
16	49080177	49483110	0
16	49483111	49483209	1
16	49483210	50588147	0
16	50588148	50588757	1
16	50588758	50925801	0
16	50925802	50946659	2
16	50946660	50955260	0
16	50955261	50958225	2
16	50958226	50966227	0
16	50966228	51008231	2
16	51008232	51008313	0
16	51008314	51105089	1
16	51105090	51120692	0
16	51120693	51151091	2
16	51151092	51253560	0
16	51253561	51347791	2
16	51347792	51347946	0
16	51347947	51348171	1
16	51348172	51348548	3
16	51348549	51407848	1
16	51407849	51417491	0
16	51417492	51470782	1
16	51470783	51488775	0
16	51488776	51492805	1
16	51492806	51578275	0
16	51578276	51584310	1
16	51584311	51641188	0
16	51641189	51732180	2
16	51732181	51737479	0
16	51737480	51775388	1
16	51775389	51775410	0
16	51775411	51794574	2
16	51794575	51808466	0
16	51808467	51878058	1
16	51878059	51925223	0
16	51925224	52010192	1
16	52010193	52010611	3
16	52010612	52038202	2
16	52038203	52087500	0
16	52087501	52087606	2
16	52087607	52641883	0
16	52641884	52642320	2
16	52642321	52717730	0
16	52717731	52799674	2
16	52799675	52980055	0
16	52980056	52980186	1
16	52980187	53055266	0
16	53055267	53056827	1
16	53056828	53196193	0
16	53196194	53344779	1
16	53344780	53355861	0
16	53355862	53355984	2
16	53355985	53660500	0
16	53660501	54400930	2
16	54400931	54401859	3
16	54401860	54605514	2
16	54605515	54605715	3
16	54605716	54735191	2
16	54735192	55236320	0
16	55236321	55246648	1
16	55246649	55291582	0
16	55291583	55671437	2
16	55671438	55743016	0
16	55743017	55792142	1
16	55792143	55799779	0
16	55799780	55800249	1
16	55800250	55906426	0
16	55906427	55907033	1
16	55907034	55984461	0
16	55984462	56015154	2
16	56015155	56087883	0
16	56087884	56141151	1
16	56141152	56413379	0
16	56413380	56415521	2
16	56415522	56422136	0
16	56422137	56471063	1
16	56471064	56546205	0
16	56546206	56633741	1
16	56633742	56724113	0
16	56724114	56744224	2
16	56744225	56829658	0
16	56829659	56842404	1
16	56842405	57225092	0
16	57225093	57366258	2
16	57366259	57377227	0
16	57377228	57398136	1
16	57398137	57404865	0
16	57404866	57404924	2
16	57404925	57429902	0
16	57429903	57430426	2
16	57430427	58001645	0
16	58001646	58001780	2
16	58001781	58017229	0
16	58017230	58035543	1
16	58035544	58038756	0
16	58038757	58040896	1
16	58040897	58040958	0
16	58040959	58053591	2
16	58053592	58064838	0
16	58064839	58073137	1
16	58073138	58077583	0
16	58077584	58096966	2
16	58096967	58129794	0
16	58129795	58141050	2
16	58141051	58150973	0
16	58150974	58151117	2
16	58151118	58156234	0
16	58156235	58166963	1
16	58166964	58173470	0
16	58173471	58173576	2
16	58173577	58202780	0
16	58202781	58202881	1
16	58202882	58211524	0
16	58211525	58219663	2
16	58219664	58239472	0
16	58239473	58395424	2
16	58395425	58399105	0
16	58399106	58431740	1
16	58431741	58439649	3
16	58439650	58446103	1
16	58446104	58446399	3
16	58446400	58449369	1
16	58449370	58482503	0
16	58482504	58525659	1
16	58525660	58536084	0
16	58536085	58557682	2
16	58557683	58558120	0
16	58558121	58579574	1
16	58579575	58598987	0
16	58598988	58658465	1
16	58658466	58720333	0
16	58720334	58763357	1
16	58763358	58763502	0
16	58763503	58895448	2
16	58895449	59250852	0
16	59250853	60296882	2
16	60296883	60484253	0
16	60484254	60484446	2
16	60484447	60761320	0
16	60761321	60761997	1
16	60761998	60877950	0
16	60877951	60958681	1
16	60958682	60972695	0
16	60972696	60979037	2
16	60979038	60983241	3
16	60983242	60988567	1
16	60988568	60988907	0
16	60988908	60989011	2
16	60989012	61009877	0
16	61009878	61027446	1
16	61027447	61041790	0
16	61041791	61049049	1
16	61049050	62860172	0
16	62860173	63109406	2
16	63109407	63109579	3
16	63109580	63401141	2
16	63401142	64368821	0
16	64368822	64386541	2
16	64386542	64416168	0
16	64416169	64418132	2
16	64418133	64458374	0
16	64458375	64469293	2
16	64469294	64488635	0
16	64488636	64670373	1
16	64670374	64697739	0
16	64697740	64704439	2
16	64704440	64714167	0
16	64714168	64751358	1
16	64751359	64764575	0
16	64764576	64765031	2
16	64765032	64790224	0
16	64790225	64805982	1
16	64805983	64841786	0
16	64841787	64844550	2
16	64844551	64860702	0
16	64860703	64866160	2
16	64866161	64884674	0
16	64884675	64917489	2
16	64917490	64928298	0
16	64928299	64933057	2
16	64933058	64933313	0
16	64933314	64971481	1
16	64971482	65002221	0
16	65002222	65014884	1
16	65014885	65018530	0
16	65018531	65033669	1
16	65033670	65076505	0
16	65076506	65080675	1
16	65080676	65100763	0
16	65100764	65101080	1
16	65101081	65118278	0
16	65118279	65118760	1
16	65118761	65503141	0
16	65503142	65503293	2
16	65503294	65888414	0
16	65888415	65888623	2
16	65888624	65904228	0
16	65904229	65909940	1
16	65909941	65910060	0
16	65910061	65914037	2
16	65914038	65928893	0
16	65928894	65954081	1
16	65954082	65954348	0
16	65954349	66061336	2
16	66061337	66065130	0
16	66065131	66083458	2
16	66083459	66086168	0
16	66086169	66087984	1
16	66087985	66087998	0
16	66087999	66098386	2
16	66098387	66105179	0
16	66105180	66136136	2
16	66136137	66141974	0
16	66141975	66229463	1
16	66229464	66242210	0
16	66242211	66264059	2
16	66264060	66264805	0
16	66264806	66271670	1
16	66271671	66277343	0
16	66277344	66288676	1
16	66288677	66288850	3
16	66288851	66308661	2
16	66308662	66319464	0
16	66319465	66327246	2
16	66327247	66327353	3
16	66327354	66349021	2
16	66349022	66349500	0
16	66349501	66465421	1
16	66465422	66469109	0
16	66469110	66489702	2
16	66489703	66494040	0
16	66494041	66502822	1
16	66502823	66502948	3
16	66502949	66547348	1
16	66547349	66654285	0
16	66654286	66655277	2
16	66655278	66797873	0
16	66797874	66808773	2
16	66808774	66812293	0
16	66812294	66895731	2
16	66895732	66928431	0
16	66928432	66931853	1
16	66931854	66939107	0
16	66939108	66999393	2
16	66999394	67001603	0
16	67001604	67012673	2
16	67012674	67015072	3
16	67015073	67022224	1
16	67022225	67022653	0
16	67022654	67100915	2
16	67100916	67102318	0
16	67102319	67114287	2
16	67114288	67114389	3
16	67114390	67212159	2
16	67212160	67223141	0
16	67223142	67298735	2
16	67298736	67299947	0
16	67299948	67346311	2
16	67346312	67346435	3
16	67346436	67349966	2
16	67349967	67352414	0
16	67352415	67425246	2
16	67425247	67430576	0
16	67430577	67442728	2
16	67442729	67459188	0
16	67459189	67496322	2
16	67496323	67582155	0
16	67582156	67597579	2
16	67597580	67969414	0
16	67969415	68361200	1
16	68361201	68575761	0
16	68575762	68614284	1
16	68614285	68664217	0
16	68664218	68664349	1
16	68664350	68734316	0
16	68734317	68734452	2
16	68734453	68767297	0
16	68767298	68802271	2
16	68802272	68819077	0
16	68819078	68852899	2
16	68852900	68868402	0
16	68868403	68873615	1
16	68873616	68877502	0
16	68877503	68884494	1
16	68884495	68884561	3
16	68884562	69054757	1
16	69054758	69084912	0
16	69084913	69163604	1
16	69163605	69165479	0
16	69165480	69188445	2
16	69188446	69204438	3
16	69204439	69217496	2
16	69217497	69217631	0
16	69217632	69235429	2
16	69235430	69240583	0
16	69240584	69268221	1
16	69268222	69319552	0
16	69319553	69373248	2
16	69373249	69379398	0
16	69379399	69402987	2
16	69402988	69404810	3
16	69404811	69406578	1
16	69406579	69422289	0
16	69422290	69432763	2
16	69432764	69435003	0
16	69435004	69451469	2
16	69451470	69460460	0
16	69460461	69521709	1
16	69521710	69542161	0
16	69542162	69543605	1
16	69543606	69546453	3
16	69546454	69552208	1
16	69552209	69553914	0
16	69553915	69567243	2
16	69567244	69601347	0
16	69601348	69630652	1
16	69630653	69634412	0
16	69634413	69653008	2
16	69653009	69658873	0
16	69658874	69752947	1
16	69752948	69771406	0
16	69771407	69801502	1
16	69801503	69808191	0
16	69808192	69834808	1
16	69834809	69839628	0
16	69839629	69864911	2
16	69864912	69867045	0
16	69867046	69892506	2
16	69892507	69895420	0
16	69895421	69939427	2
16	69939428	69944347	0
16	69944348	69951599	1
16	69951600	69951776	0
16	69951777	70023634	2
16	70023635	70037307	0
16	70037308	70042337	1
16	70042338	70047639	0
16	70047640	70056109	1
16	70056110	70060965	0
16	70060966	70063431	1
16	70063432	70074175	0
16	70074176	70076654	1
16	70076655	70086404	0
16	70086405	70089000	1
16	70089001	70098738	0
16	70098739	70101239	1
16	70101240	70110891	0
16	70110892	70113368	1
16	70113369	70129623	0
16	70129624	70131471	1
16	70131472	70136216	0
16	70136217	70138631	1
16	70138632	70141191	0
16	70141192	70143832	2
16	70143833	70152073	0
16	70152074	70154069	2
16	70154070	70156139	0
16	70156140	70163066	1
16	70163067	70180769	0
16	70180770	70183552	1
16	70183553	70202653	0
16	70202654	70212705	1
16	70212706	70231943	0
16	70231944	70245782	1
16	70245783	70254099	0
16	70254100	70266536	1
16	70266537	70298861	0
16	70298862	70313602	1
16	70313603	70342527	0
16	70342528	70371516	1
16	70371517	70372351	3
16	70372352	70405266	1
16	70405267	70406140	3
16	70406141	70433164	1
16	70433165	70434057	3
16	70434058	70481819	1
16	70481820	70482715	3
16	70482716	70497200	1
16	70497201	70513886	0
16	70513887	70546520	1
16	70546521	70570927	0
16	70570928	70575050	2
16	70575051	70588114	0
16	70588115	70590624	2
16	70590625	70594784	0
16	70594785	70601561	1
16	70601562	70613144	0
16	70613145	70615465	1
16	70615466	70650470	0
16	70650471	70653663	1
16	70653664	70663331	0
16	70663332	70666538	1
16	70666539	70682324	0
16	70682325	70684067	1
16	70684068	70698125	0
16	70698126	70700108	1
16	70700109	70720498	0
16	70720499	70723096	1
16	70723097	70725699	0
16	70725700	70728141	2
16	70728142	70734711	0
16	70734712	70744190	2
16	70744191	70756407	0
16	70756408	70759639	2
16	70759640	70783552	0
16	70783553	70796890	2
16	70796891	70824520	0
16	70824521	70827447	2
16	70827448	70838566	0
16	70838567	70840793	2
16	70840794	70875091	0
16	70875092	70892965	2
16	70892966	70943133	0
16	70943134	70985558	1
16	70985559	70990165	0
16	70990166	70993770	1
16	70993771	70994126	0
16	70994127	70994604	1
16	70994605	71024586	0
16	71024587	71088362	1
16	71088363	71138802	3
16	71138803	71212215	1
16	71212216	71212317	3
16	71212318	71224120	1
16	71224121	71298102	0
16	71298103	71298228	2
16	71298229	71529066	0
16	71529067	71529190	2
16	71529191	71596172	0
16	71596173	71601250	2
16	71601251	72218501	0
16	72218502	72870362	2
16	72870363	72870486	3
16	72870487	73817612	2
16	73817613	74424477	0
16	74424478	74424601	2
16	74424602	74520155	0
16	74520156	74592770	1
16	74592771	74615790	0
16	74615791	74637734	1
16	74637735	74647151	0
16	74647152	74738171	1
16	74738172	74749660	0
16	74749661	74759772	1
16	74759773	74791507	0
16	74791508	75496405	1
16	75496406	75501382	0
16	75501383	75569126	2
16	75569127	75624905	0
16	75624906	75652418	2
16	75652419	75667902	0
16	75667903	75701694	1
16	75701695	75720059	0
16	75720060	75726373	2
16	75726374	75733803	0
16	75733804	75744982	1
16	75744983	75757439	0
16	75757440	75769343	1
16	75769344	75773026	0
16	75773027	75796548	1
16	75796549	75802432	0
16	75802433	75826851	1
16	75826852	75855263	0
16	75855264	75970802	2
16	75970803	75973208	0
16	75973209	75974444	1
16	75974445	75975461	0
16	75975462	75987626	2
16	75987627	76045424	0
16	76045425	76075902	2
16	76075903	76079843	0
16	76079844	76106793	1
16	76106794	76123840	0
16	76123841	76135790	1
16	76135791	76144148	0
16	76144149	76153061	2
16	76153062	76162041	0
16	76162042	76200815	1
16	76200816	76217199	0
16	76217200	76254105	1
16	76254106	76254411	0
16	76254412	76281144	2
16	76281145	76283101	0
16	76283102	76312348	2
16	76312349	76318340	0
16	76318341	76318534	1
16	76318535	76331760	0
16	76331761	76354438	2
16	76354439	76355982	0
16	76355983	76381881	1
16	76381882	76384544	0
16	76384545	76422328	1
16	76422329	76423243	0
16	76423244	76448710	2
16	76448711	76450011	0
16	76450012	76463478	1
16	76463479	76468836	0
16	76468837	76488139	1
16	76488140	76489715	0
16	76489716	76500608	1
16	76500609	76507131	0
16	76507132	76652731	1
16	76652732	76657750	0
16	76657751	76767638	1
16	76767639	76851808	0
16	76851809	76912497	2
16	76912498	76928579	0
16	76928580	76955541	1
16	76955542	77105195	0
16	77105196	77105982	1
16	77105983	77137582	0
16	77137583	77138760	1
16	77138761	77650471	0
16	77650472	77664114	1
16	77664115	77671021	0
16	77671022	77782695	1
16	77782696	77822276	0
16	77822277	77847733	2
16	77847734	77864259	0
16	77864260	77889743	2
16	77889744	77937277	0
16	77937278	77946262	1
16	77946263	77950006	0
16	77950007	77960709	2
16	77960710	77961178	3
16	77961179	77987724	2
16	77987725	77987770	3
16	77987771	78004190	1
16	78004191	78019335	0
16	78019336	78043527	2
16	78043528	78047600	0
16	78047601	78183531	1
16	78183532	78183837	3
16	78183838	78294410	2
16	78294411	78435693	0
16	78435694	78470154	1
16	78470155	78478637	0
16	78478638	78480047	2
16	78480048	78485043	0
16	78485044	78512480	2
16	78512481	78662181	0
16	78662182	78664870	2
16	78664871	78771401	0
16	78771402	78802025	2
16	78802026	78884404	0
16	78884405	79248386	1
16	79248387	79462400	0
16	79462401	79492052	1
16	79492053	79492385	3
16	79492386	79492691	1
16	79492692	79501725	2
16	79501726	79501774	3
16	79501775	79516746	1
16	79516747	79518310	0
16	79518311	79527038	2
16	79527039	79713722	0
16	79713723	80235118	2
16	80235119	80703479	0
16	80703480	80706145	2
16	80706146	80706259	3
16	80706260	80739033	1
16	80739034	80753313	0
16	80753314	80777347	2
16	80777348	80783415	0
16	80783416	80824389	2
16	80824390	81859681	0
16	81859682	81859806	1
16	81859807	82511509	0
16	82511510	82514370	1
16	82514371	83750387	0
16	83750388	83750494	1
16	83750495	84374860	0
16	84374861	84409473	2
16	84409474	84416049	0
16	84416050	84416378	1
16	84416379	84417240	0
16	84417241	84417602	1
16	84417603	84672319	0
16	84672320	84703842	2
