<CHROM>	<START>	<END>	<TSB>
2	0	372749	0
2	372750	372902	2
2	372903	486270	0
2	486271	489934	1
2	489935	557344	0
2	557345	557459	2
2	557460	590060	0
2	590061	590213	2
2	590214	602431	0
2	602432	619345	2
2	619346	719522	0
2	719523	719675	2
2	719676	720068	0
2	720069	721646	2
2	721647	728678	0
2	728679	731222	1
2	731223	763808	0
2	763809	787842	1
2	787843	788237	0
2	788238	788390	1
2	788391	841578	0
2	841579	884401	1
2	884402	888595	3
2	888596	954581	1
2	954582	954733	3
2	954734	1035616	1
2	1035617	1237180	0
2	1237181	1237332	2
2	1237333	1362810	0
2	1362811	1362962	2
2	1362963	2073610	0
2	2073611	2073762	1
2	2073763	2427574	0
2	2427575	2427726	2
2	2427727	2490960	0
2	2490961	2536615	2
2	2536616	3046719	0
2	3046720	3046871	1
2	3046872	3051861	0
2	3051862	3053656	1
2	3053657	3085965	0
2	3085966	3086534	1
2	3086535	3556864	0
2	3556865	3557016	1
2	3557017	3568011	0
2	3568012	3637066	2
2	3637067	3931902	0
2	3931903	3972445	2
2	3972446	3973110	0
2	3973111	4082657	1
2	4082658	4108366	0
2	4108367	4108472	2
2	4108473	4395541	0
2	4395542	4442432	2
2	4442433	5178078	0
2	5178079	5178166	2
2	5178167	5188467	0
2	5188468	5189791	1
2	5189792	5189969	0
2	5189970	5258779	2
2	5258780	5268576	0
2	5268577	5270271	1
2	5270272	5341883	0
2	5341884	5351678	2
2	5351679	5363386	0
2	5363387	5419039	1
2	5419040	5456114	0
2	5456115	5456245	1
2	5456246	5465573	0
2	5465574	5503536	2
2	5503537	5505754	0
2	5505755	5522447	1
2	5522448	5548576	0
2	5548577	5550712	1
2	5550713	5574320	0
2	5574321	5631465	1
2	5631466	5631633	0
2	5631634	5751624	2
2	5751625	5754135	0
2	5754136	5754257	1
2	5754258	5771238	0
2	5771239	5780379	1
2	5780380	5793494	3
2	5793495	5879438	1
2	5879439	6065806	0
2	6065807	6305433	2
2	6305434	6305564	3
2	6305565	6330155	2
2	6330156	6330586	3
2	6330587	6346841	2
2	6346842	6347092	3
2	6347093	6761831	2
2	6761832	6767013	0
2	6767014	6867147	1
2	6867148	6874537	0
2	6874538	7434519	2
2	7434520	7553889	0
2	7553890	8002097	2
2	8002098	8002979	3
2	8002980	8018160	2
2	8018161	8040375	0
2	8040376	8050121	1
2	8050122	8106018	0
2	8106019	8261917	2
2	8261918	8262023	3
2	8262024	8283658	2
2	8283659	8334730	0
2	8334731	8334857	1
2	8334858	10727471	0
2	10727472	10727743	2
2	10727744	10767743	0
2	10767744	10769310	2
2	10769311	11137458	0
2	11137459	11149976	2
2	11149977	11225133	0
2	11225134	11226002	1
2	11226003	11331440	0
2	11331441	11572534	1
2	11572535	11572917	3
2	11572918	11911686	1
2	11911687	11933766	0
2	11933767	11942959	2
2	11942960	11945215	0
2	11945216	11986025	1
2	11986026	11986123	3
2	11986124	12030948	2
2	12030949	12089224	0
2	12089225	12101826	2
2	12101827	12677250	0
2	12677251	12677356	1
2	12677357	13442784	0
2	13442785	13491702	2
2	13491703	13504386	0
2	13504387	13528928	1
2	13528929	13720520	0
2	13720521	13720614	2
2	13720615	13973183	0
2	13973184	13981634	2
2	13981635	13993436	0
2	13993437	14132878	2
2	14132879	14179649	0
2	14179650	14197709	2
2	14197710	14197826	3
2	14197827	14200266	2
2	14200267	14393859	0
2	14393860	14394392	1
2	14394393	14715699	0
2	14715700	14793801	2
2	14793802	15705199	0
2	15705200	15705837	2
2	15705838	15834831	0
2	15834832	15855817	2
2	15855818	15857978	0
2	15857979	15940852	1
2	15940853	16840835	0
2	16840836	16843758	1
2	16843759	17114246	0
2	17114247	17114487	1
2	17114488	19165789	0
2	19165790	19166681	2
2	19166682	19890371	0
2	19890372	20405006	2
2	20405007	20551683	0
2	20551684	20551789	1
2	20551790	20622492	0
2	20622493	20623880	1
2	20623881	20631638	0
2	20631639	20693775	2
2	20693776	20761716	0
2	20761717	20860635	1
2	20860636	20869525	0
2	20869526	20870647	2
2	20870648	20951198	0
2	20951199	21150586	1
2	21150587	21151231	3
2	21151232	21197784	1
2	21197785	21197806	3
2	21197807	21212097	2
2	21212098	22037561	0
2	22037562	22065036	1
2	22065037	22079300	0
2	22079301	22080916	2
2	22080917	22108424	0
2	22108425	22398231	1
2	22398232	22651256	0
2	22651257	22933694	2
2	22933695	22974168	0
2	22974169	22974293	2
2	22974294	22986624	0
2	22986625	23027534	2
2	23027535	23038315	0
2	23038316	23048215	1
2	23048216	23079916	0
2	23079917	23110428	1
2	23110429	23117002	0
2	23117003	23361238	1
2	23361239	23566073	0
2	23566074	23567786	1
2	23567787	23582192	0
2	23582193	23585642	1
2	23585643	23585964	3
2	23585965	23613711	2
2	23613712	23651472	0
2	23651473	23668028	2
2	23668029	23674316	0
2	23674317	23710401	1
2	23710402	23713764	0
2	23713765	23756988	1
2	23756989	23796740	0
2	23796741	23798335	1
2	23798336	23809196	0
2	23809197	23809638	2
2	23809639	23846898	0
2	23846899	23950344	2
2	23950345	23983156	0
2	23983157	24026311	1
2	24026312	24066363	0
2	24066364	24079668	2
2	24079669	24279526	0
2	24279527	24378362	1
2	24378363	24380223	0
2	24380224	24432097	1
2	24432098	24543091	0
2	24543092	24644783	2
2	24644784	24668852	0
2	24668853	24731004	1
2	24731005	24859871	0
2	24859872	24879740	1
2	24879741	24881204	0
2	24881205	24881604	2
2	24881605	24883902	0
2	24883903	24884216	1
2	24884217	24895531	0
2	24895532	24912473	1
2	24912474	24912576	0
2	24912577	24987526	2
2	24987527	25002344	0
2	25002345	25092301	2
2	25092302	25092449	3
2	25092450	25162669	2
2	25162670	25281899	0
2	25281900	25417658	2
2	25417659	25418263	3
2	25418264	25427948	2
2	25427949	25433957	0
2	25433958	25516671	1
2	25516672	25596947	0
2	25596948	25598074	2
2	25598075	25599953	3
2	25599954	25599958	2
2	25599959	25600038	0
2	25600039	25800933	2
2	25800934	25936868	0
2	25936869	25937934	1
2	25937935	26011793	0
2	26011794	26065905	2
2	26065906	26108161	0
2	26108162	26116357	2
2	26116358	26224493	0
2	26224494	26273834	2
2	26273835	26276633	0
2	26276634	26281032	1
2	26281033	26281416	3
2	26281417	26509207	1
2	26509208	26550631	0
2	26550632	26550921	2
2	26550922	26554060	0
2	26554061	26563135	2
2	26563136	26587570	0
2	26587571	26600384	2
2	26600385	26603245	0
2	26603246	26603844	2
2	26603845	26619337	0
2	26619338	26645950	1
2	26645951	26684958	0
2	26684959	26685023	1
2	26685024	26692401	0
2	26692402	26704708	1
2	26704709	26738774	0
2	26738775	26752388	1
2	26752389	26772276	0
2	26772277	26785224	1
2	26785225	26836414	0
2	26836415	26836836	2
2	26836837	26868402	0
2	26868403	26885868	1
2	26885869	26894823	0
2	26894824	26972052	1
2	26972053	26977096	3
2	26977097	27170277	1
2	27170278	27174663	0
2	27174664	27174820	1
2	27174821	27201711	0
2	27201712	27202256	2
2	27202257	27232931	0
2	27232932	27428475	1
2	27428476	27601230	0
2	27601231	27601823	1
2	27601824	27719760	0
2	27719761	27748803	2
2	27748804	27750985	0
2	27750986	27813732	1
2	27813733	27822677	0
2	27822678	27832282	1
2	27832283	27832666	3
2	27832667	27882311	1
2	27882312	27882553	0
2	27882554	27987072	2
2	27987073	27997523	0
2	27997524	28019701	1
2	28019702	28020088	0
2	28020089	28026278	2
2	28026279	28092880	0
2	28092881	28224521	2
2	28224522	28224619	3
2	28224620	28241717	2
2	28241718	28252858	0
2	28252859	28283080	2
2	28283081	28383782	0
2	28383783	28438908	2
2	28438909	28441267	0
2	28441268	28449386	1
2	28449387	28449515	0
2	28449516	28484010	2
2	28484011	28488195	3
2	28488196	28504221	1
2	28504222	28550462	0
2	28550463	28562711	2
2	28562712	29263884	0
2	29263885	29273207	1
2	29273208	29273339	3
2	29273340	29560670	1
2	29560671	29594939	0
2	29594940	29612771	1
2	29612772	29612923	0
2	29612924	29623728	2
2	29623729	29630066	0
2	29630067	29656871	2
2	29656872	29659229	0
2	29659230	29666877	1
2	29666878	29691422	0
2	29691423	29691553	1
2	29691554	29702556	0
2	29702557	29704976	2
2	29704977	29849667	0
2	29849668	29849770	2
2	29849771	29992071	0
2	29992072	29993599	1
2	29993600	30035276	0
2	30035277	30045047	1
2	30045048	30079141	0
2	30079142	30080148	2
2	30080149	30080960	0
2	30080961	30181239	1
2	30181240	30207527	0
2	30207528	30208868	2
2	30208869	30211508	0
2	30211509	30300373	1
2	30300374	30386980	0
2	30386981	30387631	1
2	30387632	30578713	0
2	30578714	30642180	2
2	30642181	30712278	0
2	30712279	30739940	1
2	30739941	30740031	0
2	30740032	30808575	2
2	30808576	30817259	0
2	30817260	30910315	1
2	30910316	30931619	0
2	30931620	30933320	2
2	30933321	31064469	0
2	31064470	31064582	1
2	31064583	31247160	0
2	31247161	31247477	1
2	31247478	31255096	0
2	31255097	31290711	1
2	31290712	31304930	0
2	31304931	31375970	1
2	31375971	31378922	0
2	31378923	31470117	1
2	31470118	31475701	0
2	31475702	31482030	2
2	31482031	31484116	0
2	31484117	31484185	1
2	31484186	31486051	3
2	31486052	31489993	1
2	31489994	31490013	0
2	31490014	31501058	2
2	31501059	31507422	0
2	31507423	31608632	1
2	31608633	31614313	0
2	31614314	31616916	1
2	31616917	31624676	0
2	31624677	31652590	1
2	31652591	31654832	0
2	31654833	31655877	2
2	31655878	31657218	0
2	31657219	31764148	1
2	31764149	31764259	0
2	31764260	31794070	1
2	31794071	31794140	0
2	31794141	31806369	2
2	31806370	31809226	0
2	31809227	31840556	2
2	31840557	31850150	3
2	31850151	31865381	1
2	31865382	31870549	0
2	31870550	31880728	1
2	31880729	31894665	0
2	31894666	31910152	1
2	31910153	31912191	0
2	31912192	31921170	1
2	31921171	31945727	0
2	31945728	31975932	1
2	31975933	32019071	0
2	32019072	32019568	2
2	32019569	32529304	0
2	32529305	32529786	2
2	32529787	32882030	0
2	32882031	32963629	1
2	32963630	33443377	0
2	33443378	33443516	1
2	33443517	33471465	0
2	33471466	33471719	1
2	33471720	33471975	0
2	33471976	33472079	1
2	33472080	33855989	0
2	33855990	33894434	2
2	33894435	33899934	3
2	33899935	34483721	1
2	34483722	34852456	0
2	34852457	34884970	1
2	34884971	34928861	0
2	34928862	35027850	1
2	35027851	35118573	0
2	35118574	35131872	2
2	35131873	35134143	0
2	35134144	35232912	1
2	35232913	35233040	0
2	35233041	35269181	2
2	35269182	35269516	3
2	35269517	35302344	1
2	35302345	35302407	0
2	35302408	35335741	2
2	35335742	35335960	0
2	35335961	35360130	1
2	35360131	35360320	3
2	35360321	35360458	1
2	35360459	35385704	2
2	35385705	35421508	0
2	35421509	35465833	2
2	35465834	35466315	3
2	35466316	35528614	2
2	35528615	35528720	3
2	35528721	35613355	2
2	35613356	35613721	3
2	35613722	35633296	2
2	35633297	35764684	0
2	35764685	35975870	1
2	35975871	35975987	0
2	35975988	35999634	2
2	35999635	36002649	0
2	36002650	36019121	1
2	36019122	36139199	0
2	36139200	36231503	1
2	36231504	36330290	0
2	36330291	36512612	1
2	36512613	36694172	0
2	36694173	36695440	2
2	36695441	36928605	0
2	36928606	36929159	2
2	36929160	38169686	0
2	38169687	38191202	1
2	38191203	38215687	0
2	38215688	38224394	1
2	38224395	38343048	0
2	38343049	38352165	2
2	38352166	38354852	0
2	38354853	38367996	2
2	38367997	38368225	3
2	38368226	38431506	1
2	38431507	38451399	0
2	38451400	38453415	2
2	38453416	38583769	0
2	38583770	38583875	1
2	38583876	39212947	0
2	39212948	39378922	1
2	39378923	39508459	0
2	39508460	39526934	1
2	39526935	39527423	0
2	39527424	39534235	2
2	39534236	39535687	0
2	39535688	39647314	1
2	39647315	39647450	0
2	39647451	39684857	2
2	39684858	39789248	0
2	39789249	39856843	2
2	39856844	39891479	0
2	39891480	39963777	2
2	39963778	40019931	0
2	40019932	41525882	2
2	41525883	41527705	0
2	41527706	41527893	2
2	41527894	41627718	0
2	41627719	41843747	1
2	41843748	41927530	0
2	41927531	41932091	1
2	41932092	41969174	0
2	41969175	41974945	2
2	41974946	42754637	0
2	42754638	42755854	2
2	42755855	42858018	0
2	42858019	42860765	2
2	42860766	42862410	0
2	42862411	42874131	2
2	42874132	43023502	0
2	43023503	43090905	1
2	43090906	43287914	0
2	43287915	43316134	2
2	43316135	43350096	0
2	43350097	43414461	1
2	43414462	43883855	0
2	43883856	43983678	2
2	43983679	44034248	0
2	44034249	44034355	2
2	44034356	44066128	0
2	44066129	44109934	2
2	44109935	44122622	0
2	44122623	44183765	1
2	44183766	44227944	0
2	44227945	44282721	1
2	44282722	44291987	0
2	44291988	44368953	2
2	44368954	44438992	0
2	44438993	44461442	2
2	44461443	44501266	3
2	44501267	44560625	1
2	44560626	44560712	0
2	44560713	44611443	2
2	44611444	44626367	0
2	44626368	44633912	2
2	44633913	44636854	0
2	44636855	44642599	2
2	44642600	44669177	0
2	44669178	44669275	2
2	44669276	44670712	0
2	44670713	44670802	2
2	44670803	44676452	0
2	44676453	44680193	1
2	44680194	44740567	0
2	44740568	44752491	1
2	44752492	44840809	0
2	44840810	44848892	1
2	44848893	44876065	0
2	44876066	44884802	2
2	44884803	44940078	0
2	44940079	45008282	2
2	45008283	45232323	0
2	45232324	45258343	1
2	45258344	45295051	0
2	45295052	45296143	1
2	45296144	45352585	0
2	45352586	45393231	2
2	45393232	45405312	0
2	45405313	45405968	1
2	45405969	45438240	0
2	45438241	45822557	2
2	45822558	45951311	0
2	45951312	46061844	1
2	46061845	46123437	0
2	46123438	46130569	1
2	46130570	46488822	0
2	46488823	46497948	2
2	46497949	46504586	0
2	46504587	46516322	2
2	46516323	46523946	0
2	46523947	46621479	1
2	46621480	46653191	0
2	46653192	46812236	1
2	46812237	46827936	0
2	46827937	46828041	2
2	46828042	47999280	0
2	47999281	47999385	1
2	47999386	48080520	0
2	48080521	48095582	1
2	48095583	48140081	0
2	48140082	48140207	2
2	48140208	48557386	0
2	48557387	48565848	2
2	48565849	48580171	0
2	48580172	48582332	1
2	48582333	48679434	0
2	48679435	48849251	1
2	48849252	49069085	0
2	49069086	49125048	2
2	49125049	49495769	0
2	49495770	49817126	2
2	49817127	49817208	3
2	49817209	49899772	2
2	49899773	49973425	0
2	49973426	49973547	2
2	49973548	50456253	0
2	50456254	50463103	1
2	50463104	50797207	0
2	50797208	50797378	1
2	50797379	50800990	0
2	50800991	50876864	2
2	50876865	51274134	0
2	51274135	51274277	1
2	51274278	51392296	0
2	51392297	51393069	1
2	51393070	51411411	0
2	51411412	51474949	1
2	51474950	51475021	3
2	51475022	51504821	1
2	51504822	51522919	0
2	51522920	51550239	2
2	51550240	51555430	0
2	51555431	51577083	2
2	51577084	51581250	0
2	51581251	51587634	2
2	51587635	51601329	0
2	51601330	51625995	2
2	51625996	51632701	0
2	51632702	51636228	1
2	51636229	51649495	0
2	51649496	51667098	2
2	51667099	51670770	0
2	51670771	51714760	1
2	51714761	51725539	0
2	51725540	51750737	1
2	51750738	51750847	3
2	51750848	51753637	1
2	51753638	51792432	0
2	51792433	51793481	1
2	51793482	51814717	0
2	51814718	51815175	1
2	51815176	51832573	0
2	51832574	51833034	1
2	51833035	51842195	0
2	51842196	51842650	1
2	51842651	51861208	0
2	51861209	51861786	2
2	51861787	51918042	0
2	51918043	51918966	1
2	51918967	51977199	0
2	51977200	51983722	1
2	51983723	52000466	0
2	52000467	52001388	2
2	52001389	52006084	0
2	52006085	52027863	2
2	52027864	52056285	0
2	52056286	52057208	2
2	52057209	52091798	0
2	52091799	52092262	2
2	52092263	52101666	0
2	52101667	52108000	2
2	52108001	52123948	0
2	52123949	52124409	2
2	52124410	52125993	0
2	52125994	52126454	1
2	52126455	52191433	0
2	52191434	52213979	1
2	52213980	52414695	0
2	52414696	52415413	1
2	52415414	52498337	0
2	52498338	52507979	2
2	52507980	52508850	3
2	52508851	52532824	1
2	52532825	52542592	0
2	52542593	52804733	1
2	52804734	52804857	0
2	52804858	52812148	2
2	52812149	52823010	0
2	52823011	52823130	1
2	52823131	53174796	0
2	53174797	53187790	1
2	53187791	53189788	0
2	53189789	53203819	1
2	53203820	53236366	0
2	53236367	53384712	2
2	53384713	53530573	0
2	53530574	53531975	2
2	53531976	53567020	0
2	53567021	53746382	2
2	53746383	53778597	0
2	53778598	53778723	2
2	53778724	53851983	0
2	53851984	53921273	2
2	53921274	54003860	0
2	54003861	54063982	2
2	54063983	54076191	0
2	54076192	54076320	2
2	54076321	54088114	0
2	54088115	54158533	1
2	54158534	54159662	0
2	54159663	54165212	1
2	54165213	54195737	0
2	54195738	54206844	1
2	54206845	54215467	0
2	54215468	54217440	2
2	54217441	54240135	0
2	54240136	54275976	2
2	54275977	54279995	0
2	54279996	54323869	2
2	54323870	54335422	0
2	54335423	54346668	1
2	54346669	54437542	0
2	54437543	54438028	1
2	54438029	54943931	0
2	54943932	54974587	2
2	54974588	54984927	0
2	54984928	54985982	1
2	54985983	55289603	0
2	55289604	55289729	1
2	55289730	55436168	0
2	55436169	55465277	2
2	55465278	55514698	0
2	55514699	55567474	2
2	55567475	55572990	0
2	55572991	55621336	2
2	55621337	55632696	0
2	55632697	55779627	2
2	55779628	55811320	0
2	55811321	55901424	2
2	55901425	55907130	0
2	55907131	55961260	1
2	55961261	56250118	0
2	56250119	56286697	2
2	56286698	56302564	0
2	56302565	56476296	1
2	56476297	56895008	0
2	56895009	56917207	2
2	56917208	56929823	0
2	56929824	56930016	2
2	56930017	56951353	0
2	56951354	57191185	1
2	57191186	57201270	0
2	57201271	57254146	2
2	57254147	57254649	0
2	57254650	57255948	1
2	57255949	57268882	0
2	57268883	57369498	2
2	57369499	57381930	0
2	57381931	57382491	2
2	57382492	57399443	0
2	57399444	57565897	1
2	57565898	57567960	0
2	57567961	57569695	1
2	57569696	57618688	0
2	57618689	57618951	1
2	57618952	57755495	0
2	57755496	57830603	1
2	57830604	58058261	0
2	58058262	58101494	2
2	58101495	58102395	3
2	58102396	58113170	2
2	58113171	58117672	0
2	58117673	58159806	2
2	58159807	58161227	0
2	58161228	58189336	1
2	58189337	58189556	0
2	58189557	58247074	2
2	58247075	58334601	0
2	58334602	58350184	2
2	58350185	58411422	0
2	58411423	58424978	2
2	58424979	58454215	0
2	58454216	58477755	1
2	58477756	58512487	0
2	58512488	58694662	1
2	58694663	58758471	0
2	58758472	58759264	2
2	58759265	59134586	0
2	59134587	59324716	2
2	59324717	59336281	0
2	59336282	59377924	2
2	59377925	59419508	0
2	59419509	59446750	1
2	59446751	59450612	0
2	59450613	59461493	1
2	59461494	59461605	0
2	59461606	59469687	2
2	59469688	59476667	0
2	59476668	59538280	1
2	59538281	59546282	0
2	59546283	59681969	1
2	59681970	59876581	0
2	59876582	59877461	2
2	59877462	59917186	0
2	59917187	59939431	2
2	59939432	59942761	0
2	59942762	59946058	1
2	59946059	59946151	0
2	59946152	59958253	2
2	59958254	59963704	0
2	59963705	59996315	2
2	59996316	60003254	0
2	60003255	60004684	1
2	60004685	60024967	0
2	60024968	60032697	1
2	60032698	60032871	0
2	60032872	60327627	2
2	60327628	60340439	0
2	60340440	60340570	1
2	60340571	60367794	0
2	60367795	60387715	1
2	60387716	60452660	0
2	60452661	60453054	2
2	60453055	60667139	0
2	60667140	60673352	1
2	60673353	60726846	0
2	60726847	60735183	1
2	60735184	60865481	0
2	60865482	60868271	1
2	60868272	60870592	0
2	60870593	60932953	1
2	60932954	60977313	0
2	60977314	61004440	2
2	61004441	61005664	0
2	61005665	61020434	1
2	61020435	61082238	0
2	61082239	61082344	2
2	61082345	61098982	0
2	61098983	61116486	1
2	61116487	61137609	0
2	61137610	61200320	2
2	61200321	61223849	0
2	61223850	61293195	2
2	61293196	61324250	0
2	61324251	61328910	2
2	61328911	61347848	0
2	61347849	61348028	1
2	61348029	61348304	3
2	61348305	61376047	2
2	61376048	61386379	0
2	61386380	61770522	1
2	61770523	61849361	0
2	61849362	61864736	1
2	61864737	61864968	0
2	61864969	61976686	2
2	61976687	62079135	0
2	62079136	62225226	1
2	62225227	62737726	0
2	62737727	62738305	2
2	62738306	62806515	0
2	62806516	62806617	2
2	62806618	65160629	0
2	65160630	65160710	2
2	65160711	65893756	0
2	65893757	65896042	1
2	65896043	66228115	0
2	66228116	66367119	2
2	66367120	68628778	0
2	68628779	68850993	2
2	68850994	68875927	0
2	68875928	68939889	1
2	68939890	69414613	0
2	69414614	69416143	2
2	69416144	70446605	0
2	70446606	70446733	2
2	70446734	70475041	0
2	70475042	71700570	2
2	71700571	72571805	0
2	72571806	72608449	1
2	72608450	73345003	0
2	73345004	73820136	2
2	73820137	74061266	0
2	74061267	74061421	1
2	74061422	74260846	0
2	74260847	74261009	2
2	74261010	75179050	0
2	75179051	75179212	1
2	75179213	75816120	0
2	75816121	75864041	1
2	75864042	76016682	0
2	76016683	76017356	1
2	76017357	76100985	0
2	76100986	76303028	2
2	76303029	76303752	0
2	76303753	76305617	1
2	76305618	76314743	0
2	76314744	76323448	2
2	76323449	76326577	3
2	76326578	76335521	2
2	76335522	76335607	0
2	76335608	76493896	2
2	76493897	76500031	0
2	76500032	76500933	1
2	76500934	76648111	0
2	76648112	76648173	1
2	76648174	76788031	0
2	76788032	76896644	2
2	76896645	76898384	0
2	76898385	76999689	2
2	76999690	77140824	0
2	77140825	77509221	1
2	77509222	77675619	0
2	77675620	77675747	1
2	77675748	77702715	0
2	77702716	77702834	1
2	77702835	78153024	0
2	78153025	78280185	2
2	78280186	78290957	0
2	78290958	78292892	1
2	78292893	78297023	3
2	78297024	78316420	1
2	78316421	78408591	0
2	78408592	78433836	1
2	78433837	78505068	0
2	78505069	78803133	1
2	78803134	78910643	0
2	78910644	78911161	2
2	78911162	78937798	0
2	78937799	79254888	2
2	79254889	80897444	0
2	80897445	80897575	1
2	80897576	80908509	0
2	80908510	80908613	2
2	80908614	80985397	0
2	80985398	80985528	1
2	80985529	81167115	0
2	81167116	82015762	2
2	82015763	82148362	0
2	82148363	82148521	1
2	82148522	82177293	0
2	82177294	82177422	1
2	82177423	82199278	0
2	82199279	82251750	2
2	82251751	82283106	0
2	82283107	82358870	1
2	82358871	82441889	0
2	82441890	82453483	1
2	82453484	82453552	0
2	82453553	82455280	2
2	82455281	82455687	0
2	82455688	82490768	1
2	82490769	82490890	3
2	82490891	82532908	1
2	82532909	82571886	0
2	82571887	82590628	2
2	82590629	82591007	3
2	82591008	82602928	1
2	82602929	82603007	0
2	82603008	82618306	2
2	82618307	82790415	0
2	82790416	82790546	1
2	82790547	82944490	0
2	82944491	82944596	1
2	82944597	83237593	0
2	83237594	83238600	2
2	83238601	83306916	0
2	83306917	83306985	1
2	83306986	83309841	0
2	83309842	83741082	2
2	83741083	83782191	0
2	83782192	83782297	2
2	83782298	84432274	0
2	84432275	84467358	1
2	84467359	84473452	0
2	84473453	84495150	1
2	84495151	84495896	3
2	84495897	84523498	1
2	84523499	84533288	0
2	84533289	84535637	2
2	84535638	84562572	0
2	84562573	84591267	2
2	84591268	84601213	0
2	84601214	84684940	2
2	84684941	84693184	0
2	84693185	84702556	2
2	84702557	84718480	0
2	84718481	84806946	2
2	84806947	84807780	3
2	84807781	84809171	1
2	84809172	85011147	0
2	85011148	85049803	2
2	85049804	85248598	0
2	85248599	85278833	1
2	85278834	85513489	0
2	85513490	85702287	2
2	85702288	85713805	0
2	85713806	85723419	2
2	85723420	85809427	0
2	85809428	85855352	2
2	85855353	86337368	0
2	86337369	86337643	2
2	86337644	86599188	0
2	86599189	86599644	1
2	86599645	86600526	0
2	86600527	86613535	2
2	86613536	86741624	0
2	86741625	86756816	1
2	86756817	86770418	0
2	86770419	86784278	1
2	86784279	86861895	0
2	86861896	86872206	2
2	86872207	86928381	0
2	86928382	86949186	1
2	86949187	86950373	3
2	86950374	86959523	1
2	86959524	86991313	0
2	86991314	86997330	2
2	86997331	87012988	3
2	87012989	87025596	2
2	87025597	87041337	3
2	87041338	87060292	1
2	87060293	87079747	0
2	87079748	87146873	1
2	87146874	87211466	0
2	87211467	87231257	1
2	87231258	87258367	0
2	87258368	87265077	1
2	87265078	87482753	0
2	87482754	88274450	1
2	88274451	88812447	0
2	88812448	88841539	1
2	88841540	88860948	0
2	88860949	88947671	1
2	88947672	89339499	0
2	89339500	89339699	2
2	89339700	89344855	0
2	89344856	89344913	1
2	89344914	90372609	0
2	90372610	90436376	2
2	90436377	90789507	0
2	90789508	90789638	2
2	90789639	91336090	0
2	91336091	91357617	2
2	91357618	91388528	0
2	91388529	91428666	1
2	91428667	91431413	0
2	91431414	91431519	2
2	91431520	91444452	0
2	91444453	91489649	2
2	91489650	91500537	0
2	91500538	91554994	2
2	91554995	91580883	0
2	91580884	91585576	2
2	91585577	91592296	0
2	91592297	91595871	2
2	91595872	91597912	0
2	91597913	91598018	2
2	91598019	91600594	0
2	91600595	91600700	2
2	91600701	91611332	0
2	91611333	91615250	2
2	91615251	91765054	0
2	91765055	91853771	1
2	91853772	91935412	0
2	91935413	92030031	2
2	92030032	92057214	0
2	92057215	92069847	2
2	92069848	92069896	0
2	92069897	92073917	1
2	92073918	92076933	3
2	92076934	92076935	1
2	92076936	92171494	0
2	92171495	92351280	2
2	92351281	92479012	0
2	92479013	92512513	1
2	92512514	92735618	0
2	92735619	92816620	2
2	92816621	92820604	0
2	92820605	92862232	2
2	92862233	92884047	3
2	92884048	92951282	2
2	92951283	92972795	0
2	92972796	92974182	2
2	92974183	93083350	0
2	93083351	93083476	2
2	93083477	93095496	0
2	93095497	93100310	2
2	93100311	93204690	0
2	93204691	93252009	1
2	93252010	93833828	0
2	93833829	93834633	1
2	93834634	94234764	0
2	94234765	94280073	2
2	94280074	94287352	0
2	94287353	94324880	1
2	94324881	94326018	0
2	94326019	94326094	2
2	94326095	94398867	0
2	94398868	94414280	1
2	94414281	94831680	0
2	94831681	94832496	2
2	94832497	94863823	0
2	94863824	94863929	1
2	94863930	94907303	0
2	94907304	94907425	1
2	94907426	94995699	0
2	94995700	94995869	1
2	94995870	95024191	0
2	95024192	95024258	2
2	95024259	95142202	0
2	95142203	95147183	2
2	95147184	95413357	0
2	95413358	95413465	2
2	95413466	95501186	0
2	95501187	95504507	2
2	95504508	96045956	0
2	96045957	96073402	2
2	96073403	96224765	0
2	96224766	96408226	1
2	96408227	97739681	0
2	97739682	97739815	1
2	97739816	97887430	0
2	97887431	98036590	1
2	98036591	98350586	0
2	98350587	98384604	2
2	98384605	98779672	0
2	98779673	98782069	2
2	98782070	98793532	0
2	98793533	98793789	2
2	98793790	99010388	0
2	99010389	99010694	2
2	99010695	99201275	0
2	99201276	99201401	2
2	99201402	99681892	0
2	99681893	99682560	1
2	99682561	99826698	0
2	99826699	99826805	1
2	99826806	100134864	0
2	100134865	100134972	2
2	100134973	100486398	0
2	100486399	100489508	2
2	100489509	100502789	0
2	100502790	100669696	1
2	100669697	100718359	0
2	100718360	100718700	1
2	100718701	100843017	0
2	100843018	100844186	1
2	100844187	100960052	0
2	100960053	100995447	2
2	100995448	101035273	0
2	101035274	101035411	2
2	101035412	101608286	0
2	101608287	101652169	1
2	101652170	101679263	0
2	101679264	101713542	2
2	101713543	101718442	0
2	101718443	101806679	1
2	101806680	101807022	0
2	101807023	101842064	2
2	101842065	101842120	0
2	101842121	101843688	2
2	101843689	101973791	0
2	101973792	102065865	2
2	102065866	102066273	3
2	102066274	102087973	1
2	102087974	102088441	0
2	102088442	102142166	2
2	102142167	102143053	0
2	102143054	102144917	1
2	102144918	102238971	0
2	102238972	102239960	2
2	102239961	102241492	0
2	102241493	102241595	2
2	102241596	102342448	0
2	102342449	102411492	1
2	102411493	102439622	0
2	102439623	102484572	2
2	102484573	102494999	3
2	102495000	102498073	2
2	102498074	102526045	1
2	102526046	102549722	0
2	102549723	102598494	2
2	102598495	102609325	3
2	102609326	102653795	1
2	102653796	102656543	0
2	102656544	102687062	2
2	102687063	102692505	0
2	102692506	102697285	1
2	102697286	102712587	0
2	102712588	102744201	1
2	102744202	102755239	0
2	102755240	102785626	1
2	102785627	102844967	0
2	102844968	102920230	1
2	102920231	103087520	0
2	103087521	103100860	1
2	103100861	103674533	0
2	103674534	103674693	2
2	103674694	103939124	0
2	103939125	103943843	1
2	103943844	103944793	3
2	103944794	104031630	2
2	104031631	104145856	0
2	104145857	104272534	1
2	104272535	104591784	0
2	104591785	104592792	2
2	104592793	104793873	0
2	104793874	104796099	2
2	104796100	104801719	0
2	104801720	104929053	2
2	104929054	105199662	0
2	105199663	105199773	1
2	105199774	105678118	0
2	105678119	105678307	1
2	105678308	106645606	0
2	106645607	107520278	1
2	107520279	107542882	3
2	107542883	107574092	1
2	107574093	107574238	3
2	107574239	107991687	1
2	107991688	108257822	0
2	108257823	108935153	1
2	108935154	108935292	3
2	108935293	109002462	1
2	109002463	109228260	0
2	109228261	109228782	2
2	109228783	109290942	0
2	109290943	109291085	2
2	109291086	109485272	0
2	109485273	109865657	2
2	109865658	109874774	0
2	109874775	109874918	2
2	109874919	109975811	0
2	109975812	109994485	1
2	109994486	109994609	3
2	109994610	110037909	1
2	110037910	110074955	0
2	110074956	110135586	2
2	110135587	110180701	0
2	110180702	110199901	2
2	110199902	110207914	0
2	110207915	110225133	2
2	110225134	110268487	0
2	110268488	110271863	2
2	110271864	110312692	0
2	110312693	110547828	1
2	110547829	110775951	0
2	110775952	110813271	1
2	110813272	110859372	0
2	110859373	110863750	2
2	110863751	110893606	0
2	110893607	111047690	2
2	111047691	111184385	0
2	111184386	111580748	2
2	111580749	111611772	0
2	111611773	111639931	2
2	111639932	111729321	0
2	111729322	111746085	2
2	111746086	111754685	0
2	111754686	111756623	2
2	111756624	112065284	0
2	112065285	112171311	2
2	112171312	112190389	0
2	112190390	112190551	2
2	112190552	112207743	0
2	112207744	112221048	1
2	112221049	112247049	0
2	112247050	112275078	1
2	112275079	112321927	0
2	112321928	112382350	1
2	112382351	112408529	0
2	112408530	112476538	2
2	112476539	112484933	0
2	112484934	112563146	1
2	112563147	112570817	0
2	112570818	112601812	1
2	112601813	112624940	0
2	112624941	112639547	1
2	112639548	112700134	0
2	112700135	112724320	2
2	112724321	112729415	0
2	112729416	112753232	1
2	112753233	112754576	0
2	112754577	112774457	2
2	112774458	112779655	0
2	112779656	112796395	1
2	112796396	112799009	0
2	112799010	112801073	2
2	112801074	112863679	0
2	112863680	112863809	2
2	112863810	112909319	0
2	112909320	113464588	2
2	113464589	113723529	0
2	113723530	114323387	1
2	114323388	114935974	0
2	114935975	114975171	2
2	114975172	115082696	0
2	115082697	115082839	1
2	115082840	115106964	0
2	115106965	115136861	1
2	115136862	115174982	0
2	115174983	115249030	2
2	115249031	115253759	0
2	115253760	115270140	1
2	115270141	115292514	0
2	115292515	115303626	2
2	115303627	115313399	0
2	115313400	115359638	2
2	115359639	115364916	0
2	115364917	115400577	1
2	115400578	115455804	0
2	115455805	115455944	2
2	115455945	115492283	0
2	115492284	115500262	2
2	115500263	115508399	3
2	115508400	115518992	1
2	115518993	115519152	0
2	115519153	115519223	2
2	115519224	115519667	3
2	115519668	115533587	2
2	115533588	115536404	0
2	115536405	115536529	2
2	115536530	115577089	0
2	115577090	115686220	2
2	115686221	115700970	0
2	115700971	115913626	1
2	115913627	116165322	0
2	116165323	116165447	1
2	116165448	116653593	0
2	116653594	116664156	2
2	116664157	116665259	0
2	116665260	116703348	1
2	116703349	116803652	0
2	116803653	116803783	1
2	116803784	116884246	0
2	116884247	116923270	2
2	116923271	116937588	3
2	116937589	116945262	1
2	116945263	117170924	0
2	117170925	117209917	1
2	117209918	117536927	0
2	117536928	117539336	2
2	117539337	117539735	0
2	117539736	117589146	2
2	117589147	118570692	0
2	118570693	118570796	2
2	118570797	118585340	0
2	118585341	118690230	2
2	118690231	118721820	0
2	118721821	118772600	1
2	118772601	118799148	0
2	118799149	118851220	1
2	118851221	118862774	0
2	118862775	118892736	1
2	118892737	118892984	3
2	118892985	118924541	1
2	118924542	118943172	0
2	118943173	118966545	2
2	118966546	119017283	0
2	119017284	119031898	2
2	119031899	119038919	0
2	119038920	119046844	2
2	119046845	119053509	0
2	119053510	119096790	1
2	119096791	119314005	0
2	119314006	119353367	1
2	119353368	119385752	0
2	119385753	119385943	1
2	119385944	119388713	0
2	119388714	119426087	2
2	119426088	119426783	3
2	119426784	119427049	2
2	119427050	119433575	1
2	119433576	119434758	0
2	119434759	119474394	1
2	119474395	119481398	0
2	119481399	119558853	1
2	119558854	119708207	0
2	119708208	119924693	2
2	119924694	119948924	0
2	119948925	120004860	2
2	120004861	120005911	3
2	120005912	120009564	1
2	120009565	120119442	0
2	120119443	120126994	1
2	120126995	120199940	0
2	120199941	120203346	1
2	120203347	120203426	0
2	120203427	120219253	2
2	120219254	120236326	0
2	120236327	120290845	2
2	120290846	120291219	3
2	120291220	120306228	1
2	120306229	120306410	0
2	120306411	120460700	2
2	120460701	120460832	3
2	120460833	120497703	2
2	120497704	120556704	0
2	120556705	120566187	2
2	120566188	120627909	0
2	120627910	120628015	2
2	120628016	120737783	0
2	120737784	120737919	1
2	120737920	120843825	0
2	120843826	120843928	1
2	120843929	120844934	3
2	120844935	120908255	2
2	120908256	120910596	0
2	120910597	120912237	1
2	120912238	120976194	0
2	120976195	120976324	1
2	120976325	121466273	0
2	121466274	121467926	2
2	121467927	121468571	0
2	121468572	121500750	1
2	121500751	121927940	0
2	121927941	122056705	2
2	122056706	122369723	0
2	122369724	122370488	1
2	122370489	122696072	0
2	122696073	122696227	2
2	122696228	122823018	0
2	122823019	122823147	1
2	122823148	123609805	0
2	123609806	123682674	2
2	123682675	123695406	0
2	123695407	123710793	2
2	123710794	123740382	0
2	123740383	123793082	2
2	123793083	123802510	0
2	123802511	123816612	2
2	123816613	123820938	3
2	123820939	123820940	2
2	123820941	123857969	1
2	123857970	123872384	0
2	123872385	123877707	2
2	123877708	123880124	3
2	123880125	123920229	2
2	123920230	123935981	0
2	123935982	123968894	2
2	123968895	124008365	0
2	124008366	124030652	2
2	124030653	124068258	0
2	124068259	124084153	1
2	124084154	124425035	0
2	124425036	124425159	1
2	124425160	124543284	0
2	124543285	124596352	2
2	124596353	124605656	0
2	124605657	124764063	1
2	124764064	124769938	0
2	124769939	124832447	2
2	124832448	125345267	0
2	125345268	125346168	1
2	125346169	128449316	0
2	128449317	128450368	2
2	128450369	128617172	0
2	128617173	128677188	2
2	128677189	129578377	0
2	129578378	129578508	2
2	129578509	129807753	0
2	129807754	129809743	1
2	129809744	130425869	0
2	130425870	130426044	1
2	130426045	130664188	0
2	130664189	130664321	2
2	130664322	130780072	0
2	130780073	130780215	1
2	130780216	130948585	0
2	130948586	131030426	2
2	131030427	131081718	3
2	131081719	131127462	2
2	131127463	131179492	3
2	131179493	131216993	2
2	131216994	131276760	3
2	131276761	131444652	2
2	131444653	131444849	3
2	131444850	131645592	2
2	131645593	131697545	0
2	131697546	131733775	2
2	131733776	131736218	0
2	131736219	131736348	1
2	131736349	131750098	0
2	131750099	131797457	2
2	131797458	132272248	0
2	132272249	132272625	1
2	132272626	132570283	0
2	132570284	132573602	1
2	132573603	132573641	0
2	132573642	132729495	1
2	132729496	132729761	3
2	132729762	132751624	2
2	132751625	133369217	0
2	133369218	133603640	2
2	133603641	133831999	0
2	133832000	133845881	1
2	133845882	133963105	0
2	133963106	134517534	1
2	134517535	134528653	0
2	134528654	134528786	1
2	134528787	134854324	0
2	134854325	134854443	1
2	134854444	135271187	0
2	135271188	135291398	2
2	135291399	135294904	0
2	135294905	135385945	1
2	135385946	135431281	0
2	135431282	135439610	1
2	135439611	135447117	0
2	135447118	135450872	1
2	135450873	135457946	0
2	135457947	135520754	2
2	135520755	135528114	0
2	135528115	135538717	2
2	135538718	135562681	0
2	135562682	135605466	1
2	135605467	135693555	0
2	135693556	135715826	2
2	135715827	135721019	0
2	135721020	136137812	1
2	136137813	136282915	0
2	136282916	136284326	2
2	136284327	136312166	0
2	136312167	136387788	2
2	136387789	136389166	0
2	136389167	136390645	2
2	136390646	137061344	0
2	137061345	137099188	1
2	137099189	137126507	0
2	137126508	137324441	2
2	137324442	137527841	0
2	137527842	137542376	1
2	137542377	137542442	3
2	137542443	137561765	2
2	137561766	137572689	0
2	137572690	137590679	2
2	137590680	137598601	0
2	137598602	137598717	2
2	137598718	137602782	0
2	137602783	137740783	1
2	137740784	137966676	0
2	137966677	137969697	1
2	137969698	137977575	3
2	137977576	137978087	1
2	137978088	138308082	0
2	138308083	138476766	2
2	138476767	138527694	0
2	138527695	138559097	2
2	138559098	138738099	0
2	138738100	138739484	1
2	138739485	138834557	0
2	138834558	138837081	1
2	138837082	138897414	0
2	138897415	138915884	2
2	138915885	138916010	3
2	138916011	138930403	2
2	138930404	138930493	3
2	138930494	138936926	1
2	138936927	138936991	0
2	138936992	138951214	2
2	138951215	138986469	0
2	138986470	139006305	2
2	139006306	139008053	0
2	139008054	139012257	1
2	139012258	139086906	0
2	139086907	139106457	1
2	139106458	139201072	0
2	139201073	139243155	1
2	139243156	139243218	0
2	139243219	139245372	2
2	139245373	139272344	0
2	139272345	139278049	1
2	139278050	139292353	0
2	139292354	139319246	2
2	139319247	139321668	0
2	139321669	139351159	2
2	139351160	139362244	0
2	139362245	139378364	2
2	139378365	139378470	3
2	139378471	139384697	2
2	139384698	139417161	0
2	139417162	139568621	2
2	139568622	139580102	3
2	139580103	139710954	2
2	139710955	139715274	0
2	139715275	139743671	2
2	139743672	139780019	0
2	139780020	139943494	1
2	139943495	139945883	3
2	139945884	140311334	1
2	140311335	140311461	3
2	140311462	140340582	1
2	140340583	140617244	0
2	140617245	140617359	1
2	140617360	140669997	0
2	140669998	140670212	2
2	140670213	141453308	0
2	141453309	141466144	1
2	141466145	141481900	0
2	141481901	141621198	2
2	141621199	141648106	0
2	141648107	141766966	1
2	141766967	141784501	0
2	141784502	141784998	1
2	141784999	141848678	0
2	141848679	141852886	1
2	141852887	141856571	0
2	141856572	141894337	1
2	141894338	141927907	0
2	141927908	142061799	2
2	142061800	142067102	0
2	142067103	142072936	1
2	142072937	142289465	0
2	142289466	142290621	2
2	142290622	142415297	0
2	142415298	142415584	1
2	142415585	142505333	0
2	142505334	142505412	2
2	142505413	142644742	0
2	142644743	142693604	2
2	142693605	142757268	0
2	142757269	142761114	1
2	142761115	142761414	0
2	142761415	142795066	2
2	142795067	142804403	0
2	142804404	142821425	2
2	142821426	142832219	0
2	142832220	142847653	1
2	142847654	142851903	0
2	142851904	142884318	1
2	142884319	142892034	0
2	142892035	142897856	2
2	142897857	142914001	0
2	142914002	142931948	1
2	142931949	143027283	0
2	143027284	143058142	1
2	143058143	143084028	0
2	143084029	143130946	1
2	143130947	143252137	0
2	143252138	143359562	2
2	143359563	143366696	3
2	143366697	143372695	2
2	143372696	143373366	3
2	143373367	143439733	2
2	143439734	143458188	3
2	143458189	143470423	2
2	143470424	143473432	3
2	143473433	143481428	2
2	143481429	143523277	3
2	143523278	143573739	2
2	143573740	143576068	0
2	143576069	143604771	1
2	143604772	143761606	0
2	143761607	143800680	1
2	143800681	143883263	0
2	143883264	143911450	2
2	143911451	143936552	0
2	143936553	144045985	2
2	144045986	144077829	0
2	144077830	144098603	2
2	144098604	144135317	0
2	144135318	144174732	2
2	144174733	144219120	0
2	144219121	144230032	2
2	144230033	144435224	0
2	144435225	144435326	1
2	144435327	144498254	0
2	144498255	144498668	1
2	144498669	144593200	0
2	144593201	144593322	1
2	144593323	144639256	0
2	144639257	144657283	2
2	144657284	144670283	0
2	144670284	144814366	2
2	144814367	145241847	0
2	145241848	145248455	2
2	145248456	145598399	0
2	145598400	145599114	1
2	145599115	145599329	3
2	145599330	145603067	2
2	145603068	146422638	0
2	146422639	146422897	2
2	146422898	146621511	0
2	146621512	146622882	1
2	146622883	146703953	0
2	146703954	146704096	2
2	146704097	146739629	0
2	146739630	146850817	2
2	146850818	146856467	0
2	146856468	146894570	1
2	146894571	146909711	0
2	146909712	146981165	1
2	146981166	147238284	0
2	147238285	147238386	1
2	147238387	147594519	0
2	147594520	147594653	2
2	147594654	147675588	0
2	147675589	147675713	1
2	147675714	147722084	0
2	147722085	147803790	2
2	147803791	147812344	0
2	147812345	147825164	2
2	147825165	147935220	0
2	147935221	147938081	1
2	147938082	147941535	0
2	147941536	147941641	2
2	147941642	148148919	0
2	148148920	148364095	1
2	148364096	148380579	0
2	148380580	148404385	1
2	148404386	148415664	0
2	148415665	148435641	1
2	148435642	148437756	3
2	148437757	148485873	2
2	148485874	148488292	0
2	148488293	148490779	1
2	148490780	148500168	0
2	148500169	148531878	2
2	148531879	148570770	0
2	148570771	148599460	1
2	148599461	148627248	0
2	148627249	148667582	1
2	148667583	148724346	0
2	148724347	148725130	2
2	148725131	148725362	0
2	148725363	148727964	2
2	148727965	148753651	0
2	148753652	148818849	1
2	148818850	148893042	0
2	148893043	148903880	2
2	148903881	148954625	0
2	148954626	148990505	1
2	148990506	149003013	0
2	149003014	149003141	1
2	149003142	149025673	0
2	149025674	149025801	1
2	149025802	149074533	0
2	149074534	149074663	1
2	149074664	149087740	0
2	149087741	149087870	1
2	149087871	149137039	0
2	149137040	149399597	2
2	149399598	149399699	3
2	149399700	149603532	2
2	149603533	149605003	0
2	149605004	149625130	1
2	149625131	149691325	0
2	149691326	149751420	1
2	149751421	149751511	3
2	149751512	149753350	1
2	149753351	149753680	0
2	149753681	149780325	2
2	149780326	149891104	0
2	149891105	150060467	2
2	150060468	150184796	0
2	150184797	150197366	1
2	150197367	150198028	0
2	150198029	150215139	2
2	150215140	150281847	0
2	150281848	150282257	2
2	150282258	150296571	0
2	150296572	150487511	1
2	150487512	150493321	3
2	150493322	150537264	1
2	150537265	151217550	0
2	151217551	151227141	1
2	151227142	151231154	0
2	151231155	151632763	2
2	151632764	151648509	0
2	151648510	151681650	2
2	151681651	151700562	0
2	151700563	151727100	2
2	151727101	151733458	3
2	151733459	151745469	2
2	151745470	151749713	0
2	151749714	151783976	1
2	151783977	151835750	0
2	151835751	151835866	1
2	151835867	151846144	0
2	151846145	151867043	2
2	151867044	151876344	0
2	151876345	151877658	1
2	151877659	152126951	0
2	152126952	152888583	2
2	152888584	152965767	0
2	152965768	152972732	2
2	152972733	153125381	0
2	153125382	153125674	1
2	153125675	153125954	3
2	153125955	153126417	2
2	153126418	153145793	0
2	153145794	153240022	1
2	153240023	153240281	0
2	153240282	153268582	2
2	153268583	153271569	3
2	153271570	153281029	1
2	153281030	153324271	0
2	153324272	153381079	1
2	153381080	153446386	0
2	153446387	153446757	2
2	153446758	153468975	0
2	153468976	153469553	2
2	153469554	153545576	0
2	153545577	153565966	1
2	153565967	153566651	0
2	153566652	153839432	2
2	153839433	153846472	0
2	153846473	153877330	1
2	153877331	153928553	0
2	153928554	153930307	1
2	153930308	153941152	0
2	153941153	153942717	1
2	153942718	153958953	0
2	153958954	153960755	2
2	153960756	154013018	0
2	154013019	154039257	2
2	154039258	154133731	0
2	154133732	154163118	1
2	154163119	154248105	0
2	154248106	154248228	1
2	154248229	154290336	0
2	154290337	154290466	1
2	154290467	154339610	0
2	154339611	154348313	2
2	154348314	154348666	3
2	154348667	154349021	2
2	154349022	154532744	0
2	154532745	154532874	1
2	154532875	155257709	0
2	155257710	155271520	1
2	155271521	156547017	0
2	156547018	156548530	1
2	156548531	156833647	0
2	156833648	156834257	2
2	156834258	157017709	0
2	157017710	157017814	2
2	157017815	157506340	0
2	157506341	157585258	1
2	157585259	157687533	0
2	157687534	157696707	1
2	157696708	157960233	0
2	157960234	157960345	2
2	157960346	158203644	0
2	158203645	158203710	1
2	158203711	158228176	0
2	158228177	158228355	1
2	158228356	158307582	0
2	158307583	158401146	1
2	158401147	158457864	0
2	158457865	158457988	2
2	158457989	159246739	0
2	159246740	159246861	2
2	159246862	159592249	0
2	159592250	159592346	2
2	159592347	159679855	0
2	159679856	159679936	2
2	159679937	159835651	0
2	159835652	159946930	1
2	159946931	160014719	0
2	160014720	160044278	1
2	160044279	160051456	0
2	160051457	160264509	1
2	160264510	160303447	0
2	160303448	160346016	1
2	160346017	160346756	0
2	160346757	160433133	2
2	160433134	160504173	0
2	160504174	160504306	2
2	160504307	160521935	0
2	160521936	160561242	2
2	160561243	160562497	0
2	160562498	160616417	2
2	160616418	160640936	0
2	160640937	160733251	1
2	160733252	160856289	0
2	160856290	161526587	2
2	161526588	161604721	0
2	161604722	161605119	2
2	161605120	162010021	0
2	162010022	162010132	1
2	162010133	162350626	0
2	162350627	162350733	1
2	162350734	163474551	0
2	163474552	163474696	2
2	163474697	164044259	0
2	164044260	164046334	2
2	164046335	164047537	0
2	164047538	164047776	2
2	164047777	164121934	0
2	164121935	164122051	2
2	164122052	164207500	0
2	164207501	164207511	2
2	164207512	164209543	3
2	164209544	164244245	1
2	164244246	164256982	0
2	164256983	164322625	1
2	164322626	164345394	0
2	164345395	164345500	2
2	164345501	164490250	0
2	164490251	164598904	2
2	164598905	164604377	3
2	164604378	164707899	1
2	164707900	164727777	0
2	164727778	164729747	2
2	164729748	164740219	3
2	164740220	164762743	1
2	164762744	164762958	0
2	164762959	164766126	2
2	164766127	164774797	0
2	164774798	164893410	1
2	164893411	164961245	0
2	164961246	164984135	1
2	164984136	164984237	3
2	164984238	164989887	1
2	164989888	164989993	3
2	164989994	164992366	1
2	164992367	165047682	0
2	165047683	165112475	2
2	165112476	165947519	0
2	165947520	165980713	1
2	165980714	165980845	3
2	165980846	166069508	1
2	166069509	166134624	0
2	166134625	166207487	1
2	166207488	166316801	0
2	166316802	166343641	2
2	166343642	166343702	3
2	166343703	166493431	2
2	166493432	167040464	0
2	167040465	167040627	2
2	167040628	167174620	0
2	167174621	167175075	1
2	167175076	167182551	0
2	167182552	167182682	2
2	167182683	167230328	0
2	167230329	167253700	2
2	167253701	167269577	0
2	167269578	167273379	1
2	167273380	167273485	3
2	167273486	167273796	1
2	167273797	167273876	3
2	167273877	167287509	1
2	167287510	167307982	0
2	167307983	167336810	2
2	167336811	167348823	0
2	167348824	167398914	1
2	167398915	167403968	0
2	167403969	167404074	2
2	167404075	167418638	0
2	167418639	167481669	1
2	167481670	167676155	0
2	167676156	167679027	2
2	167679028	167708763	0
2	167708764	167740734	2
2	167740735	167764386	0
2	167764387	167766352	1
2	167766353	167903877	0
2	167903878	167905022	1
2	167905023	168187646	0
2	168187647	168188125	1
2	168188126	168198461	0
2	168198462	168242009	1
2	168242010	168266875	0
2	168266876	168273617	1
2	168273618	168280286	0
2	168280287	168285300	2
2	168285301	168355011	0
2	168355012	168362320	2
2	168362321	168374118	0
2	168374119	168381526	2
2	168381527	168394914	0
2	168394915	168405977	1
2	168405978	168408122	0
2	168408123	168424520	2
2	168424521	168478436	0
2	168478437	168478824	1
2	168478825	168478962	3
2	168478963	168682730	2
2	168682731	169089515	0
2	169089516	169097061	2
2	169097062	169197417	0
2	169197418	169206628	1
2	169206629	169258287	0
2	169258288	169391709	1
2	169391710	169433538	0
2	169433539	169496094	1
2	169496095	169500632	0
2	169500633	169652925	1
2	169652926	169790945	0
2	169790946	169827894	1
2	169827895	169827949	0
2	169827950	169840197	2
2	169840198	169843799	0
2	169843800	169923140	1
2	169923141	169939323	0
2	169939324	169940867	2
2	169940868	170015182	0
2	170015183	170052479	2
2	170052480	170149692	0
2	170149693	170296928	2
2	170296929	170300180	3
2	170300181	170309939	2
2	170309940	170310456	0
2	170310457	170311266	1
2	170311267	170790709	0
2	170790710	170792620	1
2	170792621	170930540	0
2	170930541	171016693	2
2	171016694	171021244	0
2	171021245	171265846	1
2	171265847	171356249	0
2	171356250	171377968	2
2	171377969	171387018	3
2	171387019	171515559	2
2	171515560	171524498	0
2	171524499	171529053	1
2	171529054	171621505	0
2	171621506	171676725	2
2	171676726	171676828	3
2	171676829	171946571	2
2	171946572	171949653	3
2	171949654	172202722	2
2	172202723	172208704	0
2	172208705	172338248	1
2	172338249	172347858	0
2	172347859	172348021	2
2	172348022	172420537	0
2	172420538	172423314	1
2	172423315	172423580	0
2	172423581	172427087	1
2	172427088	172499881	0
2	172499882	172501377	2
2	172501378	172509692	0
2	172509693	172509820	2
2	172509821	172525243	0
2	172525244	172615297	1
2	172615298	172683384	0
2	172683385	172683517	1
2	172683518	172694306	0
2	172694307	172707049	1
2	172707050	172728558	0
2	172728559	172730746	2
2	172730747	172790932	0
2	172790933	172829751	2
2	172829752	172881446	0
2	172881447	172913146	2
2	172913147	172965586	0
2	172965587	172980312	2
2	172980313	172991831	0
2	172991832	173004434	2
2	173004435	173025094	0
2	173025095	173025483	1
2	173025484	173029692	0
2	173029693	173031249	2
2	173031250	173043650	0
2	173043651	173043776	1
2	173043777	173074366	0
2	173074367	173194790	2
2	173194791	173196008	3
2	173196009	173207446	1
2	173207447	173207662	0
2	173207663	173227438	1
2	173227439	173236961	0
2	173236962	173253768	1
2	173253769	173255412	0
2	173255413	173274798	2
2	173274799	173312251	0
2	173312252	173318808	2
2	173318809	173326257	0
2	173326258	173351823	1
2	173351824	173370463	0
2	173370464	173379745	2
2	173379746	173383222	0
2	173383223	173388623	2
2	173388624	173389246	3
2	173389247	173396778	1
2	173396779	173397019	3
2	173397020	173397277	1
2	173397278	173406612	2
2	173406613	173416855	0
2	173416856	173421377	2
2	173421378	173438732	0
2	173438733	173447775	2
2	173447776	173454480	0
2	173454481	173467458	1
2	173467459	173491158	0
2	173491159	173496586	1
2	173496587	173499693	0
2	173499694	173508311	2
2	173508312	173509895	0
2	173509896	173518682	2
2	173518683	173518969	0
2	173518970	173521038	1
2	173521039	173524598	0
2	173524599	173533105	1
2	173533106	173542108	0
2	173542109	173583954	2
2	173583955	173598392	0
2	173598393	173604417	1
2	173604418	173606488	0
2	173606489	173634455	2
2	173634456	173640201	0
2	173640202	173641314	1
2	173641315	173677128	0
2	173677129	173677235	1
2	173677236	173704560	0
2	173704561	173717319	1
2	173717320	173748228	0
2	173748229	173750749	1
2	173750750	173753784	0
2	173753785	173765402	1
2	173765403	173765696	0
2	173765697	173790755	2
2	173790756	173794253	0
2	173794254	173798265	2
2	173798266	173799958	3
2	173799959	173803044	1
2	173803045	173805017	0
2	173805018	173832100	2
2	173832101	173833878	0
2	173833879	173838454	2
2	173838455	173838516	0
2	173838517	173839493	1
2	173839494	173848072	0
2	173848073	173868268	1
2	173868269	173868318	0
2	173868319	173883018	1
2	173883019	173896437	0
2	173896438	173914440	1
2	173914441	173939749	0
2	173939750	173960421	1
2	173960422	173989854	0
2	173989855	173997375	2
2	173997376	174000321	0
2	174000322	174006420	1
2	174006421	174008546	0
2	174008547	174012775	1
2	174012776	174013011	3
2	174013012	174028057	2
2	174028058	174048458	0
2	174048459	174057040	2
2	174057041	174062974	0
2	174062975	174118353	2
2	174118354	174149139	0
2	174149140	174157424	2
2	174157425	174157533	3
2	174157534	174177502	2
2	174177503	174180846	0
2	174180847	174195453	2
2	174195454	174206189	0
2	174206190	174231962	1
2	174231963	174233459	0
2	174233460	174301859	2
2	174301860	174306632	3
2	174306633	174310214	1
2	174310215	174318981	0
2	174318982	174346148	1
2	174346149	174346459	3
2	174346460	174483053	2
2	174483054	174486663	0
2	174486664	174507774	1
2	174507775	174543037	0
2	174543038	174551678	2
2	174551679	174551868	3
2	174551869	174565964	1
2	174565965	174570651	0
2	174570652	174588983	2
2	174588984	174589335	0
2	174589336	174595279	2
2	174595280	174598489	0
2	174598490	174604358	1
2	174604359	174609401	0
2	174609402	174615459	2
2	174615460	174618261	3
2	174618262	174620980	1
2	174620981	174621810	0
2	174621811	174633592	2
2	174633593	174633888	0
2	174633889	174633970	1
2	174633971	174635993	0
2	174635994	174640731	2
2	174640732	174641494	0
2	174641495	174654139	1
2	174654140	174654217	0
2	174654218	174658403	2
2	174658404	174676361	0
2	174676362	174677666	2
2	174677667	174677706	0
2	174677707	174680364	1
2	174680365	174681680	0
2	174681681	174690864	1
2	174690865	174693396	0
2	174693397	174694781	1
2	174694782	174729762	0
2	174729763	174738734	1
2	174738735	174748722	0
2	174748723	174752977	1
2	174752978	174754631	0
2	174754632	174765111	1
2	174765112	174765348	0
2	174765349	174781804	1
2	174781805	174781900	0
2	174781901	174795830	2
2	174795831	174797451	0
2	174797452	174814234	1
2	174814235	174819451	0
2	174819452	174828975	1
2	174828976	174833048	0
2	174833049	174837634	1
2	174837635	174837928	0
2	174837929	174849534	2
2	174849535	174849934	0
2	174849935	174854756	2
2	174854757	174856395	0
2	174856396	174868917	2
2	174868918	174876655	0
2	174876656	174886362	2
2	174886363	174936627	0
2	174936628	175081143	2
2	175081144	175138401	0
2	175138402	175178280	2
2	175178281	175181400	0
2	175181401	175189617	1
2	175189618	175189645	0
2	175189646	175192095	2
2	175192096	175196683	3
2	175196684	175198550	1
2	175198551	175198871	0
2	175198872	175207940	2
2	175207941	175262440	0
2	175262441	175286667	2
2	175286668	175298684	0
2	175298685	175347534	1
2	175347535	175378515	0
2	175378516	175401881	1
2	175401882	175403261	0
2	175403262	175406813	1
2	175406814	175434236	0
2	175434237	175437712	1
2	175437713	175438701	0
2	175438702	175493996	1
2	175493997	175494302	0
2	175494303	175510661	2
2	175510662	175514798	0
2	175514799	175514875	2
2	175514876	175517224	0
2	175517225	175545011	2
2	175545012	175547986	0
2	175547987	175665330	2
2	175665331	175665851	0
2	175665852	175666962	1
2	175666963	175675003	0
2	175675004	175680034	2
2	175680035	175684991	0
2	175684992	175690106	2
2	175690107	175690333	0
2	175690334	175695930	1
2	175695931	175703439	0
2	175703440	175709056	2
2	175709057	175709608	0
2	175709609	175736424	2
2	175736425	175749431	0
2	175749432	175825540	2
2	175825541	175826025	0
2	175826026	175827518	1
2	175827519	175828258	3
2	175828259	175828607	2
2	175828608	175853239	0
2	175853240	175857907	1
2	175857908	175859438	0
2	175859439	175911707	1
2	175911708	175920971	0
2	175920972	175921928	1
2	175921929	175934179	0
2	175934180	175949503	1
2	175949504	175952184	0
2	175952185	175971255	2
2	175971256	175971335	3
2	175971336	175974229	1
2	175974230	175981269	0
2	175981270	175992746	1
2	175992747	175993920	0
2	175993921	175999542	1
2	175999543	176008393	0
2	176008394	176010421	2
2	176010422	176016266	0
2	176016267	176022115	2
2	176022116	176031749	0
2	176031750	176031853	2
2	176031854	176049518	0
2	176049519	176049730	2
2	176049731	176049882	3
2	176049883	176089700	2
2	176089701	176091802	0
2	176091803	176093252	2
2	176093253	176097537	0
2	176097538	176099544	2
2	176099545	176100897	0
2	176100898	176102178	2
2	176102179	176111982	0
2	176111983	176117403	2
2	176117404	176151286	0
2	176151287	176156439	2
2	176156440	176167122	0
2	176167123	176167641	2
2	176167642	176176602	0
2	176176603	176188372	2
2	176188373	176190359	0
2	176190360	176193228	1
2	176193229	176218517	0
2	176218518	176242249	2
2	176242250	176322707	0
2	176322708	176322850	1
2	176322851	176506298	0
2	176506299	176509194	2
2	176509195	176517498	0
2	176517499	176520438	2
2	176520439	176748271	0
2	176748272	176751622	1
2	176751623	176855730	0
2	176855731	176874160	2
2	176874161	177477405	0
2	177477406	177490734	2
2	177490735	177558250	0
2	177558251	177559805	1
2	177559806	177599481	0
2	177599482	177600847	1
2	177600848	177609226	0
2	177609227	177609603	1
2	177609604	177686037	0
2	177686038	177689883	2
2	177689884	177719574	0
2	177719575	177719843	2
2	177719844	177777847	0
2	177777848	177778119	1
2	177778120	177815962	0
2	177815963	177816234	2
2	177816235	177852822	0
2	177852823	177853094	2
2	177853095	177870432	0
2	177870433	177870677	1
2	177870678	177904795	0
2	177904796	177905025	2
2	177905026	177937626	0
2	177937627	177937883	2
2	177937884	177949290	0
2	177949291	177950345	2
2	177950346	177967525	0
2	177967526	177967770	2
2	177967771	177989972	0
2	177989973	177990202	2
2	177990203	178000773	0
2	178000774	178001045	2
2	178001046	178009128	0
2	178009129	178009565	1
2	178009566	178027423	0
2	178027424	178029889	1
2	178029890	178055094	0
2	178055095	178057061	1
2	178057062	178082869	0
2	178082870	178083102	1
2	178083103	178116571	0
2	178116572	178116855	1
2	178116856	178147059	0
2	178147060	178149098	1
2	178149099	178160125	0
2	178160126	178165999	1
2	178166000	178182846	0
2	178182847	178183133	1
2	178183134	178194316	0
2	178194317	178194561	1
2	178194562	178232731	0
2	178232732	178233153	1
2	178233154	178238256	0
2	178238257	178238669	1
2	178238670	178256211	0
2	178256212	178257983	1
2	178257984	178275018	0
2	178275019	178275467	1
2	178275468	178284624	0
2	178284625	178286344	2
2	178286345	178293242	0
2	178293243	178293643	1
2	178293644	178305784	0
2	178305785	178307370	1
2	178307371	178322767	0
2	178322768	178323156	1
2	178323157	178344832	0
2	178344833	178345191	1
2	178345192	178356166	0
2	178356167	178356555	1
2	178356556	178367380	0
2	178367381	178367772	1
2	178367773	178381232	0
2	178381233	178381621	1
2	178381622	178418022	0
2	178418023	178418423	1
2	178418424	178429921	0
2	178429922	178434219	1
2	178434220	178462098	0
2	178462099	178463431	1
2	178463432	178481371	0
2	178481372	178483422	1
2	178483423	178497466	0
2	178497467	178499167	2
2	178499168	178542734	0
2	178542735	178543003	1
2	178543004	178550954	0
2	178550955	178551250	2
2	178551251	178554713	0
2	178554714	178554816	1
2	178554817	178561988	0
2	178561989	178562284	2
2	178562285	178579160	0
2	178579161	178579456	2
2	178579457	178583631	0
2	178583632	178583732	1
2	178583733	178590375	0
2	178590376	178590671	2
2	178590672	178598014	0
2	178598015	178598310	2
2	178598311	178616225	0
2	178616226	178616521	2
2	178616522	178634090	0
2	178634091	178634392	1
2	178634393	178637493	0
2	178637494	178638695	1
2	178638696	178666385	0
2	178666386	178668402	1
2	178668403	178731794	0
2	178731795	178736214	2
2	178736215	178787277	0
2	178787278	178802415	2
2	178802416	178888796	0
2	178888797	178912488	2
2	178912489	178967146	0
2	178967147	178979327	2
2	178979328	179060015	0
2	179060016	179065908	2
2	179065909	179105261	0
2	179105262	179106462	2
2	179106463	179109607	0
2	179109608	179110983	2
2	179110984	179135794	0
2	179135795	179138200	2
2	179138201	179165812	0
2	179165813	179167271	1
2	179167272	179191713	0
2	179191714	179197042	2
2	179197043	179220885	0
2	179220886	179229659	2
2	179229660	179342670	0
2	179342671	179343764	1
2	179343765	179417653	0
2	179417654	179418747	2
2	179418748	179475490	0
2	179475491	179476584	2
2	179476585	179520407	0
2	179520408	179521540	2
2	179521541	179601832	0
2	179601833	179602962	1
2	179602963	179683725	0
2	179683726	179684835	2
2	179684836	179807652	0
2	179807653	179808902	1
2	179808903	179913872	0
2	179913873	179914828	2
2	179914829	180190555	0
2	180190556	180217842	1
2	180217843	180251262	0
2	180251263	180251807	2
2	180251808	180340394	0
2	180340395	180341122	1
2	180341123	180352854	0
2	180352855	180353936	1
2	180353937	180391515	0
2	180391516	180392582	1
2	180392583	180904269	0
2	180904270	180905399	1
2	180905400	180934805	0
2	180934806	180935938	1
2	180935939	181198464	0
2	181198465	181199911	2
2	181199912	181369390	0
2	181369391	181370523	1
2	181370524	181375762	0
2	181375763	181376895	2
2	181376896	181405817	0
2	181405818	181406947	2
2	181406948	181528081	0
2	181528082	181529211	1
2	181529212	181593745	0
2	181593746	181594878	2
2	181594879	181628089	0
2	181628090	181629169	2
2	181629170	181683384	0
2	181683385	181684466	2
2	181684467	181736351	0
2	181736352	181737481	2
2	181737482	181808331	0
2	181808332	181809461	1
2	181809462	181837103	0
2	181837104	181953548	1
2	181953549	181972800	3
2	181972801	181980781	1
2	181980782	181985534	3
2	181985535	181997076	1
2	181997077	182002085	3
2	182002086	182004261	1
2	182004262	182009284	0
2	182009285	182040785	2
2	182040786	182049213	0
2	182049214	182070753	2
2	182070754	182073213	0
2	182073214	182076367	1
2	182076368	182082397	3
2	182082398	182087093	2
2	182087094	182089090	0
2	182089091	182092686	2
2	182092687	182101793	0
2	182101794	182110317	1
2	182110318	182116071	0
2	182116072	182130161	2
2	182130162	182135903	0
2	182135904	182218904	1
2	182218905	182221337	0
2	182221338	182233996	1
2	182233997	182254730	0
2	182254731	182255593	1
2	182255594	182260396	0
2	182260397	182306190	1
2	182306191	182308712	0
2	182308713	182334643	1
2	182334644	182339358	0
2	182339359	182339851	2
2	182339852	182365203	0
2	182365204	182377345	1
2	182377346	182380766	0
2	182380767	182440705	2
2	182440706	182442754	0
2	182442755	182445744	1
2	182445745	182451259	0
2	182451260	182451475	2
2	182451476	182493976	0
2	182493977	182504592	2
2	182504593	182521200	0
2	182521201	182528715	2
2	182528716	182536905	0
2	182536906	182540246	1
2	182540247	182540565	0
2	182540566	182572660	2
2	182572661	182572678	3
2	182572679	182588486	2
2	182588487	182593207	0
2	182593208	182598656	2
2	182598657	182598932	0
2	182598933	182608192	1
2	182608193	182628298	0
2	182628299	182671596	1
2	182671597	182678607	0
2	182678608	182690180	2
2	182690181	182695707	0
2	182695708	182700346	2
2	182700347	182700538	3
2	182700539	182704833	1
2	182704834	182704914	0
2	182704915	182709376	2
2	182709377	182710410	3
2	182710411	182726758	1
2	182726759	182733664	0
2	182733665	182736397	2
2	182736398	182737472	0
2	182737473	182746854	2
2	182746855	182755302	0
2	182755303	182758448	1
2	182758449	182761357	0
2	182761358	182795107	1
2	182795108	182795380	0
2	182795381	182795788	1
2	182795789	182797197	3
2	182797198	182804923	1
2	182804924	182809749	3
2	182809750	182811367	2
2	182811368	182813606	3
2	182813607	182814026	2
2	182814027	182814791	0
2	182814792	182818510	1
2	182818511	182818593	0
2	182818594	182828586	1
2	182828587	182830576	0
2	182830577	182859334	1
2	182859335	182860470	0
2	182860471	182872927	2
2	182872928	182873013	3
2	182873014	182883372	1
2	182883373	182890491	0
2	182890492	182898736	2
2	182898737	182929525	3
2	182929526	182933312	2
2	182933313	182943947	0
2	182943948	182944053	2
2	182944054	182957022	0
2	182957023	182977554	1
2	182977555	182977937	3
2	182977938	182988078	2
2	182988079	182997734	0
2	182997735	183056578	2
2	183056579	183058567	0
2	183058568	183069548	2
2	183069549	183086435	0
2	183086436	183114481	2
2	183114482	183116714	0
2	183116715	183152381	2
2	183152382	183153299	0
2	183153300	183179631	2
2	183179632	183179730	3
2	183179731	183183081	2
2	183183082	183185550	0
2	183185551	183194845	2
2	183194846	183219218	0
2	183219219	183222301	2
2	183222302	183229642	0
2	183229643	183230769	1
2	183230770	183235644	0
2	183235645	183246846	1
2	183246847	183287320	0
2	183287321	183292669	1
2	183292670	183293095	0
2	183293096	183367405	1
2	183367406	183368159	0
2	183368160	183378256	2
2	183378257	183378716	0
2	183378717	183403487	1
2	183403488	183406790	0
2	183406791	183414370	1
2	183414371	183414509	0
2	183414510	183415671	1
2	183415672	183419817	0
2	183419818	183423311	1
2	183423312	183424982	0
2	183424983	183435087	1
2	183435088	183438432	0
2	183438433	183441665	2
2	183441666	183441953	3
2	183441954	183449691	1
2	183449692	183456126	0
2	183456127	183456268	2
2	183456269	183472607	0
2	183472608	183489052	2
2	183489053	183518701	0
2	183518702	183520857	1
2	183520858	183544497	0
2	183544498	183552783	1
2	183552784	183555919	0
2	183555920	183616293	1
2	183616294	183662161	0
2	183662162	183718672	2
2	183718673	183723528	0
2	183723529	183732146	2
2	183732147	183732752	0
2	183732753	183737957	2
2	183737958	183741545	0
2	183741546	183756925	2
2	183756926	183758439	0
2	183758440	183779557	1
2	183779558	183781574	3
2	183781575	183795502	2
2	183795503	183809467	3
2	183809468	183809709	0
2	183809710	183810380	2
2	183810381	183825992	0
2	183825993	183832046	1
2	183832047	183837301	0
2	183837302	183837750	2
2	183837751	183838332	0
2	183838333	183841527	2
2	183841528	183842049	0
2	183842050	183844320	2
2	183844321	183851075	0
2	183851076	183859992	1
2	183859993	183873639	0
2	183873640	183874548	1
2	183874549	183878278	0
2	183878279	183886556	2
2	183886557	183901210	0
2	183901211	183901374	2
2	183901375	183918091	0
2	183918092	183918201	2
2	183918202	183939157	0
2	183939158	183939320	1
2	183939321	183943022	0
2	183943023	183943185	2
2	183943186	184004616	0
2	184004617	184004866	1
2	184004867	184008235	0
2	184008236	184008399	2
2	184008400	184015107	0
2	184015108	184015271	1
2	184015272	184019210	0
2	184019211	184019585	2
2	184019586	184039612	0
2	184039613	184039775	1
2	184039776	184041276	0
2	184041277	184041439	2
2	184041440	184065968	0
2	184065969	184069848	2
2	184069849	184092420	0
2	184092421	184092617	1
2	184092618	184092989	0
2	184092990	184096884	2
2	184096885	184112508	0
2	184112509	184129117	1
2	184129118	184129236	0
2	184129237	184135114	2
2	184135115	184136036	0
2	184136037	184161914	2
2	184161915	184165191	0
2	184165192	184167957	2
2	184167958	184172002	0
2	184172003	184174642	2
2	184174643	184174812	3
2	184174813	184181493	2
2	184181494	184182217	0
2	184182218	184182407	1
2	184182408	184182867	0
2	184182868	184202170	2
2	184202171	184207069	0
2	184207070	184227061	2
2	184227062	184232569	0
2	184232570	184241466	2
2	184241467	184241478	3
2	184241479	184243958	1
2	184243959	184246202	0
2	184246203	184262206	1
2	184262207	184262369	0
2	184262370	184329821	2
2	184329822	184340597	0
2	184340598	184375832	1
2	184375833	184376159	0
2	184376160	184401436	2
2	184401437	184407512	3
2	184407513	184445582	1
2	184445583	184490838	0
2	184490839	184492454	1
2	184492455	184564473	0
2	184564474	184621950	2
2	184621951	184628690	0
2	184628691	184633117	2
2	184633118	184691837	0
2	184691838	184692924	1
2	184692925	184711617	0
2	184711618	184733015	2
2	184733016	184760616	0
2	184760617	184786433	1
2	184786434	184833546	0
2	184833547	184836762	1
2	184836763	184841780	3
2	184841781	184844742	1
2	184844743	184846376	3
2	184846377	184848194	2
2	184848195	184905202	0
2	184905203	184905414	1
2	184905415	184957002	0
2	184957003	184957964	1
2	184957965	184987632	0
2	184987633	184994896	1
2	184994897	185139306	0
2	185139307	185217593	1
2	185217594	185222202	0
2	185222203	185249691	2
2	185249692	185257211	0
2	185257212	185269870	2
2	185269871	185272085	0
2	185272086	185273757	1
2	185273758	185280424	0
2	185280425	185284590	1
2	185284591	185293212	0
2	185293213	185468377	1
2	185468378	185500002	0
2	185500003	185522024	2
2	185522025	185576798	0
2	185576799	185607831	2
2	185607832	185610587	0
2	185610588	185744086	2
2	185744087	185752070	0
2	185752071	185755597	2
2	185755598	185821208	0
2	185821209	185833351	2
2	185833352	185875614	0
2	185875615	185902128	2
2	185902129	185906964	0
2	185906965	185935942	1
2	185935943	185970574	0
2	185970575	186001039	2
2	186001040	186008941	0
2	186008942	186020391	1
2	186020392	186063304	0
2	186063305	186074457	1
2	186074458	186095895	0
2	186095896	186101850	1
2	186101851	186138042	0
2	186138043	186144031	1
2	186144032	186169861	0
2	186169862	186175997	1
2	186175998	186188622	0
2	186188623	186200502	2
2	186200503	186202947	3
2	186202948	186224423	1
2	186224424	186230389	0
2	186230390	186233056	1
2	186233057	186400855	0
2	186400856	186401085	1
2	186401086	186431515	0
2	186431516	186431644	1
2	186431645	186442542	0
2	186442543	186442668	1
2	186442669	186459442	0
2	186459443	186543569	2
2	186543570	186576674	0
2	186576675	186687661	2
2	186687662	187243043	0
2	187243044	187243234	1
2	187243235	187264007	0
2	187264008	187505814	2
2	187505815	187510499	3
2	187510500	187528430	1
2	187528431	187528511	0
2	187528512	187585268	2
2	187585269	187853022	0
2	187853023	187894742	1
2	187894743	187951615	0
2	187951616	188096330	1
2	188096331	188253592	0
2	188253593	188321656	2
2	188321657	188349742	0
2	188349743	188359202	2
2	188359203	188366329	0
2	188366330	188397687	1
2	188397688	188422349	0
2	188422350	188459500	1
2	188459501	188469519	0
2	188469520	188544793	1
2	188544794	188571801	0
2	188571802	188573258	2
2	188573259	188710898	0
2	188710899	188724024	1
2	188724025	188811378	0
2	188811379	188899643	2
2	188899644	188998662	0
2	188998663	189015030	2
2	189015031	189020720	0
2	189020721	189048835	1
2	189048836	189048986	0
2	189048987	189064260	2
2	189064261	189248893	0
2	189248894	189271650	1
2	189271651	189298830	0
2	189298831	189358790	1
2	189358791	189442709	0
2	189442710	189449623	2
2	189449624	189456551	0
2	189456552	189500160	2
2	189500161	189525958	0
2	189525959	189582265	2
2	189582266	189589227	0
2	189589228	189637617	1
2	189637618	189901056	0
2	189901057	189954450	2
2	189954451	190177739	0
2	190177740	190219658	2
2	190219659	190224674	0
2	190224675	190229557	1
2	190229558	190296952	0
2	190296953	190456735	1
2	190456736	190462254	0
2	190462255	190481209	1
2	190481210	190518000	0
2	190518001	190525830	2
2	190525831	190534381	0
2	190534382	190534533	2
2	190534534	190554978	0
2	190554979	190582782	2
2	190582783	190582916	0
2	190582917	190591624	2
2	190591625	190598698	0
2	190598699	190619936	2
2	190619937	190622938	0
2	190622939	190690486	2
2	190690487	190692459	0
2	190692460	190700387	2
2	190700388	190729104	0
2	190729105	190729528	2
2	190729529	190807241	0
2	190807242	190888812	2
2	190888813	190890624	0
2	190890625	190890662	2
2	190890663	190892627	3
2	190892628	190892741	1
2	190892742	190921002	0
2	190921003	190921106	2
2	190921107	190988676	0
2	190988677	190988942	2
2	190988943	191093005	0
2	191093006	191149954	2
2	191149955	191176446	0
2	191176447	191176543	2
2	191176544	191236858	0
2	191236859	191242488	1
2	191242489	191244219	0
2	191244220	191247048	1
2	191247049	191248317	0
2	191248318	191248815	2
2	191248816	191255752	3
2	191255753	191298900	1
2	191298901	191309911	0
2	191309912	191318421	1
2	191318422	191318480	0
2	191318481	191330529	2
2	191330530	191338957	0
2	191338958	191344076	2
2	191344077	191366806	0
2	191366807	191414777	2
2	191414778	191416629	0
2	191416630	191470709	2
2	191470710	191473128	0
2	191473129	191512076	2
2	191512077	191518504	0
2	191518505	191704270	1
2	191704271	191704410	3
2	191704411	191716733	1
2	191716734	191847171	0
2	191847172	191861639	1
2	191861640	191921572	0
2	191921573	191922644	2
2	191922645	191949817	0
2	191949818	192012577	1
2	192012578	192089413	0
2	192089414	192089517	1
2	192089518	192123071	0
2	192123072	192124091	2
2	192124092	192124287	0
2	192124288	192144609	2
2	192144610	192187386	0
2	192187387	192187486	2
2	192187487	192267091	0
2	192267092	192274017	1
2	192274018	192278515	0
2	192278516	192283880	2
2	192283881	192287128	0
2	192287129	192293468	2
2	192293469	192295304	3
2	192295305	192315081	1
2	192315082	192319700	0
2	192319701	192364478	1
2	192364479	192364592	0
2	192364593	192453822	2
2	192453823	192469274	3
2	192469275	192487188	2
2	192487189	192507961	0
2	192507962	192541099	1
2	192541100	192541412	0
2	192541413	192561206	2
2	192561207	192563964	0
2	192563965	192589815	2
2	192589816	192590245	3
2	192590246	192595535	2
2	192595536	192596167	0
2	192596168	192600581	2
2	192600582	192609038	3
2	192609039	192623694	2
2	192623695	192937948	0
2	192937949	193155343	2
2	193155344	193158821	0
2	193158822	193166772	1
2	193166773	193185273	0
2	193185274	193200640	2
2	193200641	193208633	0
2	193208634	193286499	1
2	193286500	193338948	0
2	193338949	193412969	2
2	193412970	193415103	3
2	193415104	193420028	1
2	193420029	193422583	0
2	193422584	193424030	1
2	193424031	193424045	0
2	193424046	193435416	1
2	193435417	193435466	0
2	193435467	193445518	2
2	193445519	193475780	0
2	193475781	193493137	1
2	193493138	193495682	0
2	193495683	193498209	1
2	193498210	193602119	0
2	193602120	193603082	2
2	193603083	193614112	0
2	193614113	193656531	2
2	193656532	193698633	0
2	193698634	193711507	1
2	193711508	193812429	0
2	193812430	193825511	2
2	193825512	193857342	0
2	193857343	193879307	1
2	193879308	193924972	0
2	193924973	193947437	1
2	193947438	193973229	0
2	193973230	193992268	2
2	193992269	193993445	0
2	193993446	194035576	1
2	194035577	194035816	0
2	194035817	194063401	2
2	194063402	194065299	0
2	194065300	194069614	2
2	194069615	194230949	0
2	194230950	194322481	2
2	194322482	194352137	0
2	194352138	194399655	1
2	194399656	194443683	0
2	194443684	194444633	1
2	194444634	194632194	0
2	194632195	194650136	2
2	194650137	194700573	0
2	194700574	194700926	2
2	194700927	194704637	0
2	194704638	194718398	2
2	194718399	194786498	0
2	194786499	194798573	2
2	194798574	194828737	0
2	194828738	194839094	1
2	194839095	194853989	0
2	194853990	194859248	1
2	194859249	194900036	0
2	194900037	194905393	2
2	194905394	194911234	0
2	194911235	194933115	2
2	194933116	194936665	0
2	194936666	194939782	1
2	194939783	194945972	0
2	194945973	194954701	1
2	194954702	194969280	0
2	194969281	194969635	1
2	194969636	195071767	0
2	195071768	195099231	1
2	195099232	195107436	0
2	195107437	195155695	1
2	195155696	195191718	0
2	195191719	195193873	1
2	195193874	195231195	0
2	195231196	195241607	2
2	195241608	195248384	0
2	195248385	195267964	1
2	195267965	195268479	3
2	195268480	195269816	2
2	195269817	195294151	0
2	195294152	195345813	1
2	195345814	195377213	0
2	195377214	195411702	1
2	195411703	195514690	0
2	195514691	195528083	2
2	195528084	195531493	0
2	195531494	195534551	2
2	195534552	195544424	0
2	195544425	195628959	1
2	195628960	195649843	0
2	195649844	195655409	1
2	195655410	195673355	0
2	195673356	195673486	2
2	195673487	195680002	0
2	195680003	195685321	1
2	195685322	195689396	0
2	195689397	195689472	2
2	195689473	195707608	0
2	195707609	195720269	1
2	195720270	195726760	0
2	195726761	195735864	2
2	195735865	195742640	0
2	195742641	195759836	1
2	195759837	195759942	3
2	195759943	195780740	1
2	195780741	195780797	0
2	195780798	195782490	2
2	195782491	195782750	0
2	195782751	195789619	1
2	195789620	195823040	0
2	195823041	195829583	2
2	195829584	195834738	0
2	195834739	195838241	1
2	195838242	195838979	0
2	195838980	195847313	1
2	195847314	195849060	0
2	195849061	195863792	1
2	195863793	195896363	0
2	195896364	195919729	2
2	195919730	195924097	0
2	195924098	196002352	2
2	196002353	196005323	0
2	196005324	196018822	2
2	196018823	196022359	0
2	196022360	196026872	2
2	196026873	196029432	0
2	196029433	196053843	1
2	196053844	196065428	0
2	196065429	196078965	1
2	196078966	196079094	3
2	196079095	196081275	1
2	196081276	196091644	0
2	196091645	196135326	1
2	196135327	196135451	3
2	196135452	196159222	1
2	196159223	196159653	3
2	196159654	196166007	1
2	196166008	196168714	3
2	196168715	196184805	2
2	196184806	196188991	0
2	196188992	196189607	2
2	196189608	196190016	3
2	196190017	196190022	1
2	196190023	196192183	0
2	196192184	196198156	1
2	196198157	196205236	0
2	196205237	196287737	2
2	196287738	196296391	0
2	196296392	196326911	2
2	196326912	196327147	0
2	196327148	196375152	1
2	196375153	196386465	0
2	196386466	196393351	1
2	196393352	196393533	0
2	196393534	196432307	2
2	196432308	196442632	0
2	196442633	196485669	1
2	196485670	196496883	0
2	196496884	196499542	2
2	196499543	196502458	0
2	196502459	196529651	1
2	196529652	196529789	3
2	196529790	196537692	1
2	196537693	196553223	0
2	196553224	196562248	1
2	196562249	196562364	0
2	196562365	196565507	2
2	196565508	196570007	0
2	196570008	196571856	2
2	196571857	196582335	0
2	196582336	196586742	1
2	196586743	196586795	0
2	196586796	196599736	2
2	196599737	196608497	0
2	196608498	196663369	1
2	196663370	196711635	0
2	196711636	196756825	2
2	196756826	196761272	0
2	196761273	196799229	2
2	196799230	197011829	0
2	197011830	197354319	2
2	197354320	197403000	0
2	197403001	197403142	2
2	197403143	197463943	0
2	197463944	197826995	1
2	197826996	197827445	0
2	197827446	197827775	1
2	197827776	197901212	0
2	197901213	197902285	1
2	197902286	197927218	0
2	197927219	197933646	1
2	197933647	198140789	0
2	198140790	198140849	2
2	198140850	198260991	0
2	198260992	198261091	1
2	198261092	198796164	0
2	198796165	198796266	2
2	198796267	199391824	0
2	199391825	199408163	2
2	199408164	199806609	0
2	199806610	199806678	1
2	199806679	200122585	0
2	200122586	200122697	1
2	200122698	200984058	0
2	200984059	200984748	1
2	200984749	201261624	0
2	201261625	201270226	1
2	201270227	201290460	0
2	201290461	201299068	1
2	201299069	201317918	0
2	201317919	201326530	1
2	201326531	201344913	0
2	201344914	201353542	1
2	201353543	201382673	0
2	201382674	201397814	1
2	201397815	201432682	0
2	201432683	201456745	1
2	201456746	201553105	0
2	201553106	201553584	1
2	201553585	201820713	0
2	201820714	202013851	2
2	202013852	202424995	0
2	202424996	202425125	2
2	202425126	202643625	0
2	202643626	202643685	2
2	202643686	202658107	0
2	202658108	202658227	1
2	202658228	202729934	0
2	202729935	202952110	2
2	202952111	203104731	0
2	203104732	203105349	1
2	203105350	203244374	0
2	203244375	203244505	2
2	203244506	203621585	0
2	203621586	203629679	1
2	203629680	203804934	0
2	203804935	203840431	2
2	203840432	203859173	0
2	203859174	203922130	1
2	203922131	203922185	0
2	203922186	203943651	2
2	203943652	204038112	0
2	204038113	204057956	1
2	204057957	204191425	0
2	204191426	204199731	1
2	204199732	204225538	0
2	204225539	204380925	1
2	204380926	204384141	0
2	204384142	204388415	2
2	204388416	204407651	0
2	204407652	204407813	1
2	204407814	204455173	0
2	204455174	204476458	1
2	204476459	204481735	0
2	204481736	204510607	2
2	204510608	204516121	0
2	204516122	204533630	2
2	204533631	204535461	3
2	204535462	204546658	1
2	204546659	204546841	3
2	204546842	204578925	2
2	204578926	204579172	0
2	204579173	204659317	1
2	204659318	204705051	0
2	204705052	204760826	1
2	204760827	204823023	0
2	204823024	204889531	2
2	204889532	204895538	3
2	204895539	204941060	1
2	204941061	204941517	3
2	204941518	204955669	2
2	204955670	205055977	0
2	205055978	205072864	1
2	205072865	205221987	0
2	205221988	205250247	1
2	205250248	205371320	0
2	205371321	205412300	1
2	205412301	205458174	0
2	205458175	205717597	2
2	205717598	205842835	0
2	205842836	205927761	1
2	205927762	206480882	0
2	206480883	206480983	2
2	206480984	206609120	0
2	206609121	207474980	2
2	207474981	207573772	0
2	207573773	207574736	2
2	207574737	207812918	0
2	207812919	207873504	1
2	207873505	208079078	0
2	208079079	208079184	1
2	208079185	208691755	0
2	208691756	208691891	1
2	208691892	209080589	0
2	209080590	209080695	2
2	209080696	209233620	0
2	209233621	209248851	1
2	209248852	209289730	0
2	209289731	209341351	1
2	209341352	209357142	0
2	209357143	209360146	1
2	209360147	209360278	0
2	209360279	209364683	2
2	209364684	209368310	0
2	209368311	209445429	2
2	209445430	209518946	0
2	209518947	209550102	2
2	209550103	209552142	0
2	209552143	209629042	1
2	209629043	209736558	0
2	209736559	209740965	1
2	209740966	209776663	0
2	209776664	209793630	1
2	209793631	209794715	3
2	209794716	209818907	2
2	209818908	209823761	0
2	209823762	209826788	1
2	209826789	209826957	0
2	209826958	209838666	2
2	209838667	209852085	0
2	209852086	209906018	1
2	209906019	210071197	0
2	210071198	210132026	2
2	210132027	210164811	0
2	210164812	210302067	2
2	210302068	210308250	0
2	210308251	210319909	2
2	210319910	210320240	3
2	210320241	210347095	1
2	210347096	210347480	0
2	210347481	210367533	2
2	210367534	210374287	0
2	210374288	210385579	2
2	210385580	210385867	0
2	210385868	210394092	1
2	210394093	210525258	0
2	210525259	210638796	2
2	210638797	210647244	0
2	210647245	210738453	1
2	210738454	210738543	0
2	210738544	210740345	1
2	210740346	210776645	0
2	210776646	210787464	2
2	210787465	210858061	0
2	210858062	210999699	2
2	210999700	211040030	0
2	211040031	211044087	2
2	211044088	211047041	0
2	211047042	211055813	1
2	211055814	211055909	0
2	211055910	211057679	2
2	211057680	211059518	0
2	211059519	211120941	1
2	211120942	211141461	0
2	211141462	211168219	1
2	211168220	211216781	0
2	211216782	211371265	1
2	211371266	211418621	0
2	211418622	211526883	2
2	211526884	211530600	0
2	211530601	211546819	1
2	211546820	211550815	0
2	211550816	211550944	1
2	211550945	211624132	0
2	211624133	211684124	2
2	211684125	211685410	0
2	211685411	211685539	1
2	211685540	211704896	0
2	211704897	211854582	1
2	211854583	212510831	0
2	212510832	212535918	2
2	212535919	212613594	0
2	212613595	212639484	1
2	212639485	212735446	0
2	212735447	212735596	2
2	212735597	212826192	0
2	212826193	212839654	1
2	212839655	213362633	0
2	213362634	213362844	1
2	213362845	213660909	0
2	213660910	213662011	2
2	213662012	213787004	0
2	213787005	214115371	2
2	214115372	214264481	0
2	214264482	214332658	1
2	214332659	214774652	0
2	214774653	214854610	2
2	214854611	215024002	0
2	215024003	215286176	2
2	215286177	215379678	0
2	215379679	215462674	1
2	215462675	215462805	3
2	215462806	215692194	1
2	215692195	215697406	3
2	215697407	215862921	1
2	215862922	215997647	0
2	215997648	216012863	1
2	216012864	216013003	0
2	216013004	216074748	2
2	216074749	216093361	0
2	216093362	216094152	2
2	216094153	216128823	0
2	216128824	216234772	1
2	216234773	216247155	3
2	216247156	216267839	2
2	216267840	216276629	0
2	216276630	216309011	1
2	216309012	216343820	0
2	216343821	216375240	1
2	216375241	216500819	0
2	216500820	216501301	1
2	216501302	217231671	0
2	217231672	217231816	2
2	217231817	217717691	0
2	217717692	217737291	2
2	217737292	217782003	0
2	217782004	217851945	1
2	217851946	218001927	0
2	218001928	218002686	2
2	218002687	218037173	0
2	218037174	218037478	2
2	218037479	218063802	0
2	218063803	218171184	2
2	218171185	218219413	0
2	218219414	218302062	1
2	218302063	218337817	0
2	218337818	218357305	1
2	218357306	218362198	0
2	218362199	218374597	1
2	218374598	218375351	0
2	218375352	218382522	1
2	218382523	218387988	0
2	218387989	218430559	2
2	218430560	218436511	0
2	218436512	218452738	2
2	218452739	218466074	0
2	218466075	218478500	2
2	218478501	218479299	0
2	218479300	218549591	1
2	218549592	218562674	0
2	218562675	218632697	1
2	218632698	218755689	0
2	218755690	218893590	2
2	218893591	218893720	3
2	218893721	219153499	2
2	219153500	219172976	0
2	219172977	219192210	2
2	219192211	219236950	0
2	219236951	219266105	1
2	219266106	219284380	0
2	219284381	219288109	1
2	219288110	219385233	0
2	219385234	219385790	1
2	219385791	219584889	0
2	219584890	219585233	1
2	219585234	219666590	0
2	219666591	219779792	2
2	219779793	219787925	0
2	219787926	219830351	1
2	219830352	219849405	0
2	219849406	219866880	1
2	219866881	219893570	0
2	219893571	219967544	1
2	219967545	219975491	0
2	219975492	219978968	2
2	219978969	220040310	0
2	220040311	220114393	2
2	220114394	220206248	0
2	220206249	220206411	2
2	220206412	220568336	0
2	220568337	220660223	2
2	220660224	220793413	0
2	220793414	220794286	2
2	220794287	221038073	0
2	221038074	221038175	1
2	221038176	221103876	0
2	221103877	221138551	2
2	221138552	221151902	0
2	221151903	221175726	1
2	221175727	221175783	0
2	221175784	221294659	2
2	221294660	221294788	3
2	221294789	221348124	2
2	221348125	221391151	0
2	221391152	221459399	1
2	221459400	221499081	0
2	221499082	221591680	1
2	221591681	221591855	3
2	221591856	221609495	2
2	221609496	221613068	0
2	221613069	221740077	1
2	221740078	221800840	0
2	221800841	221878079	2
2	221878080	221965147	0
2	221965148	221966574	2
2	221966575	221988643	0
2	221988644	222072532	1
2	222072533	222103045	0
2	222103046	222114422	2
2	222114423	222114553	3
2	222114554	222141518	2
2	222141519	222664769	0
2	222664770	222668439	2
2	222668440	222668517	3
2	222668518	222689363	2
2	222689364	223266534	0
2	223266535	223363789	2
2	223363790	223636996	0
2	223636997	223695667	2
2	223695668	223702410	0
2	223702411	223723070	2
2	223723071	223736352	0
2	223736353	223740972	2
2	223740973	223749133	3
2	223749134	223761223	2
2	223761224	223769103	0
2	223769104	223818177	2
2	223818178	223824844	0
2	223824845	223824964	1
2	223824965	223828935	0
2	223828936	223868728	1
2	223868729	223868944	3
2	223868945	223898079	2
2	223898080	223910430	0
2	223910431	224002981	2
2	224002982	224015571	0
2	224015572	224015677	1
2	224015678	224016212	0
2	224016213	224110402	1
2	224110403	224113081	0
2	224113082	224117757	2
2	224117758	224145613	0
2	224145614	224145714	1
2	224145715	224256652	0
2	224256653	224319127	2
2	224319128	224530473	0
2	224530474	224800403	1
2	224800404	225165764	0
2	225165765	225438972	2
2	225438973	225439770	0
2	225439771	225440094	2
2	225440095	225891098	0
2	225891099	225970927	2
2	225970928	226053472	0
2	226053473	226074088	1
2	226074089	226128274	0
2	226128275	226131373	2
2	226131374	226355706	0
2	226355707	226358483	2
2	226358484	226358994	0
2	226358995	226402488	2
2	226402489	226411398	0
2	226411399	226423605	2
2	226423606	226425896	0
2	226425897	226475421	1
2	226475422	226525705	0
2	226525706	226526199	2
2	226526200	226583479	0
2	226583480	226588833	2
2	226588834	226590121	0
2	226590122	226593940	1
2	226593941	226613088	0
2	226613089	226654237	1
2	226654238	226669830	0
2	226669831	226684149	2
2	226684150	226693807	0
2	226693808	226722287	1
2	226722288	226739018	0
2	226739019	226740552	1
2	226740553	226741786	0
2	226741787	226763180	2
2	226763181	226771544	0
2	226771545	226778172	1
2	226778173	226797301	0
2	226797302	226808890	2
2	226808891	226823728	0
2	226823729	226846001	2
2	226846002	226850197	0
2	226850198	226862705	2
2	226862706	226862723	0
2	226862724	226881160	2
2	226881161	226882389	0
2	226882390	226887652	1
2	226887653	226903248	0
2	226903249	226934532	2
2	226934533	226947464	0
2	226947465	226987589	2
2	226987590	226991299	0
2	226991300	227024432	1
2	227024433	227066524	0
2	227066525	227066586	2
2	227066587	227066671	0
2	227066672	227098681	2
2	227098682	227294215	0
2	227294216	227465662	2
2	227465663	227500365	0
2	227500366	227645167	1
2	227645168	227718979	0
2	227718980	227719123	2
2	227719124	227764351	0
2	227764352	228285661	2
2	228285662	228491890	0
2	228491891	228491953	2
2	228491954	228566038	0
2	228566039	228566190	1
2	228566191	228939159	0
2	228939160	228940408	2
2	228940409	229742074	0
2	229742075	229872926	1
2	229872927	229874226	3
2	229874227	229876135	1
2	229876136	230180949	0
2	230180950	230535215	2
2	230535216	230541556	0
2	230541557	230871366	1
2	230871367	230952246	0
2	230952247	231120273	1
2	231120274	231237746	0
2	231237747	231257059	2
2	231257060	231275638	0
2	231275639	231297276	2
2	231297277	231305242	0
2	231305243	231318877	2
2	231318878	231332282	0
2	231332283	231348569	2
2	231348570	231398161	0
2	231398162	231432129	2
2	231432130	231461796	0
2	231461797	231474539	1
2	231474540	231486060	0
2	231486061	231493096	1
2	231493097	231513753	0
2	231513754	231513859	2
2	231513860	231517396	0
2	231517397	231529598	2
2	231529599	231531778	0
2	231531779	231548469	2
2	231548470	231643533	0
2	231643534	231701961	1
2	231701962	231741150	3
2	231741151	231747225	2
2	231747226	231767236	0
2	231767237	231776533	2
2	231776534	231776639	3
2	231776640	231785649	2
2	231785650	231793582	0
2	231793583	231898951	1
2	231898952	233264180	0
2	233264181	233280878	1
2	233280879	233508019	0
2	233508020	233641767	1
2	233641768	233641930	0
2	233641931	233674844	2
2	233674845	233750836	0
2	233750837	233784782	1
2	233784783	233796573	0
2	233796574	233818947	1
2	233818948	233826131	0
2	233826132	233846714	1
2	233846715	233883849	0
2	233883850	233903087	1
2	233903088	233938675	0
2	233938676	233964367	1
2	233964368	233995076	0
2	233995077	234022197	1
2	234022198	234033650	0
2	234033651	234072745	2
2	234072746	234212322	0
2	234212323	234469439	2
2	234469440	234486702	0
2	234486703	234500047	2
2	234500048	234500153	3
2	234500154	234517958	2
2	234517959	234562406	0
2	234562407	234565482	1
2	234565483	234667489	0
2	234667490	234799337	2
2	234799338	234840856	0
2	234840857	234850521	2
2	234850522	234853408	0
2	234853409	234860038	2
2	234860039	234864275	0
2	234864276	234864390	1
2	234864391	234897715	0
2	234897716	234929675	2
2	234929676	234930992	3
2	234930993	234966008	1
2	234966009	235006171	3
2	235006172	235013707	2
2	235013708	235013859	3
2	235013860	235043045	2
2	235043046	235053814	0
2	235053815	235102700	2
2	235102701	235125308	0
2	235125309	235139516	2
2	235139517	235149063	0
2	235149064	235193355	2
2	235193356	235269675	0
2	235269676	235280360	2
2	235280361	235281038	0
2	235281039	235281136	1
2	235281137	235298086	0
2	235298087	235330743	2
2	235330744	235340545	0
2	235340546	235349125	2
2	235349126	235355089	3
2	235355090	235394500	1
2	235394501	235394844	0
2	235394845	235402274	2
2	235402275	235403019	0
2	235403020	235417805	1
2	235417806	235440617	0
2	235440618	235470917	2
2	235470918	235483167	3
2	235483168	235523027	2
2	235523028	235534700	0
2	235534701	235567613	1
2	235567614	235636883	0
2	235636884	235726196	1
2	235726197	235765833	0
2	235765834	235885045	2
2	235885046	235885300	0
2	235885301	235887991	1
2	235887992	237234032	0
2	237234033	237234161	1
2	237234162	237696054	0
2	237696055	238327139	1
2	238327140	238885846	0
2	238885847	238885932	1
2	238885933	239449976	0
2	239449977	239457957	2
2	239457958	239898490	0
2	239898491	239898933	1
2	239898934	240354939	0
2	240354940	240457223	2
2	240457224	240626064	0
2	240626065	240643842	1
2	240643843	240668711	0
2	240668712	240706357	2
2	240706358	240733373	0
2	240733374	240765648	1
2	240765649	240874053	0
2	240874054	240874114	1
2	240874115	240973858	0
2	240973859	240976669	1
2	240976670	241030768	0
2	241030769	241110234	1
2	241110235	241130338	0
2	241130339	241159087	1
2	241159088	241159510	0
2	241159511	241186600	2
2	241186601	241186788	0
2	241186789	241218340	1
2	241218341	241226013	0
2	241226014	241279104	1
2	241279105	241292983	0
2	241292984	241328477	2
2	241328478	241331020	0
2	241331021	241397295	2
2	241397296	241397305	3
2	241397306	241581456	1
2	241581457	241630051	0
2	241630052	241716132	2
2	241716133	241742686	0
2	241742687	241911206	1
2	241911207	242129761	0
2	242129762	242630405	1
2	242630406	242630537	3
2	242630538	242645131	1
2	242645132	242762711	0
2	242762712	242762838	2
2	242762839	242775992	0
2	242775993	242786901	2
2	242786902	242792659	0
2	242792660	242801937	1
2	242801938	242802063	3
2	242802064	242843485	1
2	242843486	242844760	0
2	242844761	242851048	1
2	242851049	242858863	0
2	242858864	242878454	1
2	242878455	242878584	3
2	242878585	242883145	1
2	242883146	242911323	0
2	242911324	243206402	2
2	243206403	243244959	0
2	243244960	243269414	1
2	243269415	243301214	0
2	243301215	243301270	2
2	243301271	243529944	0
2	243529945	243552037	1
2	243552038	243552117	0
2	243552118	243579756	2
2	243579757	243615870	0
2	243615871	243710948	2
2	243710949	243715315	3
2	243715316	243769295	1
2	243769296	243803162	3
2	243803163	244005266	1
2	244005267	244099074	0
2	244099075	244119897	1
2	244119898	244126198	0
2	244126199	244212337	2
2	244212338	245624433	0
2	245624434	246356728	2
2	246356729	246573164	0
2	246573165	246586940	2
2	246586941	246606181	0
2	246606182	246631793	2
2	246631794	246632407	3
2	246632408	246684432	2
2	246684433	246755905	0
2	246755906	246757453	1
2	246757454	246757454	0
2	246757455	246757504	1
2	246757505	246862970	0
2	246862971	246863131	1
2	246863132	246889562	0
2	246889563	246889768	2
2	246889769	246975892	0
2	246975893	247002232	1
2	247002233	247022284	0
2	247022285	247070431	2
2	247070432	247074629	0
2	247074630	247101423	1
2	247101424	247101498	0
2	247101499	247131057	2
2	247131058	247147750	0
2	247147751	247634545	1
2	247634546	247990723	0
2	247990724	247990829	2
2	247990830	248341541	0
2	248341542	248341683	1
2	248341684	248498583	0
2	248498584	248498714	2
2	248498715	248573432	0
2	248573433	248573532	2
2	248573533	248629027	0
2	248629028	248629454	2
2	248629455	248684521	0
2	248684522	248717949	2
2	248717950	248766610	0
2	248766611	248798401	2
2	248798402	248931901	0
2	248931902	249048296	2
