<CHROM>	<START>	<END>	<TSB>
4	0	598719	0
4	598720	598872	1
4	598873	749256	0
4	749257	749408	1
4	749409	1546400	0
4	1546401	1546552	2
4	1546553	1789100	0
4	1789101	1789252	2
4	1789253	1929882	0
4	1929883	1930035	2
4	1930036	2302849	0
4	2302850	2304281	1
4	2304282	2859459	0
4	2859460	2860651	2
4	2860652	2877942	0
4	2877943	2878095	2
4	2878096	2953691	0
4	2953692	2953843	1
4	2953844	3916578	0
4	3916579	3916730	2
4	3916731	4013448	0
4	4013449	4013600	2
4	4013601	4663112	0
4	4663113	4663271	1
4	4663272	4738613	0
4	4738614	4738764	2
4	4738765	5136361	0
4	5136362	5136690	2
4	5136691	5213392	0
4	5213393	5219176	1
4	5219177	5343385	0
4	5343386	5343546	2
4	5343547	5452681	0
4	5452682	5556657	1
4	5556658	5556698	0
4	5556699	5556701	1
4	5556702	5558635	3
4	5558636	5559343	2
4	5559344	5648688	0
4	5648689	5743065	1
4	5743066	5743268	3
4	5743269	5750009	1
4	5750010	5866504	0
4	5866505	5871463	2
4	5871464	5888037	0
4	5888038	5888372	1
4	5888373	5889604	3
4	5889605	5889612	1
4	5889613	5892907	0
4	5892908	5909707	1
4	5909708	5974748	0
4	5974749	6146366	2
4	6146367	6149839	0
4	6149840	6209255	1
4	6209256	6443921	0
4	6443922	6480506	2
4	6480507	6945494	0
4	6945495	6952393	1
4	6952394	6954015	0
4	6954016	6963168	2
4	6963169	6983968	0
4	6983969	7089916	1
4	7089917	7136531	0
4	7136532	7189759	2
4	7189760	7221094	0
4	7221095	7226941	1
4	7226942	7315493	0
4	7315494	7323950	1
4	7323951	7444966	0
4	7444967	7454649	1
4	7454650	7497555	0
4	7497556	7497677	2
4	7497678	7525002	0
4	7525003	7576546	2
4	7576547	7591007	0
4	7591008	8508530	1
4	8508531	8617333	0
4	8617334	8617436	2
4	8617437	9262231	0
4	9262232	9355439	1
4	9355440	9423896	0
4	9423897	9442480	2
4	9442481	9471161	0
4	9471162	9472420	2
4	9472421	9589522	0
4	9589523	9591038	2
4	9591039	9604998	0
4	9604999	9607206	1
4	9607207	9609625	0
4	9609626	9833537	2
4	9833538	9837627	0
4	9837628	9870839	1
4	9870840	9871084	3
4	9871085	9871138	1
4	9871139	9871140	2
4	9871141	9873426	0
4	9873427	9923134	1
4	9923135	9947315	0
4	9947316	9949795	1
4	9949796	10010888	0
4	10010889	10252140	2
4	10252141	10279368	0
4	10279369	10320158	2
4	10320159	10353776	0
4	10353777	10353877	2
4	10353878	10394018	0
4	10394019	10401541	2
4	10401542	10424006	0
4	10424007	10441463	2
4	10441464	10442915	0
4	10442916	10473692	1
4	10473693	10522912	0
4	10522913	10527082	1
4	10527083	10548749	0
4	10548750	10580324	2
4	10580325	10580460	0
4	10580461	10585914	1
4	10585915	10594905	0
4	10594906	10607604	2
4	10607605	10616675	0
4	10616676	10628298	2
4	10628299	10630446	0
4	10630447	10639058	2
4	10639059	10645955	0
4	10645956	10672484	2
4	10672485	10674062	0
4	10674063	10725242	1
4	10725243	10729248	0
4	10729249	10732058	2
4	10732059	10732254	0
4	10732255	10736423	2
4	10736424	10737428	3
4	10737429	10752963	1
4	10752964	10754685	0
4	10754686	10760110	2
4	10760111	10760595	0
4	10760596	10764641	1
4	10764642	10768279	0
4	10768280	10783587	1
4	10783588	10786112	0
4	10786113	10793649	2
4	10793650	10793832	0
4	10793833	10814164	1
4	10814165	10826926	0
4	10826927	10859006	2
4	10859007	10985552	0
4	10985553	11002589	1
4	11002590	11006373	0
4	11006374	11055539	1
4	11055540	11132383	0
4	11132384	11163076	2
4	11163077	11163373	3
4	11163374	11239111	2
4	11239112	11290114	0
4	11290115	11290184	1
4	11290185	11305108	0
4	11305109	11311960	2
4	11311961	11320953	0
4	11320954	11355734	1
4	11355735	11360186	0
4	11360187	11401170	2
4	11401171	11438056	0
4	11438057	11449872	2
4	11449873	11464672	0
4	11464673	11655988	2
4	11655989	11658977	0
4	11658978	11727371	1
4	11727372	11728479	0
4	11728480	11771315	2
4	11771316	11771795	0
4	11771796	11773478	1
4	11773479	11773593	0
4	11773594	11783460	2
4	11783461	11788274	0
4	11788275	11788338	1
4	11788339	11837992	0
4	11837993	12337545	1
4	12337546	12343486	3
4	12343487	12375401	1
4	12375402	12375481	3
4	12375482	12379100	1
4	12379101	12430743	0
4	12430744	12440955	1
4	12440956	12441011	3
4	12441012	12448332	1
4	12448333	12477248	0
4	12477249	12477309	1
4	12477310	12548005	0
4	12548006	12612566	2
4	12612567	12720682	0
4	12720683	12720801	2
4	12720802	12736128	0
4	12736129	13162209	2
4	13162210	13198315	0
4	13198316	13199407	2
4	13199408	13210258	0
4	13210259	13249287	2
4	13249288	13255854	0
4	13255855	13270183	1
4	13270184	13270189	0
4	13270190	13297429	2
4	13297430	13297557	0
4	13297558	13310365	1
4	13310366	13327538	0
4	13327539	13328606	2
4	13328607	13361004	0
4	13361005	13395205	2
4	13395206	13398746	3
4	13398747	13414546	1
4	13414547	13414924	0
4	13414925	13501434	2
4	13501435	13531843	3
4	13531844	13608462	2
4	13608463	13641492	3
4	13641493	13662764	1
4	13662765	13662965	3
4	13662966	13710573	2
4	13710574	13716205	3
4	13716206	13811606	2
4	13811607	13813044	0
4	13813045	13907812	1
4	13907813	13981031	0
4	13981032	13981155	2
4	13981156	14021050	0
4	14021051	14092925	2
4	14092926	14106049	0
4	14106050	14110028	2
4	14110029	14139029	0
4	14139030	14201145	2
4	14201146	14210027	0
4	14210028	14215061	1
4	14215062	14215261	0
4	14215262	14330511	2
4	14330512	14386397	0
4	14386398	14948785	1
4	14948786	14948914	3
4	14948915	15580137	1
4	15580138	15580243	3
4	15580244	15870238	1
4	15870239	16288951	0
4	16288952	16289067	1
4	16289068	16813999	0
4	16814000	16896415	2
4	16896416	17162488	0
4	17162489	17212281	1
4	17212282	17318115	0
4	17318116	17323520	2
4	17323521	17340173	0
4	17340174	17345540	1
4	17345541	17354464	0
4	17354465	17513901	2
4	17513902	17583210	0
4	17583211	17746532	1
4	17746533	18073296	0
4	18073297	18073420	1
4	18073421	18427875	0
4	18427876	18525251	1
4	18525252	18677099	0
4	18677100	18745407	1
4	18745408	18951000	0
4	18951001	19374967	1
4	19374968	19444111	0
4	19444112	19444258	1
4	19444259	19695313	0
4	19695314	20049883	1
4	20049884	20249691	0
4	20249692	20284660	2
4	20284661	20299716	0
4	20299717	20555227	1
4	20555228	20763579	0
4	20763580	20764298	1
4	20764299	20815146	0
4	20815147	20815865	1
4	20815866	20822406	0
4	20822407	20823125	1
4	20823126	20872520	0
4	20872521	20874011	2
4	20874012	20930245	0
4	20930246	20930964	1
4	20930965	20974254	0
4	20974255	20974973	1
4	20974974	21024126	0
4	21024127	21025617	2
4	21025618	21287980	0
4	21287981	21494430	1
4	21494431	21538446	0
4	21538447	21698344	1
4	21698345	21743094	3
4	21743095	21755110	1
4	21755111	22316777	0
4	22316778	22505928	1
4	22505929	22968283	0
4	22968284	22968390	1
4	22968391	23084065	0
4	23084066	23084201	2
4	23084202	23456892	0
4	23456893	23501156	1
4	23501157	24093802	0
4	24093803	24094212	1
4	24094213	24365113	0
4	24365114	24609802	2
4	24609803	24613161	0
4	24613162	24805727	1
4	24805728	24910532	0
4	24910533	24950789	2
4	24950790	24950965	3
4	24950966	24952722	1
4	24952723	24952822	3
4	24952823	24968640	1
4	24968641	25012409	0
4	25012410	25012683	1
4	25012684	25080585	0
4	25080586	25133107	2
4	25133108	25151951	0
4	25151952	25442707	1
4	25442708	25462750	0
4	25462751	25589358	2
4	25589359	25599469	3
4	25599470	25676470	1
4	25676471	25676632	0
4	25676633	25701064	2
4	25701065	25715988	0
4	25715989	25964960	2
4	25964961	25966748	0
4	25966749	25998075	1
4	25998076	26054669	0
4	26054670	26099857	1
4	26099858	26121985	0
4	26121986	26122676	1
4	26122677	26375295	0
4	26375296	26375436	2
4	26375437	26599736	0
4	26599737	26609742	1
4	26609743	26647428	3
4	26647429	27141671	2
4	27141672	27525622	0
4	27525623	27528046	2
4	27528047	27837450	0
4	27837451	27838142	1
4	27838143	27946004	0
4	27946005	27946164	2
4	27946165	28276907	0
4	28276908	28287477	2
4	28287478	28348360	0
4	28348361	28375789	2
4	28375790	28375994	0
4	28375995	28450696	2
4	28450697	28457167	0
4	28457168	28458268	1
4	28458269	28476855	0
4	28476856	28494373	2
4	28494374	28522676	0
4	28522677	28533799	2
4	28533800	28561703	0
4	28561704	28585389	2
4	28585390	28612369	0
4	28612370	28613915	2
4	28613916	28666841	0
4	28666842	29067741	2
4	29067742	29096325	3
4	29096326	29258859	2
4	29258860	29310089	0
4	29310090	29312641	2
4	29312642	29442791	0
4	29442792	29442897	1
4	29442898	29896070	0
4	29896071	29912684	2
4	29912685	29913577	3
4	29913578	29972165	2
4	29972166	29977967	3
4	29977968	29978486	2
4	29978487	29986195	3
4	29986196	30036755	1
4	30036756	30036863	0
4	30036864	30055408	2
4	30055409	30056736	0
4	30056737	30192604	1
4	30192605	30226341	0
4	30226342	30233582	2
4	30233583	30264860	0
4	30264861	30293171	1
4	30293172	30299201	0
4	30299202	30333357	1
4	30333358	30333675	0
4	30333676	30457779	2
4	30457780	30466651	0
4	30466652	30499254	1
4	30499255	30507536	0
4	30507537	30519105	2
4	30519106	30519953	0
4	30519954	30558919	1
4	30558920	30559085	0
4	30559086	30569043	2
4	30569044	30569404	3
4	30569405	30588556	1
4	30588557	30589633	0
4	30589634	30616038	1
4	30616039	30642552	0
4	30642553	30645586	2
4	30645587	30646458	0
4	30646459	30829632	1
4	30829633	30933946	0
4	30933947	30935939	1
4	30935940	30960843	0
4	30960844	30961832	2
4	30961833	31081004	0
4	31081005	31085467	1
4	31085468	31130144	0
4	31130145	31134898	1
4	31134899	31148191	0
4	31148192	31148430	2
4	31148431	31164508	0
4	31164509	31184320	1
4	31184321	31200443	0
4	31200444	31205140	1
4	31205141	31268250	0
4	31268251	31273660	1
4	31273661	31319841	0
4	31319842	31342305	1
4	31342306	31361667	0
4	31361668	31376413	1
4	31376414	31446167	0
4	31446168	31480951	1
4	31480952	31484461	0
4	31484462	31585615	2
4	31585616	31661271	0
4	31661272	31736390	1
4	31736391	31982176	0
4	31982177	31986598	1
4	31986599	32006265	0
4	32006266	32009250	2
4	32009251	32023001	0
4	32023002	32028440	2
4	32028441	32059901	0
4	32059902	32112773	2
4	32112774	32116233	0
4	32116234	32126615	1
4	32126616	32563379	0
4	32563380	32598865	2
4	32598866	32615897	0
4	32615898	32637290	1
4	32637291	32658746	0
4	32658747	32739200	2
4	32739201	32771475	0
4	32771476	32842252	1
4	32842253	32848491	0
4	32848492	32852619	2
4	32852620	32922258	0
4	32922259	32922340	1
4	32922341	33024448	0
4	33024449	33286905	2
4	33286906	33294720	0
4	33294721	33321358	1
4	33321359	33349166	0
4	33349167	33383853	1
4	33383854	33389712	0
4	33389713	33425246	1
4	33425247	33506990	0
4	33506991	33544628	2
4	33544629	33575906	0
4	33575907	33576154	1
4	33576155	33576402	0
4	33576403	33578928	1
4	33578929	33589797	0
4	33589798	33601848	1
4	33601849	33664048	0
4	33664049	33664518	1
4	33664519	33852925	0
4	33852926	34166147	2
4	34166148	34179222	0
4	34179223	34210182	1
4	34210183	34210288	3
4	34210289	34309775	1
4	34309776	34310149	3
4	34310150	34361900	1
4	34361901	34671846	0
4	34671847	34692003	1
4	34692004	34692801	0
4	34692802	34692883	1
4	34692884	34984230	0
4	34984231	34991341	2
4	34991342	34999137	0
4	34999138	35003405	1
4	35003406	35100504	0
4	35100505	35160747	2
4	35160748	35679702	0
4	35679703	35687176	2
4	35687177	35785235	0
4	35785236	35803421	1
4	35803422	35927639	0
4	35927640	35928102	1
4	35928103	35928103	3
4	35928104	35961829	2
4	35961830	35963807	0
4	35963808	35966098	1
4	35966099	35969725	0
4	35969726	35969846	2
4	35969847	36069968	0
4	36069969	36223218	1
4	36223219	36263966	0
4	36263967	36289542	2
4	36289543	36304649	0
4	36304650	36307707	1
4	36307708	36307901	0
4	36307902	36635610	2
4	36635611	36656473	0
4	36656474	36804296	1
4	36804297	36997667	0
4	36997668	37311130	2
4	37311131	37484688	0
4	37484689	37484831	2
4	37484832	37758361	0
4	37758362	37759289	1
4	37759290	37878238	0
4	37878239	37878514	1
4	37878515	37917835	0
4	37917836	37918509	1
4	37918510	38013225	0
4	38013226	38013772	2
4	38013773	38605719	0
4	38605720	38606009	1
4	38606010	39423163	0
4	39423164	39425064	2
4	39425065	39733939	0
4	39733940	39734058	2
4	39734059	40002214	0
4	40002215	40009262	1
4	40009263	40023918	3
4	40023919	40195883	2
4	40195884	40309055	0
4	40309056	40309171	2
4	40309172	40460812	0
4	40460813	40899581	1
4	40899582	41157517	0
4	41157518	41157875	1
4	41157876	41199515	0
4	41199516	41200584	2
4	41200585	41327992	0
4	41327993	41345617	2
4	41345618	41455279	0
4	41455280	41533372	1
4	41533373	41548912	0
4	41548913	41549453	1
4	41549454	41569534	0
4	41569535	41570445	2
4	41570446	41828864	0
4	41828865	41828865	1
4	41828866	41829619	3
4	41829620	41829620	2
4	41829621	41830622	0
4	41830623	41858774	1
4	41858775	41869433	0
4	41869434	41869559	1
4	41869560	41879991	0
4	41879992	41945537	1
4	41945538	41970062	0
4	41970063	41978342	2
4	41978343	42102939	0
4	42102940	42109564	1
4	42109565	42138707	0
4	42138708	42143407	1
4	42143408	42398830	0
4	42398831	42398960	2
4	42398961	42721629	0
4	42721630	42721731	1
4	42721732	42939597	0
4	42939598	42980636	1
4	42980637	43133910	0
4	43133911	43711681	2
4	43711682	43956279	0
4	43956280	43957942	1
4	43957943	43972505	0
4	43972506	44052159	2
4	44052160	44186133	0
4	44186134	44186316	2
4	44186317	44966625	0
4	44966626	44967323	2
4	44967324	45107639	0
4	45107640	45180234	1
4	45180235	45365283	0
4	45365284	45403827	2
4	45403828	45416112	0
4	45416113	45616700	1
4	45616701	45616710	0
4	45616711	45624242	2
4	45624243	45634916	0
4	45634917	45673703	2
4	45673704	45790789	0
4	45790790	45897874	2
4	45897875	45977805	0
4	45977806	46013862	2
4	46013863	46042234	0
4	46042235	46146915	2
4	46146916	46147917	3
4	46147918	46289738	2
4	46289739	46333996	0
4	46333997	46374400	1
4	46374401	46400483	0
4	46400484	46456083	1
4	46456084	46530628	0
4	46530629	46531701	1
4	46531702	46560883	0
4	46560884	46728754	2
4	46728755	46752719	0
4	46752720	46752825	1
4	46752826	46800979	0
4	46800980	46964629	1
4	46964630	47005860	0
4	47005861	47008455	1
4	47008456	47306293	0
4	47306294	47314291	2
4	47314292	47318418	0
4	47318419	47336751	2
4	47336752	47606580	0
4	47606581	47607798	2
4	47607799	49565193	0
4	49565194	49565316	1
4	49565317	49776244	0
4	49776245	50277726	2
4	50277727	50313770	0
4	50313771	50389244	1
4	50389245	50394727	0
4	50394728	50395986	1
4	50395987	50477960	0
4	50477961	50503713	2
4	50503714	50516817	0
4	50516818	50788672	2
4	50788673	50820966	0
4	50820967	50831378	2
4	50831379	50838816	0
4	50838817	50888076	1
4	50888077	51222949	0
4	51222950	51224003	1
4	51224004	51397599	0
4	51397600	51595216	2
4	51595217	51606460	0
4	51606461	51663134	1
4	51663135	51682222	0
4	51682223	51682959	2
4	51682960	51689400	0
4	51689401	51693024	1
4	51693025	51762749	0
4	51762750	51766076	1
4	51766077	51781051	0
4	51781052	52309827	1
4	52309828	52449206	0
4	52449207	52450105	1
4	52450106	52569373	0
4	52569374	52647097	1
4	52647098	52931765	0
4	52931766	52993832	1
4	52993833	52995544	0
4	52995545	53005596	1
4	53005597	53031690	0
4	53031691	53049926	2
4	53049927	53067426	0
4	53067427	53075118	2
4	53075119	53083534	0
4	53083535	53132020	1
4	53132021	53166317	0
4	53166318	53167225	2
4	53167226	53237981	0
4	53237982	53250781	2
4	53250782	53256177	0
4	53256178	53274817	2
4	53274818	53302743	0
4	53302744	53312906	2
4	53312907	53343473	0
4	53343474	53370783	2
4	53370784	53385981	0
4	53385982	53386109	1
4	53386110	53443829	0
4	53443830	53444938	1
4	53444939	53447254	0
4	53447255	53447393	1
4	53447394	53472600	0
4	53472601	53472709	1
4	53472710	53696584	0
4	53696585	53696707	1
4	53696708	54138868	0
4	54138869	54160999	1
4	54161000	54205330	0
4	54205331	54249866	1
4	54249867	54249926	3
4	54249927	54249940	1
4	54249941	54250001	3
4	54250002	54263040	1
4	54263041	54303648	0
4	54303649	54303754	1
4	54303755	54767354	0
4	54767355	54768045	1
4	54768046	54882821	0
4	54882822	54882953	1
4	54882954	55003751	0
4	55003752	55003906	1
4	55003907	55796551	0
4	55796552	55796711	1
4	55796712	55805953	0
4	55805954	56429080	1
4	56429081	56430420	3
4	56430421	56451950	1
4	56451951	56452093	3
4	56452094	56730829	1
4	56730830	56826995	0
4	56826996	56849789	1
4	56849790	56956290	0
4	56956291	56956453	1
4	56956454	57032312	0
4	57032313	57038519	1
4	57038520	57041439	3
4	57041440	57042661	1
4	57042662	57042795	0
4	57042796	57052402	2
4	57052403	57058460	0
4	57058461	57063406	1
4	57063407	57095206	0
4	57095207	57433426	2
4	57433427	57437909	3
4	57437910	57530841	2
4	57530842	57624293	0
4	57624294	57624364	2
4	57624365	57661129	0
4	57661130	57675260	2
4	57675261	57722221	0
4	57722222	57761651	1
4	57761652	57766261	0
4	57766262	57777018	1
4	57777019	57801829	0
4	57801830	57819074	1
4	57819075	57835465	0
4	57835466	57835616	2
4	57835617	57871108	0
4	57871109	57874555	2
4	57874556	57880017	0
4	57880018	57890818	2
4	57890819	57920788	0
4	57920789	57938589	2
4	57938590	57948995	0
4	57948996	57976591	2
4	57976592	57977311	0
4	57977312	57980455	1
4	57980456	57997851	0
4	57997852	58027644	2
4	58027645	58034187	0
4	58034188	58061842	2
4	58061843	58067589	0
4	58067590	58073545	2
4	58073546	58082855	0
4	58082856	58109766	1
4	58109767	58109938	0
4	58109939	58118125	1
4	58118126	58127638	0
4	58127639	58139265	2
4	58139266	58142999	0
4	58143000	58220431	1
4	58220432	58305435	0
4	58305436	58328938	2
4	58328939	58343527	0
4	58343528	58373827	2
4	58373828	58381216	0
4	58381217	58531058	2
4	58531059	58536053	0
4	58536054	58578289	2
4	58578290	58601658	0
4	58601659	58609227	2
4	58609228	58664955	0
4	58664956	58784816	2
4	58784817	58784877	3
4	58784878	58788409	2
4	58788410	58788514	3
4	58788515	58788612	2
4	58788613	58788721	3
4	58788722	58825326	2
4	58825327	58834672	0
4	58834673	58930154	1
4	58930155	58951391	0
4	58951392	58951487	1
4	58951488	58989985	0
4	58989986	59011931	1
4	59011932	59021308	0
4	59021309	59074939	2
4	59074940	59075070	0
4	59075071	59076863	1
4	59076864	59079023	3
4	59079024	59084488	1
4	59084489	59101548	0
4	59101549	59128628	1
4	59128629	59128728	0
4	59128729	59145005	2
4	59145006	59160355	0
4	59160356	59183672	2
4	59183673	59188282	0
4	59188283	59212253	2
4	59212254	59217258	0
4	59217259	59229684	1
4	59229685	59230962	0
4	59230963	59249488	2
4	59249489	59257415	0
4	59257416	59263542	2
4	59263543	59271216	0
4	59271217	59310666	1
4	59310667	59354445	0
4	59354446	59366084	2
4	59366085	59366143	3
4	59366144	59501616	1
4	59501617	59501772	0
4	59501773	59522816	1
4	59522817	59549150	0
4	59549151	59549827	1
4	59549828	59554009	0
4	59554010	59556931	1
4	59556932	59650594	0
4	59650595	59650711	2
4	59650712	59650984	0
4	59650985	59651065	1
4	59651066	59661157	0
4	59661158	59662943	2
4	59662944	59663607	0
4	59663608	59724002	1
4	59724003	59724067	0
4	59724068	59807653	1
4	59807654	59815880	0
4	59815881	59832178	2
4	59832179	59845792	3
4	59845793	59846488	2
4	59846489	59857393	3
4	59857394	59969603	2
4	59969604	59972660	3
4	59972661	59990221	2
4	59990222	60002349	1
4	60002350	60002462	0
4	60002463	60123991	2
4	60123992	60135107	0
4	60135108	60181897	1
4	60181898	60296408	0
4	60296409	60296620	1
4	60296621	60644784	0
4	60644785	60652831	2
4	60652832	60720253	0
4	60720254	61162204	1
4	61162205	61360351	0
4	61360352	61616845	1
4	61616846	61807759	0
4	61807760	62099985	2
4	62099986	62100218	3
4	62100219	62585721	2
4	62585722	62593368	0
4	62593369	62597290	2
4	62597291	62647262	0
4	62647263	62770317	2
4	62770318	62774121	0
4	62774122	62776698	1
4	62776699	62776991	0
4	62776992	62799001	1
4	62799002	62878903	0
4	62878904	62880263	1
4	62880264	62932029	0
4	62932030	62946155	1
4	62946156	62997159	0
4	62997160	63010095	2
4	63010096	63040167	0
4	63040168	63053850	2
4	63053851	63076798	0
4	63076799	63089500	2
4	63089501	63140016	0
4	63140017	63168579	2
4	63168580	63265940	0
4	63265941	63446930	2
4	63446931	63453938	0
4	63453939	63531186	2
4	63531187	63536166	0
4	63536167	63547333	2
4	63547334	63548453	3
4	63548454	63551600	1
4	63551601	63554362	0
4	63554363	63591731	1
4	63591732	63601602	0
4	63601603	63624769	2
4	63624770	63631832	0
4	63631833	63678985	1
4	63678986	63712768	0
4	63712769	63814358	1
4	63814359	63854781	0
4	63854782	63920842	2
4	63920843	63927511	0
4	63927512	63927563	2
4	63927564	63939461	3
4	63939462	63940465	2
4	63940466	63943393	0
4	63943394	63988855	1
4	63988856	63992865	0
4	63992866	64008045	1
4	64008046	64095039	0
4	64095040	64095712	2
4	64095713	64157639	0
4	64157640	64186722	1
4	64186723	64562651	0
4	64562652	64562790	2
4	64562791	64580712	0
4	64580713	64580840	2
4	64580841	65007163	0
4	65007164	65007261	2
4	65007262	65014142	0
4	65014143	65149101	2
4	65149102	65293732	0
4	65293733	65375454	1
4	65375455	65379119	0
4	65379120	65411106	2
4	65411107	65420106	0
4	65420107	65872731	1
4	65872732	65907653	0
4	65907654	66023761	1
4	66023762	66154246	0
4	66154247	66186370	2
4	66186371	66566684	0
4	66566685	66698175	2
4	66698176	66717239	3
4	66717240	66758976	1
4	66758977	66760157	0
4	66760158	66968434	1
4	66968435	66994197	0
4	66994198	67001618	1
4	67001619	67012183	0
4	67012184	67062426	1
4	67062427	67090658	0
4	67090659	67147901	2
4	67147902	67166344	0
4	67166345	67230489	2
4	67230490	67274102	0
4	67274103	67282138	2
4	67282139	67287638	0
4	67287639	67330586	2
4	67330587	67331344	3
4	67331345	67347962	2
4	67347963	67363917	0
4	67363918	67374145	1
4	67374146	67397871	0
4	67397872	67414535	2
4	67414536	67436556	0
4	67436557	67440499	2
4	67440500	67444289	3
4	67444290	67619221	1
4	67619222	67665005	0
4	67665006	67837094	2
4	67837095	67839235	0
4	67839236	67883683	1
4	67883684	67904305	0
4	67904306	67966996	1
4	67966997	67968993	0
4	67968994	67974490	1
4	67974491	68032166	0
4	68032167	68032272	1
4	68032273	68049703	0
4	68049704	68050674	2
4	68050675	68081937	0
4	68081938	68153566	1
4	68153567	68156879	0
4	68156880	68166884	2
4	68166885	68175907	0
4	68175908	68197163	1
4	68197164	68199176	0
4	68199177	68199299	1
4	68199300	68233956	0
4	68233957	68332103	1
4	68332104	68348862	0
4	68348863	68374606	2
4	68374607	68384647	0
4	68384648	68510461	1
4	68510462	68596727	0
4	68596728	68605426	1
4	68605427	68627857	0
4	68627858	68655434	2
4	68655435	68657341	0
4	68657342	69035688	2
4	69035689	69114267	0
4	69114268	69193932	2
4	69193933	69198066	0
4	69198067	69228819	1
4	69228820	69239297	0
4	69239298	69261091	2
4	69261092	69266100	0
4	69266101	69276133	2
4	69276134	69284389	0
4	69284390	69285339	2
4	69285340	69287665	0
4	69287666	69288579	2
4	69288580	69322975	0
4	69322976	69334553	1
4	69334554	69360721	0
4	69360722	69361662	1
4	69361663	69399599	0
4	69399600	69404721	2
4	69404722	69407833	0
4	69407834	69416857	1
4	69416858	69428342	0
4	69428343	69429337	1
4	69429338	69446148	0
4	69446149	69692713	2
4	69692714	69724237	0
4	69724238	69733297	1
4	69733298	69745505	0
4	69745506	69746442	2
4	69746443	69752571	0
4	69752572	69756960	1
4	69756961	69764191	0
4	69764192	69782157	1
4	69782158	69784422	0
4	69784423	69785986	2
4	69785987	69797659	0
4	69797660	69803604	1
4	69803605	69815106	0
4	69815107	69818849	1
4	69818850	69871795	0
4	69871796	69875547	1
4	69875548	69892627	0
4	69892628	69895489	2
4	69895490	69990418	0
4	69990419	70001088	2
4	70001089	70001315	0
4	70001316	70014598	2
4	70014599	70019362	0
4	70019363	70020821	2
4	70020822	70024178	0
4	70024179	70025494	2
4	70025495	70036953	0
4	70036954	70037494	2
4	70037495	70045188	0
4	70045189	70046007	2
4	70046008	70058472	0
4	70058473	70059284	2
4	70059285	70094718	0
4	70094719	70095377	2
4	70095378	70098071	0
4	70098072	70098531	2
4	70098532	70100156	0
4	70100157	70100768	2
4	70100769	70161251	0
4	70161252	70161768	2
4	70161769	70203086	0
4	70203087	70206228	2
4	70206229	70206560	3
4	70206561	70207871	1
4	70207872	70213754	0
4	70213755	70217049	1
4	70217050	70244258	0
4	70244259	70247817	1
4	70247818	70278302	0
4	70278303	70283383	2
4	70283384	70320041	0
4	70320042	70320750	2
4	70320751	70331671	0
4	70331672	70335931	1
4	70335932	70344336	0
4	70344337	70348004	2
4	70348005	70364584	0
4	70364585	70367790	2
4	70367791	70403735	0
4	70403736	70410532	2
4	70410533	70417610	0
4	70417611	70418011	2
4	70418012	70427284	0
4	70427285	70429574	1
4	70429575	70449305	0
4	70449306	70449411	2
4	70449412	70491971	0
4	70491972	70507228	2
4	70507229	70507346	0
4	70507347	70523015	1
4	70523016	70536438	0
4	70536439	70562743	1
4	70562744	70566293	0
4	70566294	70567584	2
4	70567585	70568241	0
4	70568242	70585629	1
4	70585630	70670718	0
4	70670719	70673684	1
4	70673685	70787625	0
4	70787626	70791919	2
4	70791920	70809364	0
4	70809365	70813338	2
4	70813339	70845226	0
4	70845227	70856190	2
4	70856191	70862237	0
4	70862238	70962563	2
4	70962564	70985278	0
4	70985279	70986237	2
4	70986238	71086180	0
4	71086181	71087139	2
4	71087140	71118894	0
4	71118895	71123290	2
4	71123291	71146722	0
4	71146723	71167397	2
4	71167398	71172545	0
4	71172546	71199982	2
4	71199983	71201036	0
4	71201037	71210226	1
4	71210227	71237449	0
4	71237450	71246407	2
4	71246408	71246551	3
4	71246552	71260844	1
4	71260845	71287855	0
4	71287856	71288739	2
4	71288740	71292910	0
4	71292911	71293875	2
4	71293876	71333819	0
4	71333820	71334745	2
4	71334746	71365011	0
4	71365012	71371845	1
4	71371846	71374319	0
4	71374320	71385313	1
4	71385314	71389524	0
4	71389525	71390462	1
4	71390463	71450361	0
4	71450362	71451314	1
4	71451315	71510280	0
4	71510281	71524580	1
4	71524581	71553702	0
4	71553703	71568431	1
4	71568432	71591198	0
4	71591199	71613307	1
4	71613308	71684133	0
4	71684134	71691281	2
4	71691282	71707324	0
4	71707325	71708274	2
4	71708275	71735340	0
4	71735341	71741783	2
4	71741784	71754925	0
4	71754926	71755058	1
4	71755059	71757810	0
4	71757811	71763386	2
4	71763387	71769408	0
4	71769409	71777961	2
4	71777962	71794926	0
4	71794927	71795027	2
4	71795028	71796559	0
4	71796560	71802654	2
4	71802655	71853929	0
4	71853930	71858345	2
4	71858346	71878576	0
4	71878577	71879517	2
4	71879518	71898717	0
4	71898718	71899049	2
4	71899050	71924026	0
4	71924027	71944692	2
4	71944693	71960811	0
4	71960812	71967187	2
4	71967188	71976691	0
4	71976692	71980861	2
4	71980862	72008699	0
4	72008700	72015456	2
4	72015457	72031907	0
4	72031908	72032869	2
4	72032870	72041823	0
4	72041824	72047636	2
4	72047637	72087245	0
4	72087246	72111252	2
4	72111253	72128929	0
4	72128930	72134434	1
4	72134435	72170132	0
4	72170133	72557692	1
4	72557693	72781347	0
4	72781348	72781476	2
4	72781477	74109470	0
4	74109471	75575978	2
4	75575979	75576106	3
4	75576107	76362025	2
4	76362026	76551981	0
4	76551982	76624397	2
4	76624398	76627978	3
4	76627979	76687360	1
4	76687361	76726648	0
4	76726649	76726725	2
4	76726726	76789427	0
4	76789428	76789528	2
4	76789529	76792683	0
4	76792684	76792794	1
4	76792795	76803196	0
4	76803197	76822105	1
4	76822106	76827810	0
4	76827811	76840855	1
4	76840856	76849679	0
4	76849680	76876241	2
4	76876242	76884922	0
4	76884923	76911368	2
4	76911369	76923666	0
4	76923667	76936064	2
4	76936065	76945487	0
4	76945488	76946067	2
4	76946068	76955407	0
4	76955408	76967250	2
4	76967251	77016361	0
4	77016362	77047018	1
4	77047019	77055006	0
4	77055007	77078895	1
4	77078896	77195885	0
4	77195886	77229021	1
4	77229022	77280716	0
4	77280717	77282106	1
4	77282107	77292974	0
4	77292975	77296841	1
4	77296842	77340957	0
4	77340958	77363611	2
4	77363612	77385756	0
4	77385757	77392227	1
4	77392228	77397057	0
4	77397058	77450410	2
4	77450411	77453035	0
4	77453036	77481993	2
4	77481994	77482224	0
4	77482225	77488775	2
4	77488776	77503855	0
4	77503856	77522533	2
4	77522534	77523556	3
4	77523557	77524018	2
4	77524019	77525554	1
4	77525555	77543685	0
4	77543686	77544657	2
4	77544658	77548845	0
4	77548846	77575294	2
4	77575295	77579077	0
4	77579078	77586064	2
4	77586065	77600184	0
4	77600185	77611588	2
4	77611589	77626136	0
4	77626137	77629495	2
4	77629496	77636399	0
4	77636400	77643304	2
4	77643305	77652608	0
4	77652609	77659114	1
4	77659115	77670365	0
4	77670366	77675270	2
4	77675271	77682169	0
4	77682170	77703084	2
4	77703085	77766926	0
4	77766927	77774382	1
4	77774383	77774841	0
4	77774842	77778618	2
4	77778619	77812258	0
4	77812259	77831838	2
4	77831839	77879408	0
4	77879409	77883042	2
4	77883043	77887261	0
4	77887262	77887383	2
4	77887384	77934543	0
4	77934544	77938329	2
4	77938330	77955476	0
4	77955477	77960374	2
4	77960375	78010195	0
4	78010196	78049365	2
4	78049366	78051057	0
4	78051058	78059903	2
4	78059904	78060492	0
4	78060493	78194863	1
4	78194864	78220881	0
4	78220882	78239710	1
4	78239711	78269886	0
4	78269887	78270667	1
4	78270668	78274960	0
4	78274961	78293656	2
4	78293657	78297549	0
4	78297550	78318653	2
4	78318654	78330316	0
4	78330317	78331142	1
4	78331143	78337294	0
4	78337295	78358907	2
4	78358908	78367595	0
4	78367596	78368071	1
4	78368072	78370647	0
4	78370648	78466238	2
4	78466239	78556450	0
4	78556451	78556902	1
4	78556903	78652289	0
4	78652290	78679589	1
4	78679590	78881262	0
4	78881263	78888493	2
4	78888494	79124804	0
4	79124805	79254138	2
4	79254139	79257802	0
4	79257803	79320804	1
4	79320805	79350347	0
4	79350348	79523391	1
4	79523392	79523447	0
4	79523448	79528489	2
4	79528490	79623500	0
4	79623501	79623630	1
4	79623631	79633629	0
4	79633630	79634075	1
4	79634076	79651376	0
4	79651377	79654052	1
4	79654053	79654180	0
4	79654181	79662081	2
4	79662082	79663374	0
4	79663375	79689070	1
4	79689071	79712518	0
4	79712519	79716234	1
4	79716235	79908141	0
4	79908142	79909325	1
4	79909326	80269819	0
4	80269820	80272643	2
4	80272644	80333760	0
4	80333761	80333856	1
4	80333857	80506754	0
4	80506755	80534627	2
4	80534628	80534649	0
4	80534650	80545247	1
4	80545248	80546008	0
4	80546009	80559281	2
4	80559282	80602893	0
4	80602894	80603834	2
4	80603835	80612667	0
4	80612668	80624678	2
4	80624679	80625724	3
4	80625725	80676994	2
4	80676995	80678222	0
4	80678223	80730451	2
4	80730452	80950578	0
4	80950579	81100889	1
4	81100890	81128023	0
4	81128024	81144255	2
4	81144256	81255881	0
4	81255882	81258502	1
4	81258503	81262766	0
4	81262767	81265042	1
4	81265043	81269241	0
4	81269242	81313216	1
4	81313217	81314623	0
4	81314624	81317657	1
4	81317658	81323380	0
4	81323381	81326356	1
4	81326357	81330485	0
4	81330486	81330569	1
4	81330570	81331589	0
4	81331590	81340917	1
4	81340918	81342526	0
4	81342527	81346230	1
4	81346231	81346414	0
4	81346415	81350177	2
4	81350178	81358954	0
4	81358955	81361089	1
4	81361090	81416588	0
4	81416589	81420965	2
4	81420966	81647410	0
4	81647411	81648447	2
4	81648448	81649173	0
4	81649174	81682222	1
4	81682223	81688733	3
4	81688734	81709905	1
4	81709906	81713716	3
4	81713717	81780615	1
4	81780616	81821987	0
4	81821988	81879098	2
4	81879099	81881059	0
4	81881060	82141260	1
4	82141261	82141965	3
4	82141966	82183098	1
4	82183099	82296397	0
4	82296398	82296537	2
4	82296538	82393728	0
4	82393729	82790323	2
4	82790324	82922326	0
4	82922327	82927170	1
4	82927171	82980037	0
4	82980038	82980168	1
4	82980169	82981420	0
4	82981421	83085653	1
4	83085654	83147981	0
4	83147982	83407707	2
4	83407708	83431756	0
4	83431757	83437434	2
4	83437435	83550466	0
4	83550467	83629384	2
4	83629385	83632129	0
4	83632130	83693850	1
4	83693851	83705650	0
4	83705651	83721526	1
4	83721527	83723559	0
4	83723560	83774079	2
4	83774080	83807577	0
4	83807578	83824948	2
4	83824949	83921468	0
4	83921469	83930588	1
4	83930589	83949307	0
4	83949308	84027816	2
4	84027817	84060878	0
4	84060879	84111402	1
4	84111403	84114200	0
4	84114201	84114326	2
4	84114327	84123116	0
4	84123117	84129275	1
4	84129276	84151735	0
4	84151736	84152475	2
4	84152476	84171594	0
4	84171595	84212607	2
4	84212608	84224000	0
4	84224001	84265902	1
4	84265903	84318195	0
4	84318196	84322491	1
4	84322492	84358900	0
4	84358901	84463393	2
4	84463394	84482510	0
4	84482511	84494688	2
4	84494689	84500210	0
4	84500211	84532774	2
4	84532775	84593890	0
4	84593891	84642698	2
4	84642699	84846229	0
4	84846230	84849997	1
4	84849998	85015188	0
4	85015189	85172329	2
4	85172330	85213885	0
4	85213886	85230601	2
4	85230602	85300856	0
4	85300857	85863217	1
4	85863218	85887873	0
4	85887874	85888975	1
4	85888976	85951071	0
4	85951072	85954287	1
4	85954288	85961633	0
4	85961634	86008789	2
4	86008790	86027945	0
4	86027946	86050209	1
4	86050210	86106280	0
4	86106281	86156719	2
4	86156720	86161641	0
4	86161642	86204626	1
4	86204627	86217227	0
4	86217228	86217285	2
4	86217286	86218296	3
4	86218297	86219006	1
4	86219007	86235904	0
4	86235905	86237037	2
4	86237038	86263366	0
4	86263367	86269285	2
4	86269286	86285179	0
4	86285180	86289921	2
4	86289922	86329576	0
4	86329577	86330481	2
4	86330482	86339042	0
4	86339043	86344219	2
4	86344220	86377731	0
4	86377732	86381733	2
4	86381734	86390633	0
4	86390634	86400132	2
4	86400133	86447927	0
4	86447928	86448715	2
4	86448716	86536845	0
4	86536846	86537747	2
4	86537748	86626716	0
4	86626717	86627615	2
4	86627616	86679088	0
4	86679089	86686595	2
4	86686596	86737896	0
4	86737897	86745648	2
4	86745649	86750228	0
4	86750229	86758209	2
4	86758210	86776898	0
4	86776899	86783963	2
4	86783964	86800157	0
4	86800158	86806841	1
4	86806842	86819430	0
4	86819431	86820684	1
4	86820685	86868614	0
4	86868615	86874090	2
4	86874091	86949814	0
4	86949815	86956055	2
4	86956056	86972841	0
4	86972842	86978665	2
4	86978666	86994063	0
4	86994064	87012651	2
4	87012652	87136072	0
4	87136073	87136980	2
4	87136981	87160348	0
4	87160349	87164321	2
4	87164322	87192376	0
4	87192377	87204463	2
4	87204464	87231502	0
4	87231503	87232396	2
4	87232397	87248798	0
4	87248799	87258725	2
4	87258726	87340947	0
4	87340948	87348540	2
4	87348541	87363475	0
4	87363476	87441821	2
4	87441822	87450373	3
4	87450374	87482798	1
4	87482799	87501857	0
4	87501858	87505492	2
4	87505493	87524491	0
4	87524492	87581742	1
4	87581743	87592781	0
4	87592782	87602034	1
4	87602035	87612202	0
4	87612203	87636150	2
4	87636151	87693138	0
4	87693139	87693463	1
4	87693464	87745317	0
4	87745318	87802407	2
4	87802408	87846042	0
4	87846043	87846148	2
4	87846149	87855577	0
4	87855578	87857084	1
4	87857085	87952272	0
4	87952273	88022567	2
4	88022568	88024652	3
4	88024653	88042486	2
4	88042487	88058401	0
4	88058402	88155858	1
4	88155859	88240637	0
4	88240638	88240767	2
4	88240768	88414516	0
4	88414517	88417783	2
4	88417784	88563605	0
4	88563606	88657427	1
4	88657428	88804031	0
4	88804032	88806617	2
4	88806618	88840109	0
4	88840110	88842804	2
4	88842805	88926752	0
4	88926753	88929161	2
4	88929162	88957346	0
4	88957347	88959951	2
4	88959952	89048325	0
4	89048326	89049389	2
4	89049390	89215101	0
4	89215102	89216311	1
4	89216312	89244065	0
4	89244066	89245572	2
4	89245573	89276029	0
4	89276030	89277536	2
4	89277537	89696418	0
4	89696419	89796260	1
4	89796261	89903172	0
4	89903173	89950472	2
4	89950473	90149068	0
4	90149069	90154176	1
4	90154177	90292778	0
4	90292779	91388784	2
4	91388785	91716965	0
4	91716966	91717029	1
4	91717030	92100971	0
4	92100972	92101566	1
4	92101567	92142298	0
4	92142299	92144023	1
4	92144024	92415228	0
4	92415229	93889353	2
4	93889354	93912066	0
4	93912067	93914152	2
4	93914153	94060974	0
4	94060975	94061036	2
4	94061037	94061122	0
4	94061123	94061183	2
4	94061184	94144888	0
4	94144889	94145031	2
4	94145032	94311487	0
4	94311488	94372561	2
4	94372562	94373340	0
4	94373341	94397881	1
4	94397882	94678368	0
4	94678369	94757032	2
4	94757033	94811095	0
4	94811096	94907603	2
4	94907604	94944358	0
4	94944359	94981871	2
4	94981872	94993116	0
4	94993117	94993217	1
4	94993218	95075766	0
4	95075767	95238299	2
4	95238300	95251608	0
4	95251609	95253086	2
4	95253087	95284818	0
4	95284819	95284924	1
4	95284925	95590707	0
4	95590708	95591590	2
4	95591591	95826535	0
4	95826536	95826674	2
4	95826675	95906815	0
4	95906816	95913468	2
4	95913469	95941951	0
4	95941952	95945997	1
4	95945998	96010950	0
4	96010951	96134710	2
4	96134711	96146559	0
4	96146560	96146708	2
4	96146709	96154787	0
4	96154788	96157113	1
4	96157114	96401475	0
4	96401476	96421811	2
4	96421812	96426840	0
4	96426841	96515287	1
4	96515288	96580712	0
4	96580713	96674019	1
4	96674020	96707949	0
4	96707950	96709648	1
4	96709649	96746168	0
4	96746169	96746693	2
4	96746694	96796492	0
4	96796493	96796818	2
4	96796819	96810382	0
4	96810383	96810502	1
4	96810503	96837123	0
4	96837124	96837622	2
4	96837623	96841595	0
4	96841596	96842468	2
4	96842469	96851909	0
4	96851910	96852041	1
4	96852042	96880086	0
4	96880087	96880424	2
4	96880425	96885938	0
4	96885939	96886058	1
4	96886059	96917697	0
4	96917698	96918224	2
4	96918225	96928475	0
4	96928476	96929155	2
4	96929156	96989935	0
4	96989936	96990065	1
4	96990066	96997681	0
4	96997682	96999981	2
4	96999982	97000310	0
4	97000311	97000441	1
4	97000442	97014009	0
4	97014010	97014520	2
4	97014521	97072180	0
4	97072181	97073102	2
4	97073103	97096883	0
4	97096884	97097015	1
4	97097016	97118745	0
4	97118746	97119083	2
4	97119084	97130819	0
4	97130820	97130956	1
4	97130957	97154878	0
4	97154879	97154998	1
4	97154999	97175026	0
4	97175027	97175119	1
4	97175120	97188741	0
4	97188742	97189263	2
4	97189264	97229653	0
4	97229654	97229785	1
4	97229786	97237447	0
4	97237448	97237947	2
4	97237948	97265221	0
4	97265222	97308493	2
4	97308494	97380736	0
4	97380737	97381524	2
4	97381525	97435182	0
4	97435183	97436009	2
4	97436010	97480515	0
4	97480516	97480616	1
4	97480617	97530670	0
4	97530671	97531509	2
4	97531510	97561077	0
4	97561078	97561999	1
4	97562000	97573095	0
4	97573096	97573379	2
4	97573380	97576658	0
4	97576659	97576789	1
4	97576790	97585460	0
4	97585461	97586144	2
4	97586145	97617860	0
4	97617861	97618683	2
4	97618684	97680794	0
4	97680795	97681114	2
4	97681115	97709578	0
4	97709579	97710428	2
4	97710429	97739505	0
4	97739506	97739813	2
4	97739814	97772011	0
4	97772012	97772873	2
4	97772874	97809238	0
4	97809239	97810150	2
4	97810151	97828766	0
4	97828767	97829068	2
4	97829069	97870036	0
4	97870037	97870533	2
4	97870534	97916583	0
4	97916584	97917531	2
4	97917532	97964572	0
4	97964573	97965722	2
4	97965723	97969893	0
4	97969894	97970019	2
4	97970020	98001298	0
4	98001299	98002143	2
4	98002144	98004232	0
4	98004233	98004358	2
4	98004359	98024538	0
4	98024539	98024858	2
4	98024859	98048277	0
4	98048278	98050117	2
4	98050118	98101664	0
4	98101665	98102553	2
4	98102554	98130828	0
4	98130829	98131673	2
4	98131674	98133757	0
4	98133758	98133884	2
4	98133885	98153509	0
4	98153510	98153829	2
4	98153830	98175422	0
4	98175423	98175985	2
4	98175986	98233462	0
4	98233463	98234339	2
4	98234340	98238813	0
4	98238814	98238915	2
4	98238916	98260239	0
4	98260240	98261116	2
4	98261117	98263171	0
4	98263172	98263298	2
4	98263299	98324091	0
4	98324092	98324399	2
4	98324400	98377836	0
4	98377837	98378343	2
4	98378344	98386483	0
4	98386484	98387110	2
4	98387111	98403429	0
4	98403430	98404048	2
4	98404049	98404646	0
4	98404647	98412578	1
4	98412579	98464363	0
4	98464364	98464858	2
4	98464859	98481765	0
4	98481766	98482494	2
4	98482495	98493909	0
4	98493910	98494035	1
4	98494036	98496164	0
4	98496165	98496763	1
4	98496764	98525290	0
4	98525291	98525610	2
4	98525611	98583970	0
4	98583971	98584102	2
4	98584103	98622087	0
4	98622088	98622383	2
4	98622384	98643364	0
4	98643365	98643705	2
4	98643706	98686030	0
4	98686031	98686697	2
4	98686698	98718153	0
4	98718154	98718809	2
4	98718810	98778509	0
4	98778510	98779176	2
4	98779177	98810499	0
4	98810500	98811092	2
4	98811093	98829124	0
4	98829125	98829735	2
4	98829736	98863550	0
4	98863551	98864054	1
4	98864055	98893807	0
4	98893808	98894345	1
4	98894346	98928420	0
4	98928421	98937947	2
4	98937948	98941439	0
4	98941440	98941981	1
4	98941982	99014636	0
4	99014637	99015036	2
4	99015037	99026258	0
4	99026259	99026747	2
4	99026748	99071761	0
4	99071762	99072264	2
4	99072265	99089403	0
4	99089404	99118029	2
4	99118030	99138450	0
4	99138451	99138940	2
4	99138941	99145778	0
4	99145779	99145882	2
4	99145883	99164530	0
4	99164531	99165055	2
4	99165056	99169783	0
4	99169784	99169887	2
4	99169888	99184020	0
4	99184021	99184492	2
4	99184493	99200395	0
4	99200396	99200499	2
4	99200500	99208824	0
4	99208825	99241490	2
4	99241491	99253668	0
4	99253669	99253772	2
4	99253773	99263280	0
4	99263281	99263913	2
4	99263914	99268720	0
4	99268721	99268824	2
4	99268825	99290070	0
4	99290071	99290174	2
4	99290175	99301733	0
4	99301734	99302261	2
4	99302262	99309438	0
4	99309439	99309542	2
4	99309543	99338044	0
4	99338045	99338627	2
4	99338628	99346230	0
4	99346231	99346334	2
4	99346335	99389745	0
4	99389746	99390071	1
4	99390072	99431986	0
4	99431987	99432480	1
4	99432481	99457667	0
4	99457668	99488430	1
4	99488431	99498043	0
4	99498044	99498648	1
4	99498649	99531738	0
4	99531739	99532174	1
4	99532175	99536970	0
4	99536971	99558697	1
4	99558698	99569342	0
4	99569343	99569641	2
4	99569642	99586295	0
4	99586296	99586672	1
4	99586673	99672919	0
4	99672920	99673405	2
4	99673406	99708507	0
4	99708508	99708863	1
4	99708864	99716824	0
4	99716825	99717311	1
4	99717312	99846973	0
4	99846974	99847715	1
4	99847716	99925886	0
4	99925887	99926453	1
4	99926454	99999939	0
4	99999940	100000232	1
4	100000233	100020498	0
4	100020499	100021047	1
4	100021048	100041406	0
4	100041407	100163904	1
4	100163905	100181643	0
4	100181644	100182206	1
4	100182207	100238543	0
4	100238544	100239061	1
4	100239062	100263389	0
4	100263390	100310070	1
4	100310071	100327805	0
4	100327806	100328546	1
4	100328547	100342698	0
4	100342699	100342991	1
4	100342992	100382936	0
4	100382937	100383226	1
4	100383227	100412652	0
4	100412653	100413329	1
4	100413330	100487840	0
4	100487841	100488539	2
4	100488540	100511831	0
4	100511832	100512328	1
4	100512329	100534685	0
4	100534686	100534978	1
4	100534979	100621573	0
4	100621574	100621860	1
4	100621861	100639630	0
4	100639631	100639923	1
4	100639924	100667148	0
4	100667149	100667606	1
4	100667607	100711665	0
4	100711666	100712166	1
4	100712167	100736030	0
4	100736031	100736587	1
4	100736588	100774990	0
4	100774991	100775601	1
4	100775602	100788354	0
4	100788355	100788677	1
4	100788678	100830127	0
4	100830128	100830638	1
4	100830639	100855154	0
4	100855155	100855754	1
4	100855755	100928807	0
4	100928808	100929163	1
4	100929164	100965910	0
4	100965911	100966221	1
4	100966222	101025414	0
4	101025415	101026147	1
4	101026148	101065785	0
4	101065786	101066141	1
4	101066142	101084327	0
4	101084328	101084905	1
4	101084906	101148453	0
4	101148454	101182852	1
4	101182853	101201182	0
4	101201183	101201493	1
4	101201494	101257668	0
4	101257669	101257892	2
4	101257893	101283786	0
4	101283787	101284184	1
4	101284185	101286234	0
4	101286235	101286340	2
4	101286341	101302916	0
4	101302917	101303227	1
4	101303228	101355271	0
4	101355272	101355582	1
4	101355583	101373630	0
4	101373631	101373941	1
4	101373942	101412439	0
4	101412440	101416925	2
4	101416926	101432813	0
4	101432814	101433397	1
4	101433398	101437201	0
4	101437202	101445940	1
4	101445941	101448128	0
4	101448129	101449207	1
4	101449208	101478728	0
4	101478729	101479358	1
4	101479359	101564707	0
4	101564708	101565496	1
4	101565497	101605895	0
4	101605896	101606780	1
4	101606781	101645318	0
4	101645319	101645698	1
4	101645699	101661066	0
4	101661067	101661674	1
4	101661675	101762862	0
4	101762863	101763726	1
4	101763727	101835334	0
4	101835335	101853466	1
4	101853467	101854414	3
4	101854415	102208042	1
4	102208043	102208783	3
4	102208784	102305139	1
4	102305140	102326749	0
4	102326750	102327343	1
4	102327344	102343814	0
4	102343815	102344430	1
4	102344431	102351199	0
4	102351200	102351549	1
4	102351550	102366053	0
4	102366054	102366592	1
4	102366593	102404344	0
4	102404345	102446977	2
4	102446978	102447649	3
4	102447650	102688486	2
4	102688487	102689572	0
4	102689573	102714549	2
4	102714550	102723710	0
4	102723711	102735622	1
4	102735623	102735726	3
4	102735727	102749353	1
4	102749354	102805508	0
4	102805509	102866909	2
4	102866910	102869246	0
4	102869247	102869733	1
4	102869734	102885693	0
4	102885694	102892932	1
4	102892933	102933407	0
4	102933408	102937653	2
4	102937654	102978141	0
4	102978142	102978284	1
4	102978285	103011256	0
4	103011257	103011411	1
4	103011412	103112961	0
4	103112962	103132015	1
4	103132016	103191004	0
4	103191005	103194786	2
4	103194787	103200320	0
4	103200321	103261534	1
4	103261535	103277154	3
4	103277155	103294883	1
4	103294884	103295461	3
4	103295462	103311764	1
4	103311765	103312576	0
4	103312577	103328551	2
4	103328552	103365802	0
4	103365803	103370038	2
4	103370039	103376041	0
4	103376042	103378412	1
4	103378413	103379906	0
4	103379907	103433049	1
4	103433050	103526500	0
4	103526501	103555917	2
4	103555918	103576513	0
4	103576514	103623957	2
4	103623958	103630906	0
4	103630907	103675071	1
4	103675072	103745631	0
4	103745632	103862336	2
4	103862337	103865810	0
4	103865811	103880457	1
4	103880458	103880885	3
4	103880886	103919107	2
4	103919108	103920564	0
4	103920565	103950049	1
4	103950050	103957536	3
4	103957537	104014018	2
4	104014019	104134611	0
4	104134612	104156901	2
4	104156902	104157007	3
4	104157008	104192556	2
4	104192557	104244333	0
4	104244334	104246212	2
4	104246213	104259990	0
4	104259991	104292166	1
4	104292167	104359394	0
4	104359395	104368434	2
4	104368435	104373953	0
4	104373954	104402586	1
4	104402587	104404990	3
4	104404991	104406357	1
4	104406358	104408318	2
4	104408319	104410514	0
4	104410515	104414603	2
4	104414604	104421307	3
4	104421308	104423818	2
4	104423819	104426210	3
4	104426211	104429347	2
4	104429348	104442391	0
4	104442392	104452895	1
4	104452896	104469763	0
4	104469764	104487061	2
4	104487062	104488464	0
4	104488465	104495491	1
4	104495492	104566209	0
4	104566210	104574116	1
4	104574117	104594751	0
4	104594752	104611854	2
4	104611855	104614674	0
4	104614675	104653051	1
4	104653052	104653153	0
4	104653154	104663351	2
4	104663352	104668308	3
4	104668309	104671162	1
4	104671163	104671248	0
4	104671249	104673058	2
4	104673059	104680737	0
4	104680738	104784450	1
4	104784451	104784728	3
4	104784729	104845285	1
4	104845286	104889845	0
4	104889846	104950232	1
4	104950233	104962895	0
4	104962896	104963180	2
4	104963181	105009210	0
4	105009211	105011026	1
4	105011027	105038035	0
4	105038036	105038121	1
4	105038122	105064123	0
4	105064124	105284374	1
4	105284375	105288089	0
4	105288090	105294154	1
4	105294155	105308037	0
4	105308038	105337598	2
4	105337599	105520440	0
4	105520441	105521540	1
4	105521541	105696501	0
4	105696502	105699045	2
4	105699046	105989675	0
4	105989676	105990109	2
4	105990110	106494536	0
4	106494537	106494667	2
4	106494668	106608288	0
4	106608289	106609574	2
4	106609575	108118727	0
4	108118728	108118850	2
4	108118851	108405705	0
4	108405706	108406247	1
4	108406248	108539247	0
4	108539248	108539410	1
4	108539411	108755107	0
4	108755108	108755294	2
4	108755295	108858889	0
4	108858890	108859524	1
4	108859525	109168370	0
4	109168371	109168476	1
4	109168477	109293976	0
4	109293977	109701813	1
4	109701814	109717182	3
4	109717183	110443520	1
4	110443521	110662074	0
4	110662075	110662207	1
4	110662208	110861773	0
4	110861774	110865013	2
4	110865014	110867645	0
4	110867646	110870070	1
4	110870071	110872423	0
4	110872424	110875155	2
4	110875156	110892451	0
4	110892452	110895568	2
4	110895569	110924166	0
4	110924167	110926721	1
4	110926722	111394807	0
4	111394808	111394968	2
4	111394969	111475410	0
4	111475411	111475541	1
4	111475542	111773081	0
4	111773082	111773203	2
4	111773204	112545915	0
4	112545916	113273428	2
4	113273429	113280791	3
4	113280792	113335863	2
4	113335864	114189973	0
4	114189974	114190377	1
4	114190378	114390352	0
4	114390353	114390481	2
4	114390482	114481605	0
4	114481606	114519960	2
4	114519961	114521822	0
4	114521823	114526051	1
4	114526052	114593339	0
4	114593340	114643009	2
4	114643010	114684573	0
4	114684574	114684950	1
4	114684951	114920842	0
4	114920843	115089731	2
4	115089732	115165283	0
4	115165284	115171095	1
4	115171096	115171242	0
4	115171243	115171311	1
4	115171312	115173165	3
4	115173166	115176551	1
4	115176552	115234507	0
4	115234508	115283528	1
4	115283529	115284057	0
4	115284058	115291597	2
4	115291598	115411415	0
4	115411416	115437719	1
4	115437720	115455395	0
4	115455396	115536485	2
4	115536486	115537460	0
4	115537461	115540463	1
4	115540464	115540683	0
4	115540684	115556914	2
4	115556915	115557464	3
4	115557465	115560093	1
4	115560094	115560259	0
4	115560260	115563344	2
4	115563345	115563750	0
4	115563751	115572588	2
4	115572589	115573797	0
4	115573798	115575640	1
4	115575641	115583865	0
4	115583866	115587006	2
4	115587007	115591972	0
4	115591973	115594130	2
4	115594131	115608483	0
4	115608484	115616214	2
4	115616215	115621621	0
4	115621622	115625030	2
4	115625031	115625166	0
4	115625167	115627622	1
4	115627623	115627906	0
4	115627907	115631454	1
4	115631455	115637716	0
4	115637717	115639730	2
4	115639731	115640772	0
4	115640773	115654966	2
4	115654967	115657946	3
4	115657947	115657950	2
4	115657951	115661560	1
4	115661561	115661636	0
4	115661637	115703813	2
4	115703814	115725590	0
4	115725591	115810321	2
4	115810322	115811137	0
4	115811138	115822606	1
4	115822607	115831549	0
4	115831550	115848559	2
4	115848560	115853348	0
4	115853349	115862795	2
4	115862796	115871263	0
4	115871264	115964191	1
4	115964192	115979092	0
4	115979093	116014731	1
4	116014732	116021830	0
4	116021831	116046463	1
4	116046464	116056055	0
4	116056056	116080541	1
4	116080542	116080659	0
4	116080660	116081356	2
4	116081357	116083560	3
4	116083561	116096513	2
4	116096514	116097134	3
4	116097135	116110380	2
4	116110381	116129021	0
4	116129022	116138773	1
4	116138774	116155210	0
4	116155211	116161516	1
4	116161517	116195526	0
4	116195527	116219592	2
4	116219593	116223797	0
4	116223798	116242473	2
4	116242474	116244598	0
4	116244599	116246953	1
4	116246954	116253015	3
4	116253016	116260251	1
4	116260252	116260491	0
4	116260492	116267435	2
4	116267436	116268095	3
4	116268096	116277136	1
4	116277137	116281326	0
4	116281327	116292018	2
4	116292019	116313135	3
4	116313136	116323377	1
4	116323378	116402426	0
4	116402427	116423164	2
4	116423165	116423312	3
4	116423313	116479843	2
4	116479844	116490614	0
4	116490615	116690707	2
4	116690708	117041806	0
4	117041807	117058626	1
4	117058627	117094739	0
4	117094740	117499016	1
4	117499017	117499120	3
4	117499121	117550178	1
4	117550179	117587212	0
4	117587213	117587343	1
4	117587344	117652868	0
4	117652869	117652991	1
4	117652992	117671947	0
4	117671948	117675676	1
4	117675677	117675775	0
4	117675776	117682517	2
4	117682518	117685077	0
4	117685078	117685207	2
4	117685208	117689456	0
4	117689457	117692889	2
4	117692890	117725153	0
4	117725154	117741611	2
4	117741612	117750225	0
4	117750226	117752149	1
4	117752150	117752804	0
4	117752805	117869792	1
4	117869793	117871306	0
4	117871307	117908739	1
4	117908740	117961161	0
4	117961162	117965400	2
4	117965401	117969624	0
4	117969625	117984345	2
4	117984346	117984740	0
4	117984741	117989230	1
4	117989231	117989884	3
4	117989885	118006578	2
4	118006579	118010976	0
4	118010977	118039404	1
4	118039405	118047867	0
4	118047868	118050326	1
4	118050327	118125605	0
4	118125606	118226003	2
4	118226004	118239302	0
4	118239303	118285702	1
4	118285703	118319986	0
4	118319987	118324393	1
4	118324394	118325872	0
4	118325873	118332656	1
4	118332657	118332860	0
4	118332861	118342943	1
4	118342944	118344033	3
4	118344034	118357899	2
4	118357900	118359441	0
4	118359442	118363561	1
4	118363562	118368051	0
4	118368052	118385179	1
4	118385180	118400297	0
4	118400298	118416637	1
4	118416638	118432763	0
4	118432764	118436688	2
4	118436689	118497414	0
4	118497415	118538503	2
4	118538504	118618267	0
4	118618268	118700892	2
4	118700893	118778735	0
4	118778736	118786090	1
4	118786091	118805125	0
4	118805126	118811045	2
4	118811046	118812250	0
4	118812251	118819824	2
4	118819825	118830636	0
4	118830637	118842949	1
4	118842950	118852835	0
4	118852836	118880584	2
4	118880585	118888110	0
4	118888111	118916934	2
4	118916935	118917942	0
4	118917943	118918131	2
4	118918132	118921580	3
4	118921581	118927178	2
4	118927179	118944003	0
4	118944004	118965552	1
4	118965553	118972659	0
4	118972660	118976498	1
4	118976499	118987298	0
4	118987299	118987492	1
4	118987493	119016419	0
4	119016420	119030517	2
4	119030518	119077354	0
4	119077355	119078377	2
4	119078378	119097351	0
4	119097352	119117749	1
4	119117750	119121875	0
4	119121876	119133232	1
4	119133233	119140596	0
4	119140597	119179879	1
4	119179880	119184372	0
4	119184373	119234749	1
4	119234750	119234885	3
4	119234886	119241159	1
4	119241160	119295255	0
4	119295256	119350343	2
4	119350344	119350889	3
4	119350890	119450967	2
4	119450968	119459059	0
4	119459060	119480371	2
4	119480372	119496712	0
4	119496713	119546469	2
4	119546470	119590769	0
4	119590770	119778230	1
4	119778231	119790099	0
4	119790100	119795387	1
4	119795388	119818278	0
4	119818279	119824361	2
4	119824362	119829003	0
4	119829004	119834840	1
4	119834841	119837517	0
4	119837518	119842863	2
4	119842864	119872043	0
4	119872044	119878625	2
4	119878626	119896842	0
4	119896843	119974980	1
4	119974981	120021745	0
4	120021746	120033377	1
4	120033378	120070469	0
4	120070470	120122631	1
4	120122632	120126565	0
4	120126566	120181544	1
4	120181545	120188468	0
4	120188469	120217514	2
4	120217515	120235419	0
4	120235420	120237108	2
4	120237109	120249877	0
4	120249878	120269172	1
4	120269173	120276290	0
4	120276291	120297186	1
4	120297187	120302769	0
4	120302770	120311635	1
4	120311636	120366540	0
4	120366541	120415614	2
4	120415615	120440868	0
4	120440869	120441446	1
4	120441447	120461961	0
4	120461962	120506887	1
4	120506888	120543665	0
4	120543666	120565067	2
4	120565068	120588104	0
4	120588105	120588499	2
4	120588500	120650219	0
4	120650220	120658314	1
4	120658315	120658984	0
4	120658985	120667759	2
4	120667760	120681924	0
4	120681925	120687550	2
4	120687551	120707131	0
4	120707132	120915777	1
4	120915778	120932415	0
4	120932416	120933560	2
4	120933561	120934234	3
4	120934235	120960624	2
4	120960625	120987620	3
4	120987621	121016255	2
4	121016256	121029382	3
4	121029383	121088441	1
4	121088442	121192193	0
4	121192194	121294177	2
4	121294178	121299302	0
4	121299303	121305618	1
4	121305619	121306222	0
4	121306223	121338110	1
4	121338111	121346432	0
4	121346433	121360845	1
4	121360846	121364089	0
4	121364090	121375267	2
4	121375268	121571795	0
4	121571796	121573138	2
4	121573139	121605125	0
4	121605126	121610074	2
4	121610075	121737943	0
4	121737944	121944386	1
4	121944387	121944515	3
4	121944516	122024214	1
4	122024215	122072546	0
4	122072547	122112489	2
4	122112490	122137878	0
4	122137879	122142189	1
4	122142190	122143283	3
4	122143284	122148191	1
4	122148192	122156682	0
4	122156683	122171838	2
4	122171839	122212288	0
4	122212289	122225866	2
4	122225867	122235285	0
4	122235286	122243406	2
4	122243407	122274163	0
4	122274164	122275215	1
4	122275216	122334309	0
4	122334310	122335268	2
4	122335269	122354845	0
4	122354846	122364307	2
4	122364308	122372353	0
4	122372354	122378835	2
4	122378836	122387181	0
4	122387182	122390801	1
4	122390802	122394930	0
4	122394931	122396742	2
4	122396743	122462281	0
4	122462282	122473699	2
4	122473700	122498552	0
4	122498553	122507598	1
4	122507599	122537791	0
4	122537792	122548360	2
4	122548361	122562808	0
4	122562809	122563929	2
4	122563930	122575601	0
4	122575602	122580133	2
4	122580134	122581025	3
4	122581026	122608377	2
4	122608378	122613353	0
4	122613354	122614266	2
4	122614267	122672770	0
4	122672771	122686768	2
4	122686769	122686971	0
4	122686972	122687882	1
4	122687883	122723027	0
4	122723028	122731717	2
4	122731718	122768137	0
4	122768138	122769848	2
4	122769849	122817679	0
4	122817680	122822173	2
4	122822174	122824020	0
4	122824021	122838017	1
4	122838018	122844924	0
4	122844925	122876589	2
4	122876590	122882334	0
4	122882335	122914696	2
4	122914697	122916494	3
4	122916495	122938578	1
4	122938579	122965805	0
4	122965806	122978372	2
4	122978373	123060006	0
4	123060007	123106463	2
4	123106464	123112746	0
4	123112747	123154764	2
4	123154765	123168717	0
4	123168718	123361343	1
4	123361344	123361439	3
4	123361440	123488170	1
4	123488171	123511557	0
4	123511558	123609872	1
4	123609873	123650155	0
4	123650156	123667403	2
4	123667404	123704371	0
4	123704372	123763946	2
4	123763947	123863106	0
4	123863107	123908979	1
4	123908980	123968263	0
4	123968264	123977412	1
4	123977413	123977623	0
4	123977624	123992823	2
4	123992824	123993664	0
4	123993665	124021008	1
4	124021009	124021021	0
4	124021022	124027267	2
4	124027268	124195216	0
4	124195217	124268873	2
4	124268874	124271454	0
4	124271455	124321266	1
4	124321267	124392272	0
4	124392273	124419033	2
4	124419034	124432191	0
4	124432192	124469252	2
4	124469253	124497066	0
4	124497067	124594561	2
4	124594562	124608958	0
4	124608959	124661900	2
4	124661901	124668092	0
4	124668093	124680055	1
4	124680056	124682141	0
4	124682142	124683511	1
4	124683512	124683967	0
4	124683968	124712576	1
4	124712577	124713177	0
4	124713178	124722958	2
4	124722959	124742109	0
4	124742110	124744635	1
4	124744636	124869550	0
4	124869551	125214822	1
4	125214823	125291488	0
4	125291489	125334069	1
4	125334070	125357798	3
4	125357799	125387035	1
4	125387036	125397931	3
4	125397932	125462927	1
4	125462928	125510190	0
4	125510191	125670250	2
4	125670251	125686237	0
4	125686238	125689909	2
4	125689910	125697536	3
4	125697537	125712070	2
4	125712071	125714066	3
4	125714067	125762927	1
4	125762928	125861715	0
4	125861716	125861843	1
4	125861844	126026595	0
4	126026596	126026705	2
4	126026706	126206814	0
4	126206815	126415987	1
4	126415988	126416117	3
4	126416118	126582142	1
4	126582143	126583352	3
4	126583353	126811689	1
4	126811690	126816737	0
4	126816738	126817047	1
4	126817048	127036740	0
4	127036741	127130896	2
4	127130897	127131018	3
4	127131019	127231511	1
4	127231512	127274470	0
4	127274471	127275696	2
4	127275697	127416808	0
4	127416809	127417721	2
4	127417722	127676139	0
4	127676140	127687695	2
4	127687696	127921318	0
4	127921319	127921429	2
4	127921430	128067031	0
4	128067032	128337168	1
4	128337169	128599988	0
4	128599989	128632372	1
4	128632373	128662327	0
4	128662328	128665303	1
4	128665304	128677529	0
4	128677530	128687815	1
4	128687816	128739311	0
4	128739312	128787098	2
4	128787099	128789310	3
4	128789311	129166304	2
4	129166305	129166405	3
4	129166406	129243775	2
4	129243776	129437465	0
4	129437466	129671247	1
4	129671248	129718899	0
4	129718900	129756443	1
4	129756444	129763112	0
4	129763113	129785627	1
4	129785628	129789202	0
4	129789203	129810604	1
4	129810605	129810643	0
4	129810644	129838606	2
4	129838607	129843968	0
4	129843969	129858242	1
4	129858243	129895706	0
4	129895707	130084195	1
4	130084196	130100871	0
4	130100872	130103559	2
4	130103560	130109973	3
4	130109974	130112718	2
4	130112719	130130725	0
4	130130726	130148804	2
4	130148805	130156083	0
4	130156084	130157320	1
4	130157321	130159478	0
4	130159479	130223727	1
4	130223728	130392377	0
4	130392378	130392508	2
4	130392509	130409215	0
4	130409216	130621143	2
4	130621144	130846888	0
4	130846889	130947091	1
4	130947092	131099000	0
4	131099001	131099106	1
4	131099107	131560790	0
4	131560791	131563174	2
4	131563175	131564754	0
4	131564755	132112256	1
4	132112257	132154421	0
4	132154422	132211072	2
4	132211073	132258500	0
4	132258501	132301806	1
4	132301807	132328362	0
4	132328363	132329495	2
4	132329496	132332178	0
4	132332179	132342314	2
4	132342315	132347101	0
4	132347102	132361383	1
4	132361384	132485335	0
4	132485336	132485682	1
4	132485683	132876359	0
4	132876360	132928314	1
4	132928315	133135426	0
4	133135427	133135557	1
4	133135558	133213359	0
4	133213360	133305584	1
4	133305585	133305627	0
4	133305628	133312920	2
4	133312921	133347497	0
4	133347498	133449452	2
4	133449453	133454553	0
4	133454554	133495484	2
4	133495485	133581498	0
4	133581499	133598861	1
4	133598862	133652098	0
4	133652099	133659887	1
4	133659888	133770734	0
4	133770735	133996957	1
4	133996958	134842264	0
4	134842265	134969599	1
4	134969600	134969760	3
4	134969761	135125611	1
4	135125612	135361241	0
4	135361242	135361419	2
4	135361420	135562030	0
4	135562031	135562143	2
4	135562144	136291461	0
4	136291462	136503263	2
4	136503264	136623722	0
4	136623723	136623784	1
4	136623785	136819725	0
4	136819726	136820324	1
4	136820325	136953748	0
4	136953749	136954478	1
4	136954479	137032324	0
4	137032325	137032440	2
4	137032441	137093887	0
4	137093888	137094417	2
4	137094418	137095697	3
4	137095698	137096291	1
4	137096292	137355365	0
4	137355366	137751117	2
4	137751118	138789715	0
4	138789716	138794265	1
4	138794266	139099150	0
4	139099151	139621088	2
4	139621089	139632064	0
4	139632065	139668542	1
4	139668543	139680856	0
4	139680857	139689092	2
4	139689093	139689202	3
4	139689203	139701092	2
4	139701093	139703609	3
4	139703610	139719936	1
4	139719937	139720010	0
4	139720011	139843779	2
4	139843780	140476322	0
4	140476323	140518618	2
4	140518619	140680623	0
4	140680624	140680736	2
4	140680737	141046067	0
4	141046068	141058195	2
4	141058196	141078739	0
4	141078740	141160706	1
4	141160707	141187416	0
4	141187417	141433459	2
4	141433460	141433671	3
4	141433672	141510489	2
4	141510490	141519861	0
4	141519862	141571486	1
4	141571487	141618474	0
4	141618475	141624772	2
4	141624773	141748585	0
4	141748586	141792594	2
4	141792595	141797699	0
4	141797700	141829715	2
4	141829716	142280444	0
4	142280445	142280652	1
4	142280653	142973963	0
4	142973964	142974047	2
4	142974048	143731257	0
4	143731258	144143259	2
4	144143260	144143354	3
4	144143355	144220749	2
4	144220750	144220988	3
4	144220989	144511366	2
4	144511367	144511632	3
4	144511633	144612342	2
4	144612343	144668338	0
4	144668339	144668442	2
4	144668443	145393143	0
4	145393144	145452044	2
4	145452045	145503183	0
4	145503184	145521733	1
4	145521734	145582058	0
4	145582059	145598135	2
4	145598136	145599559	0
4	145599560	145614672	1
4	145614673	145735652	0
4	145735653	145821067	1
4	145821068	145824891	0
4	145824892	145827798	2
4	145827799	145840076	0
4	145840077	146070573	1
4	146070574	146088307	0
4	146088308	146088517	2
4	146088518	146185501	0
4	146185502	146211244	2
4	146211245	146217178	0
4	146217179	146294892	2
4	146294893	146295419	0
4	146295420	146299263	2
4	146299264	146313539	0
4	146313540	146340461	1
4	146340462	146386954	0
4	146386955	146429988	2
4	146429989	146430790	0
4	146430791	146454331	2
4	146454332	146456316	0
4	146456317	146472647	2
4	146472648	146474748	0
4	146474749	146481194	2
4	146481195	146484764	3
4	146484765	146492079	1
4	146492080	146510244	0
4	146510245	146511605	1
4	146511606	146511795	3
4	146511796	146521588	1
4	146521589	146522174	0
4	146522175	146532783	2
4	146532784	146533951	0
4	146533952	146557887	2
4	146557888	146558560	0
4	146558561	146562792	1
4	146562793	146569287	0
4	146569288	146582171	1
4	146582172	146591508	0
4	146591509	146594910	2
4	146594911	146595100	3
4	146595101	146596286	2
4	146596287	146605524	0
4	146605525	146618204	2
4	146618205	146619002	0
4	146619003	146631440	2
4	146631441	146631881	0
4	146631882	146641171	2
4	146641172	146641487	3
4	146641488	146641497	2
4	146641498	146650315	1
4	146650316	146663065	0
4	146663066	146679027	1
4	146679028	146679177	0
4	146679178	146740861	2
4	146740862	146743410	3
4	146743411	146747567	1
4	146747568	146750819	0
4	146750820	146768854	2
4	146768855	146772466	0
4	146772467	146779375	2
4	146779376	146786098	0
4	146786099	146842600	2
4	146842601	146845154	0
4	146845155	146860895	2
4	146860896	146865710	0
4	146865711	146869619	1
4	146869620	146875522	0
4	146875523	146891171	1
4	146891172	146896330	0
4	146896331	147140663	1
4	147140664	147297967	0
4	147297968	147413441	2
4	147413442	147466963	0
4	147466964	147482291	2
4	147482292	147575099	0
4	147575100	147579345	1
4	147579346	147645993	0
4	147645994	147647453	2
4	147647454	147699284	0
4	147699285	147708379	1
4	147708380	147718750	0
4	147718751	147925591	2
4	147925592	147927032	0
4	147927033	148103692	1
4	148103693	148115792	0
4	148115793	148116427	2
4	148116428	148140394	3
4	148140395	148186206	1
4	148186207	148186268	0
4	148186269	148270349	2
4	148270350	148271149	3
4	148271150	148304488	2
4	148304489	148312556	3
4	148312557	148319432	2
4	148319433	148319559	3
4	148319560	148344190	2
4	148344191	148423192	0
4	148423193	148548466	2
4	148548467	148602861	0
4	148602862	148638213	2
4	148638214	148644607	0
4	148644608	148652710	1
4	148652711	148661551	0
4	148661552	148679528	2
4	148679529	148679640	3
4	148679641	148740315	1
4	148740316	148787385	0
4	148787386	148787489	1
4	148787490	148791503	0
4	148791504	148823663	1
4	148823664	148835051	0
4	148835052	148863151	2
4	148863152	148864042	0
4	148864043	148867610	1
4	148867611	148869385	0
4	148869386	148890558	1
4	148890559	148894278	0
4	148894279	148904980	1
4	148904981	148905044	0
4	148905045	148975456	2
4	148975457	148980609	0
4	148980610	148985771	2
4	148985772	148993131	0
4	148993132	148998252	2
4	148998253	149002782	0
4	149002783	149043242	1
4	149043243	149066690	0
4	149066691	149066917	1
4	149066918	149069258	0
4	149069259	149078160	1
4	149078161	149079655	3
4	149079656	149239618	1
4	149239619	149267922	0
4	149267923	149325849	2
4	149325850	149327410	0
4	149327411	149399485	2
4	149399486	149415610	0
4	149415611	149492383	2
4	149492384	149492847	3
4	149492848	149498770	2
4	149498771	149499897	3
4	149499898	149530768	2
4	149530769	149531513	0
4	149531514	149578741	1
4	149578742	149606058	0
4	149606059	149613957	2
4	149613958	149646412	0
4	149646413	149654454	2
4	149654455	149669616	0
4	149669617	149678128	2
4	149678129	149693788	0
4	149693789	149698532	2
4	149698533	149715418	0
4	149715419	149720745	2
4	149720746	149747723	0
4	149747724	149748082	2
4	149748083	149750099	0
4	149750100	149754456	2
4	149754457	149775762	0
4	149775763	149779920	2
4	149779921	149791281	0
4	149791282	149796879	2
4	149796880	149817320	0
4	149817321	149820651	1
4	149820652	149839428	0
4	149839429	149840360	1
4	149840361	149885598	0
4	149885599	149893255	1
4	149893256	149897541	0
4	149897542	149910777	1
4	149910778	149914540	3
4	149914541	149932409	1
4	149932410	149948255	0
4	149948256	149973548	1
4	149973549	150004606	0
4	150004607	150004740	1
4	150004741	150054523	0
4	150054524	150054692	2
4	150054693	150078117	0
4	150078118	150079468	1
4	150079469	150206000	0
4	150206001	150206548	2
4	150206549	150388323	0
4	150388324	150401166	2
4	150401167	150527371	0
4	150527372	150527513	2
4	150527514	150927708	0
4	150927709	150929407	1
4	150929408	150984539	0
4	150984540	151011872	2
4	151011873	151029403	0
4	151029404	151039527	2
4	151039528	151050326	0
4	151050327	151051164	1
4	151051165	151061586	3
4	151061587	151061587	1
4	151061588	151062962	3
4	151062963	151065911	2
4	151065912	151083060	0
4	151083061	151109036	2
4	151109037	151109777	0
4	151109778	151113635	1
4	151113636	151153130	0
4	151153131	151153516	1
4	151153517	151184256	0
4	151184257	151192383	1
4	151192384	151225854	0
4	151225855	151267993	2
4	151267994	151277643	0
4	151277644	151308837	1
4	151308838	151326429	0
4	151326430	151368174	1
4	151368175	151558161	0
4	151558162	151595125	1
4	151595126	151606493	0
4	151606494	151629848	1
4	151629849	151638709	0
4	151638710	151656801	1
4	151656802	151672035	0
4	151672036	151739966	1
4	151739967	151764136	0
4	151764137	152358239	1
4	152358240	152379646	3
4	152379647	152397143	2
4	152397144	152408655	0
4	152408656	152485864	2
4	152485865	152500375	3
4	152500376	152521266	2
4	152521267	152524621	0
4	152524622	152559353	1
4	152559354	152565795	0
4	152565796	152565882	1
4	152565883	152575723	0
4	152575724	152575874	1
4	152575875	152609567	0
4	152609568	152662540	1
4	152662541	152666358	3
4	152666359	152733405	1
4	152733406	152767417	0
4	152767418	153055637	1
4	153055638	153056071	0
4	153056072	153064320	2
4	153064321	153106060	0
4	153106061	153128205	2
4	153128206	153128332	0
4	153128333	153219593	1
4	153219594	153219991	3
4	153219992	153253903	1
4	153253904	153306551	0
4	153306552	153408615	2
4	153408616	153409002	0
4	153409003	153509319	1
4	153509320	153521055	0
4	153521056	153533696	1
4	153533697	153534185	0
4	153534186	153565844	1
4	153565845	153566543	3
4	153566544	153642420	2
4	153642421	153667532	0
4	153667533	153690172	2
4	153690173	153698192	0
4	153698193	153699910	1
4	153699911	153718789	0
4	153718790	153753275	1
4	153753276	153890204	0
4	153890205	153993449	2
4	153993450	154000988	0
4	154000989	154021370	2
4	154021371	154022356	0
4	154022357	154044582	1
4	154044583	154056125	0
4	154056126	154108983	2
4	154108984	154113196	0
4	154113197	154134718	1
4	154134719	154153832	0
4	154153833	154302588	1
4	154302589	154307908	0
4	154307909	154317301	1
4	154317302	154414847	0
4	154414848	154426950	2
4	154426951	154433881	0
4	154433882	154439976	1
4	154439977	154440072	0
4	154440073	154456915	2
4	154456916	154471590	0
4	154471591	154499142	2
4	154499143	154540466	0
4	154540467	154576150	2
4	154576151	154585498	0
4	154585499	154603748	2
4	154603749	154610932	0
4	154610933	154707308	1
4	154707309	154897875	0
4	154897876	154947784	2
4	154947785	154980288	0
4	154980289	155036686	2
4	155036687	155076310	0
4	155076311	155130049	2
4	155130050	155164009	0
4	155164010	155236473	2
4	155236474	155332825	0
4	155332826	155413115	1
4	155413116	155455493	0
4	155455494	155467422	1
4	155467423	155500919	0
4	155500920	155510214	2
4	155510215	155510272	0
4	155510273	155533957	1
4	155533958	155620066	0
4	155620067	155620257	2
4	155620258	155664373	0
4	155664374	155706709	1
4	155706710	155727923	0
4	155727924	155750456	2
4	155750457	155771668	0
4	155771669	155771780	2
4	155771781	155774130	0
4	155774131	155783970	2
4	155783971	155800885	0
4	155800886	155815294	1
4	155815295	155816215	3
4	155816216	155827388	1
4	155827389	155830907	2
4	155830908	155835935	3
4	155835936	155854859	2
4	155854860	155881521	0
4	155881522	155882151	1
4	155882152	155918545	0
4	155918546	155919924	1
4	155919925	155943735	0
4	155943736	155951114	2
4	155951115	155960944	0
4	155960945	156025470	1
4	156025471	156026990	0
4	156026991	156038675	1
4	156038676	156046967	0
4	156046968	156073516	2
4	156073517	156075387	0
4	156075388	156084699	1
4	156084700	156096908	0
4	156096909	156097282	1
4	156097283	156103986	0
4	156103987	156119066	2
4	156119067	156121820	0
4	156121821	156134149	1
4	156134150	156173892	0
4	156173893	156186006	2
4	156186007	156214716	0
4	156214717	156224815	2
4	156224816	156262690	0
4	156262691	156321390	2
4	156321391	156414686	0
4	156414687	156432400	2
4	156432401	156462740	0
4	156462741	156486238	2
4	156486239	156539406	0
4	156539407	156558603	2
4	156558604	156589790	0
4	156589791	156598846	2
4	156598847	156607612	0
4	156607613	156612765	1
4	156612766	156661708	0
4	156661709	156703036	2
4	156703037	156733770	0
4	156733771	156772986	2
4	156772987	156773103	3
4	156773104	156823646	2
4	156823647	156834585	0
4	156834586	156849120	1
4	156849121	156849247	3
4	156849248	156884657	1
4	156884658	156918260	0
4	156918261	156956705	1
4	156956706	157058191	0
4	157058192	157059497	2
4	157059498	157061071	3
4	157061072	157071346	2
4	157071347	157084754	0
4	157084755	157084881	1
4	157084882	157085091	0
4	157085092	157117876	2
4	157117877	157157262	0
4	157157263	157232200	1
4	157232201	157241581	0
4	157241582	157252974	2
4	157252975	157270670	0
4	157270671	157296429	1
4	157296430	157331492	0
4	157331493	157334758	1
4	157334759	157345450	3
4	157345451	157364767	1
4	157364768	157378234	0
4	157378235	157387021	1
4	157387022	157394198	0
4	157394199	157410132	2
4	157410133	157412690	0
4	157412691	157423482	2
4	157423483	157430115	0
4	157430116	157442301	1
4	157442302	157468288	0
4	157468289	157509275	2
4	157509276	157509878	3
4	157509879	157517538	1
4	157517539	157517575	0
4	157517576	157522270	2
4	157522271	157523237	0
4	157523238	157523330	1
4	157523331	157523650	0
4	157523651	157523764	2
4	157523765	157526033	0
4	157526034	157550982	1
4	157550983	157551274	0
4	157551275	157568130	1
4	157568131	157572086	0
4	157572087	157580978	1
4	157580979	157581289	0
4	157581290	157591858	1
4	157591859	157613399	0
4	157613400	157615282	2
4	157615283	157615384	0
4	157615385	157619539	1
4	157619540	157619641	0
4	157619642	157634709	1
4	157634710	157634926	0
4	157634927	157638797	2
4	157638798	157639467	0
4	157639468	157645171	1
4	157645172	157646241	0
4	157646242	157662033	1
4	157662034	157662198	0
4	157662199	157668119	1
4	157668120	157668876	0
4	157668877	157695189	1
4	157695190	157712665	0
4	157712666	157720402	1
4	157720403	157722384	0
4	157722385	157725611	1
4	157725612	157727007	3
4	157727008	157744315	2
4	157744316	157766586	0
4	157766587	157772785	1
4	157772786	157772890	3
4	157772891	157773946	1
4	157773947	157787611	0
4	157787612	157793402	2
4	157793403	157798806	0
4	157798807	157804840	2
4	157804841	157810350	0
4	157810351	157838339	2
4	157838340	157839520	3
4	157839521	157839764	2
4	157839765	157841839	1
4	157841840	157851102	3
4	157851103	157864211	2
4	157864212	157881794	0
4	157881795	157882948	2
4	157882949	157899389	0
4	157899390	157931539	2
4	157931540	157932714	0
4	157932715	157944457	2
4	157944458	157945105	0
4	157945106	157962300	2
4	157962301	157962341	0
4	157962342	157966233	1
4	157966234	157968813	0
4	157968814	157992018	1
4	157992019	157992406	0
4	157992407	157995412	2
4	157995413	158012661	0
4	158012662	158019347	2
4	158019348	158030701	0
4	158030702	158035590	1
4	158035591	158053922	0
4	158053923	158054050	1
4	158054051	158075081	0
4	158075082	158083970	1
4	158083971	158108884	0
4	158108885	158121537	1
4	158121538	158122960	0
4	158122961	158146179	2
4	158146180	158150818	0
4	158150819	158162967	2
4	158162968	158163586	3
4	158163587	158163589	2
4	158163590	158182269	1
4	158182270	158206298	0
4	158206299	158206399	1
4	158206400	158213573	0
4	158213574	158213947	2
4	158213948	158256326	0
4	158256327	158289220	1
4	158289221	158360150	0
4	158360151	158491537	2
4	158491538	158496012	0
4	158496013	158855649	2
4	158855650	158914955	0
4	158914956	158984594	1
4	158984595	159104776	0
4	159104777	159278624	1
4	159278625	159350095	0
4	159350096	159357695	1
4	159357696	159371046	0
4	159371047	159375158	1
4	159375159	159464186	0
4	159464187	159472680	1
4	159472681	159499066	0
4	159499067	159520676	2
4	159520677	159526153	0
4	159526154	159526325	2
4	159526326	159542613	0
4	159542614	159576187	1
4	159576188	159635370	0
4	159635371	159638231	1
4	159638232	159659240	0
4	159659241	159688016	1
4	159688017	159691230	0
4	159691231	159692967	1
4	159692968	159699287	0
4	159699288	159713901	2
4	159713902	159715415	0
4	159715416	159757625	1
4	159757626	159759457	0
4	159759458	159772522	1
4	159772523	159772784	0
4	159772785	159806380	2
4	159806381	159808066	0
4	159808067	159809492	2
4	159809493	159854911	0
4	159854912	159863445	2
4	159863446	159914270	0
4	159914271	159923819	2
4	159923820	159927137	0
4	159927138	159946027	1
4	159946028	159962361	0
4	159962362	159989493	1
4	159989494	160304903	0
4	160304904	160341944	2
4	160341945	160408075	0
4	160408076	160518105	2
4	160518106	160535811	0
4	160535812	160617928	1
4	160617929	160738402	0
4	160738403	160805518	2
4	160805519	160813877	0
4	160813878	160995499	1
4	160995500	161042424	0
4	161042425	161053059	1
4	161053060	161065387	0
4	161065388	161067873	1
4	161067874	161126899	0
4	161126900	161128326	1
4	161128327	161157350	0
4	161157351	161161299	1
4	161161300	161184092	0
4	161184093	161184823	1
4	161184824	161245956	0
4	161245957	161247383	2
4	161247384	161286733	0
4	161286734	161287465	2
4	161287466	161368514	0
4	161368515	161369938	2
4	161369939	161398168	0
4	161398169	161435620	1
4	161435621	161436053	3
4	161436054	161446079	1
4	161446080	161450398	0
4	161450399	161451129	1
4	161451130	161483287	0
4	161483288	161484018	1
4	161484019	161494080	0
4	161494081	161495634	1
4	161495635	161497849	0
4	161497850	161572321	1
4	161572322	161590477	0
4	161590478	161632147	1
4	161632148	161634046	0
4	161634047	161638814	1
4	161638815	161639369	3
4	161639370	161684068	2
4	161684069	161684247	0
4	161684248	161698420	1
4	161698421	161703377	0
4	161703378	161711831	1
4	161711832	161711969	0
4	161711970	161716029	2
4	161716030	161718217	3
4	161718218	161722981	2
4	161722982	161759180	0
4	161759181	161805274	1
4	161805275	161814706	0
4	161814707	161857341	1
4	161857342	161863597	0
4	161863598	161873342	2
4	161873343	161873612	3
4	161873613	161889655	1
4	161889656	161890575	0
4	161890576	161924735	1
4	161924736	161926067	3
4	161926068	161961673	1
4	161961674	162009855	0
4	162009856	162024623	2
4	162024624	162059006	0
4	162059007	162071086	1
4	162071087	162098940	0
4	162098941	162109155	1
4	162109156	162150444	0
4	162150445	162216570	1
4	162216571	162231393	3
4	162231394	162233775	2
4	162233776	162234419	3
4	162234420	162239525	2
4	162239526	162256744	0
4	162256745	162263637	1
4	162263638	162267061	3
4	162267062	162274878	2
4	162274879	162284265	0
4	162284266	162284663	1
4	162284664	162296005	0
4	162296006	162337680	2
4	162337681	162338231	3
4	162338232	162339890	2
4	162339891	162381600	0
4	162381601	162393784	2
4	162393785	162456292	0
4	162456293	162474987	2
4	162474988	162494438	0
4	162494439	162502957	1
4	162502958	162513285	0
4	162513286	162515949	1
4	162515950	162534276	0
4	162534277	162541969	1
4	162541970	162553437	0
4	162553438	162571572	2
4	162571573	162603033	0
4	162603034	162603095	2
4	162603096	162617788	0
4	162617789	162627697	2
4	162627698	162636185	0
4	162636186	162637086	1
4	162637087	162640915	3
4	162640916	162675006	1
4	162675007	162679859	0
4	162679860	162684738	2
4	162684739	162690663	0
4	162690664	162705513	2
4	162705514	162725444	0
4	162725445	162733540	1
4	162733541	162768992	0
4	162768993	162779897	1
4	162779898	162798123	0
4	162798124	162804334	2
4	162804335	162805579	3
4	162805580	162816751	2
4	162816752	162827460	0
4	162827461	162838944	1
4	162838945	162848008	0
4	162848009	162856289	2
4	162856290	162860306	0
4	162860307	162875350	2
4	162875351	162877344	0
4	162877345	162901245	1
4	162901246	162902730	0
4	162902731	162913895	1
4	162913896	162926437	0
4	162926438	162948521	1
4	162948522	162954023	0
4	162954024	162959218	2
4	162959219	162969360	0
4	162969361	162973037	1
4	162973038	162977698	0
4	162977699	162980185	1
4	162980186	162980247	0
4	162980248	162989448	2
4	162989449	163033561	0
4	163033562	163041636	2
4	163041637	163045065	0
4	163045066	163056516	2
4	163056517	163081925	0
4	163081926	163092457	1
4	163092458	163106022	0
4	163106023	163112334	1
4	163112335	163122702	0
4	163122703	163133841	1
4	163133842	163147187	0
4	163147188	163152423	1
4	163152424	163179156	0
4	163179157	163180055	2
4	163180056	163183667	0
4	163183668	163218868	1
4	163218869	163252842	0
4	163252843	163261482	1
4	163261483	163288227	0
4	163288228	163300533	1
4	163300534	163319145	0
4	163319146	163340096	1
4	163340097	163368378	0
4	163368379	163455259	1
4	163455260	163480529	0
4	163480530	163503983	1
4	163503984	163514539	0
4	163514540	163827000	1
4	163827001	163837397	0
4	163837398	163865209	1
4	163865210	163884835	0
4	163884836	164104897	1
4	164104898	164122070	0
4	164122071	164341690	1
4	164341691	164362015	0
4	164362016	164384264	1
4	164384265	164470839	0
4	164470840	164495449	1
4	164495450	164606627	0
4	164606628	164628404	1
4	164628405	164697531	0
4	164697532	164719648	1
4	164719649	164761853	0
4	164761854	164779733	1
4	164779734	164806001	0
4	164806002	164823380	1
4	164823381	164853572	0
4	164853573	164867331	1
4	164867332	164909967	0
4	164909968	164985336	1
4	164985337	165020140	0
4	165020141	165020271	1
4	165020272	165034120	0
4	165034121	165041965	1
4	165041966	165048438	0
4	165048439	165096438	1
4	165096439	165129756	0
4	165129757	165153159	1
4	165153160	165207326	0
4	165207327	165264338	2
4	165264339	165272825	0
4	165272826	165273763	1
4	165273764	165299661	0
4	165299662	165300587	1
4	165300588	165313208	0
4	165313209	165314131	1
4	165314132	165335955	0
4	165335956	165336863	1
4	165336864	165354680	0
4	165354681	165355609	1
4	165355610	165358189	0
4	165358190	165359118	1
4	165359119	165491139	0
4	165491140	165491981	1
4	165491982	165509296	0
4	165509297	165512391	1
4	165512392	165537149	0
4	165537150	165540254	1
4	165540255	165564422	0
4	165564423	165569225	2
4	165569226	165737708	0
4	165737709	165740302	2
4	165740303	165774361	0
4	165774362	165777446	2
4	165777447	165828454	0
4	165828455	165832002	1
4	165832003	165922841	0
4	165922842	165952264	1
4	165952265	165953151	3
4	165953152	165989525	1
4	165989526	166000935	0
4	166000936	166001844	1
4	166001845	166030542	0
4	166030543	166031471	2
4	166031472	166042866	0
4	166042867	166043849	2
4	166043850	166078911	0
4	166078912	166079855	2
4	166079856	166098846	0
4	166098847	166099838	1
4	166099839	166105323	0
4	166105324	166106838	2
4	166106839	166114118	0
4	166114119	166115080	2
4	166115081	166138005	0
4	166138006	166138955	2
4	166138956	166144655	0
4	166144656	166145617	1
4	166145618	166171703	0
4	166171704	166172668	1
4	166172669	166188548	0
4	166188549	166189483	1
4	166189484	166210494	0
4	166210495	166211423	1
4	166211424	166252369	0
4	166252370	166253370	1
4	166253371	166266982	0
4	166266983	166267956	1
4	166267957	166323230	0
4	166323231	166333238	1
4	166333239	166341278	0
4	166341279	166342326	2
4	166342327	166343408	3
4	166343409	166345504	2
4	166345505	166543753	0
4	166543754	166607584	2
4	166607585	166674593	0
4	166674594	166677637	1
4	166677638	166688922	0
4	166688923	166693521	2
4	166693522	166702872	0
4	166702873	166703963	2
4	166703964	166847684	0
4	166847685	167084990	2
4	167084991	167086663	0
4	167086664	167086668	2
4	167086669	167087837	3
4	167087838	167088423	1
4	167088424	167111230	0
4	167111231	167111359	1
4	167111360	167219869	0
4	167219870	167258084	2
4	167258085	167266583	0
4	167266584	167268296	1
4	167268297	167270351	0
4	167270352	167400495	1
4	167400496	167439069	0
4	167439070	167473175	1
4	167473176	167479604	3
4	167479605	167540991	2
4	167540992	167548153	0
4	167548154	167629978	1
4	167629979	167640910	0
4	167640911	167646349	2
4	167646350	167652277	0
4	167652278	167654030	2
4	167654031	167667843	0
4	167667844	167673150	1
4	167673151	167673313	0
4	167673314	167699290	2
4	167699291	167710664	0
4	167710665	167741034	1
4	167741035	167760179	0
4	167760180	167764980	2
4	167764981	167818269	0
4	167818270	167825704	2
4	167825705	167845638	0
4	167845639	167859113	2
4	167859114	167903540	0
4	167903541	167922258	2
4	167922259	167943521	0
4	167943522	167955614	1
4	167955615	167974317	0
4	167974318	167986912	1
4	167986913	167987034	3
4	167987035	168003852	1
4	168003853	168048394	0
4	168048395	168090774	2
4	168090775	168097336	3
4	168097337	168107037	1
4	168107038	168155707	0
4	168155708	168157115	1
4	168157116	168212859	0
4	168212860	168232902	2
4	168232903	168442803	0
4	168442804	168442929	2
4	168442930	168599544	0
4	168599545	169042277	1
4	169042278	169167906	0
4	169167907	169168095	2
4	169168096	169254247	0
4	169254248	169290058	2
4	169290059	169351793	0
4	169351794	169385809	1
4	169385810	169385870	0
4	169385871	169471648	2
4	169471649	169472981	0
4	169472982	169529275	1
4	169529276	169568527	0
4	169568528	169649090	1
4	169649091	169672421	0
4	169672422	169672732	1
4	169672733	169675750	0
4	169675751	169677004	2
4	169677005	169680981	0
4	169680982	169694441	1
4	169694442	169696677	0
4	169696678	169697354	1
4	169697355	169716028	0
4	169716029	169719947	2
4	169719948	169728131	3
4	169728132	169734235	2
4	169734236	169740329	0
4	169740330	169750663	1
4	169750664	169766277	0
4	169766278	169769665	1
4	169769666	169804656	0
4	169804657	169821658	1
4	169821659	169822950	0
4	169822951	169841656	1
4	169841657	169857810	0
4	169857811	169872967	2
4	169872968	169873965	0
4	169873966	169887325	1
4	169887326	169953941	0
4	169953942	169959213	2
4	169959214	169959368	3
4	169959369	169968530	2
4	169968531	169969579	0
4	169969580	169971381	1
4	169971382	169982277	0
4	169982278	170089713	1
4	170089714	170164429	0
4	170164430	170374769	2
4	170374770	170388376	0
4	170388377	170486871	1
4	170486872	170499626	0
4	170499627	170560267	1
4	170560268	170645999	0
4	170646000	170660826	2
4	170660827	170663663	0
4	170663664	170758863	2
4	170758864	170878019	0
4	170878020	170971618	1
4	170971619	171029628	0
4	171029629	171044890	2
4	171044891	171234694	0
4	171234695	171292220	1
4	171292221	171528944	0
4	171528945	171536605	1
4	171536606	172383686	0
4	172383687	172392776	1
4	172392777	172484343	0
4	172484344	172850542	2
4	172850543	172873110	0
4	172873111	172928356	1
4	172928357	172928885	0
4	172928886	172932533	2
4	172932534	173334053	0
4	173334054	173503544	2
4	173503545	173528342	0
4	173528343	173593098	2
4	173593099	174172866	0
4	174172867	174438272	2
4	174438273	174466629	0
4	174466630	174513287	2
4	174513288	174551478	0
4	174551479	174619979	2
4	174619980	174710002	0
4	174710003	174964371	1
4	174964372	174964494	3
4	174964495	175237113	1
4	175237114	175242918	3
4	175242919	175254571	1
4	175254572	175292175	0
4	175292176	175304115	2
4	175304116	175308411	3
4	175308412	175308687	2
4	175308688	175332943	1
4	175332944	175333090	0
4	175333091	175346151	2
4	175346152	175356245	0
4	175356246	175362080	2
4	175362081	175365052	0
4	175365053	175406226	1
4	175406227	175428383	0
4	175428384	175446401	1
4	175446402	175508910	0
4	175508911	175515601	1
4	175515602	175532545	0
4	175532546	175655354	1
4	175655355	175718806	0
4	175718807	175737123	2
4	175737124	175745822	0
4	175745823	175764356	1
4	175764357	175789945	0
4	175789946	175920706	1
4	175920707	175969543	0
4	175969544	176055556	1
4	176055557	176126178	0
4	176126179	176193768	2
4	176193769	176357769	0
4	176357770	176358580	2
4	176358581	176438216	0
4	176438217	176438345	1
4	176438346	176642861	0
4	176642862	176642955	2
4	176642956	176785890	0
4	176785891	177336067	1
4	177336068	177336631	3
4	177336632	177736850	1
4	177736851	177759486	0
4	177759487	177759622	1
4	177759623	177964832	0
4	177964833	178046595	1
4	178046596	178088505	0
4	178088506	178143498	2
4	178143499	178143555	3
4	178143556	178179978	1
4	178179979	178180075	0
4	178180076	178185256	2
4	178185257	178189560	0
4	178189561	178215332	1
4	178215333	178354135	0
4	178354136	178434582	1
4	178434583	178434694	3
4	178434695	178588475	1
4	178588476	178588777	0
4	178588778	178594324	2
4	178594325	178719990	0
4	178719991	178796688	2
4	178796689	178834269	0
4	178834270	178838466	1
4	178838467	178897145	0
4	178897146	178931552	2
4	178931553	179027279	0
4	179027280	179404162	1
4	179404163	179419949	0
4	179419950	179434659	1
4	179434660	179435001	0
4	179435002	179439256	2
4	179439257	179459738	0
4	179459739	179491539	1
4	179491540	179491597	0
4	179491598	179512628	2
4	179512629	179518128	0
4	179518129	179550152	1
4	179550153	179560577	0
4	179560578	179567546	2
4	179567547	179634273	0
4	179634274	179690981	2
4	179690982	179699500	0
4	179699501	179746947	2
4	179746948	179765440	0
4	179765441	179791064	2
4	179791065	179808792	0
4	179808793	179868929	2
4	179868930	179872203	3
4	179872204	179951426	2
4	179951427	179951933	0
4	179951934	179953006	2
4	179953007	179958081	0
4	179958082	179987708	2
4	179987709	179991858	0
4	179991859	180001036	1
4	180001037	180004578	0
4	180004579	180027281	2
4	180027282	180028276	0
4	180028277	180030250	2
4	180030251	180151569	0
4	180151570	180152385	2
4	180152386	180188790	0
4	180188791	180199845	1
4	180199846	180402374	0
4	180402375	180574362	2
4	180574363	180988285	0
4	180988286	180989358	1
4	180989359	181007620	0
4	181007621	181087253	2
4	181087254	181090806	0
4	181090807	181123058	1
4	181123059	181127420	0
4	181127421	181127581	1
4	181127582	181146249	0
4	181146250	181269079	1
4	181269080	181270347	3
4	181270348	181359287	1
4	181359288	181729218	0
4	181729219	181774086	1
4	181774087	181774201	3
4	181774202	181793159	1
4	181793160	181806573	0
4	181806574	181860828	1
4	181860829	181879074	0
4	181879075	181879375	1
4	181879376	181888310	0
4	181888311	181910274	1
4	181910275	181911453	0
4	181911454	181913980	2
4	181913981	181936909	0
4	181936910	181937030	2
4	181937031	181961384	0
4	181961385	182089360	1
4	182089361	182140557	0
4	182140558	182150303	2
4	182150304	182155140	0
4	182155141	182182014	1
4	182182015	182335452	0
4	182335453	182362052	2
4	182362053	182367220	0
4	182367221	182395523	2
4	182395524	182473047	0
4	182473048	182473654	1
4	182473655	182479069	0
4	182479070	182556343	2
4	182556344	182557506	3
4	182557507	182627432	2
4	182627433	182629377	0
4	182629378	182630941	2
4	182630942	182634887	0
4	182634888	182662190	2
