<CHROM>	<START>	<END>	<TSB>
5	0	71210	0
5	71211	71362	1
5	71363	465479	0
5	465480	465670	2
5	465671	1173344	0
5	1173345	1174974	2
5	1174975	1197953	0
5	1197954	1198610	2
5	1198611	1274645	0
5	1274646	1314924	1
5	1314925	1395092	0
5	1395093	1423211	1
5	1423212	1451324	0
5	1451325	1453092	1
5	1453093	1932611	0
5	1932612	2030059	1
5	2030060	2030279	0
5	2030280	2125282	2
5	2125283	2159471	0
5	2159472	2159601	2
5	2159602	2582252	0
5	2582253	2612384	1
5	2612385	2615712	0
5	2615713	2616747	1
5	2616748	2637100	0
5	2637101	2654727	1
5	2654728	2661722	0
5	2661723	2677888	2
5	2677889	2690761	0
5	2690762	2814963	2
5	2814964	2840763	0
5	2840764	2936311	2
5	2936312	2938384	3
5	2938385	3084927	2
5	3084928	3124503	0
5	3124504	3149099	1
5	3149100	3188443	0
5	3188444	3215570	1
5	3215571	3225636	0
5	3225637	3247587	2
5	3247588	3389208	0
5	3389209	3393498	1
5	3393499	3402646	0
5	3402647	3435418	2
5	3435419	3443104	0
5	3443105	3472338	1
5	3472339	3540820	0
5	3540821	3540949	1
5	3540950	3569683	0
5	3569684	3588101	1
5	3588102	3588430	3
5	3588431	3661245	1
5	3661246	3661371	3
5	3661372	4028597	1
5	4028598	4074043	0
5	4074044	4075956	2
5	4075957	4271065	0
5	4271066	4273069	2
5	4273070	4281700	0
5	4281701	4281823	2
5	4281824	4351876	0
5	4351877	4359231	2
5	4359232	4359522	0
5	4359523	4361224	2
5	4361225	4379997	0
5	4379998	4433568	2
5	4433569	4547403	0
5	4547404	4553201	2
5	4553202	4793520	0
5	4793521	4837159	2
5	4837160	4856533	3
5	4856534	4941920	2
5	4941921	4943068	3
5	4943069	4947290	1
5	4947291	4955541	0
5	4955542	5101481	2
5	5101482	5464395	0
5	5464396	5466364	2
5	5466365	5533414	0
5	5533415	5562166	1
5	5562167	5569065	0
5	5569066	5596427	2
5	5596428	5642544	0
5	5642545	5686969	2
5	5686970	5833467	0
5	5833468	5833588	2
5	5833589	5835704	0
5	5835705	5946721	2
5	5946722	5946804	3
5	5946805	6060788	2
5	6060789	6062126	3
5	6062127	6067449	2
5	6067450	6082440	0
5	6082441	6092710	2
5	6092711	6099056	0
5	6099057	6099341	1
5	6099342	6202520	0
5	6202521	6202623	2
5	6202624	6228971	0
5	6228972	6352911	2
5	6352912	6362909	0
5	6362910	6525582	1
5	6525583	6578107	0
5	6578108	6578253	1
5	6578254	7111007	0
5	7111008	7111142	2
5	7111143	7238851	0
5	7238852	7771751	1
5	7771752	7771879	3
5	7771880	7776767	1
5	7776768	7942571	0
5	7942572	8253066	1
5	8253067	8526739	0
5	8526740	8888483	2
5	8888484	8978742	0
5	8978743	8981490	1
5	8981491	8981538	0
5	8981539	9076324	2
5	9076325	9077159	0
5	9077160	9192098	1
5	9192099	9193375	3
5	9193376	9210729	2
5	9210730	9226299	0
5	9226300	9226399	2
5	9226400	9227129	0
5	9227130	9279634	2
5	9279635	9297487	0
5	9297488	9297571	2
5	9297572	9298099	0
5	9298100	9338298	1
5	9338299	9346038	0
5	9346039	9415474	1
5	9415475	9435987	0
5	9435988	9441717	1
5	9441718	9534127	0
5	9534128	9562038	2
5	9562039	9582932	0
5	9582933	9618181	2
5	9618182	9659211	0
5	9659212	9684682	1
5	9684683	9705968	0
5	9705969	9732515	1
5	9732516	9733089	0
5	9733090	9735138	1
5	9735139	9981113	0
5	9981114	10263085	2
5	10263086	10263189	3
5	10263190	10791179	2
5	10791180	10907955	0
5	10907956	10908934	1
5	10908935	12215347	0
5	12215348	12215710	2
5	12215711	12215941	0
5	12215942	12216775	1
5	12216776	12284709	0
5	12284710	12354897	1
5	12354898	12551858	0
5	12551859	12552202	2
5	12552203	12584108	0
5	12584109	12671788	1
5	12671789	12689505	0
5	12689506	12690735	1
5	12690736	13019427	0
5	13019428	13049946	1
5	13049947	13161646	0
5	13161647	13225558	1
5	13225559	13495424	0
5	13495425	13496413	2
5	13496414	13860019	0
5	13860020	13877821	1
5	13877822	14378255	0
5	14378256	14534773	1
5	14534774	14537960	3
5	14537961	14614082	2
5	14614083	14631452	0
5	14631453	14668743	1
5	14668744	14679604	0
5	14679605	14708744	1
5	14708745	14729977	0
5	14729978	14741274	2
5	14741275	14990434	0
5	14990435	15005945	2
5	15005946	15016729	0
5	15016730	15022226	2
5	15022227	15099417	0
5	15099418	15099704	2
5	15099705	15110120	0
5	15110121	15110938	1
5	15110939	15121131	0
5	15121132	15375420	2
5	15375421	15375526	3
5	15375527	15579361	2
5	15579362	15895861	0
5	15895862	16282960	2
5	16282961	16284327	0
5	16284328	16392042	1
5	16392043	16494274	0
5	16494275	16524567	1
5	16524568	16524872	0
5	16524873	16558397	2
5	16558398	16639464	0
5	16639465	16756866	2
5	16756867	16819302	0
5	16819303	16820473	1
5	16820474	16845760	0
5	16845761	16845888	1
5	16845889	16859955	0
5	16859956	16861262	1
5	16861263	16880897	0
5	16880898	16896522	1
5	16896523	16902060	0
5	16902061	16903137	1
5	16903138	16905392	0
5	16905393	16913645	1
5	16913646	16919892	0
5	16919893	16956590	1
5	16956591	16957186	0
5	16957187	16961182	2
5	16961183	16972801	0
5	16972802	16984117	2
5	16984118	17018811	0
5	17018812	17040968	1
5	17040969	17095206	0
5	17095207	17264658	1
5	17264659	17530393	0
5	17530394	17532148	1
5	17532149	17735912	0
5	17735913	17736042	2
5	17736043	17772606	0
5	17772607	17802568	1
5	17802569	18019574	0
5	18019575	18021329	1
5	18021330	18021489	0
5	18021490	18057298	2
5	18057299	18692023	0
5	18692024	18692078	2
5	18692079	18789387	0
5	18789388	18830115	2
5	18830116	18830239	3
5	18830240	18929826	2
5	18929827	19001069	0
5	19001070	19001523	2
5	19001524	19303680	0
5	19303681	19326847	2
5	19326848	19329411	0
5	19329412	19333804	2
5	19333805	19376972	0
5	19376973	19386686	1
5	19386687	19489959	0
5	19489960	19518346	2
5	19518347	19527570	3
5	19527571	19577625	1
5	19577626	19814372	0
5	19814373	19814503	1
5	19814504	19874465	0
5	19874466	20171270	1
5	20171271	20954038	0
5	20954039	20954159	2
5	20954160	21098533	0
5	21098534	21099209	1
5	21099210	21305381	0
5	21305382	21402372	1
5	21402373	21524817	0
5	21524818	21525158	2
5	21525159	21602129	0
5	21602130	21602276	2
5	21602277	21676127	0
5	21676128	21739897	2
5	21739898	21771847	0
5	21771848	21773481	2
5	21773482	21812068	0
5	21812069	21995356	2
5	21995357	22065010	0
5	22065011	22065090	1
5	22065091	22348823	0
5	22348824	22348928	2
5	22348929	22408382	0
5	22408383	22603484	2
5	22603485	22604268	3
5	22604269	22813874	1
5	22813875	22846659	0
5	22846660	22846821	1
5	22846822	22996244	0
5	22996245	23012565	2
5	23012566	23013250	0
5	23013251	23022093	1
5	23022094	23768427	0
5	23768428	23768804	2
5	23768805	23996716	0
5	23996717	24015603	2
5	24015604	24090686	0
5	24090687	24106599	1
5	24106600	24147733	0
5	24147734	24171949	1
5	24171950	24260566	0
5	24260567	24267966	2
5	24267967	24284920	0
5	24284921	24297189	2
5	24297190	24297310	3
5	24297311	24297630	2
5	24297631	24344738	1
5	24344739	24353898	0
5	24353899	24410910	1
5	24410911	24428715	0
5	24428716	24482060	1
5	24482061	24542702	0
5	24542703	24543257	2
5	24543258	24630133	0
5	24630134	24631314	2
5	24631315	24664704	0
5	24664705	24674396	1
5	24674397	24674430	0
5	24674431	24719861	2
5	24719862	24722666	0
5	24722667	24787922	2
5	24787923	24805037	0
5	24805038	24835757	1
5	24835758	24839823	0
5	24839824	24855761	1
5	24855762	24889969	0
5	24889970	24890462	2
5	24890463	24916682	0
5	24916683	24917268	1
5	24917269	24960776	0
5	24960777	25008625	2
5	25008626	25008724	3
5	25008725	25023339	2
5	25023340	25032064	0
5	25032065	25104614	2
5	25104615	25214307	0
5	25214308	25225220	2
5	25225221	25262756	0
5	25262757	25314882	2
5	25314883	25446270	0
5	25446271	25455215	1
5	25455216	25536456	0
5	25536457	25589332	1
5	25589333	25589458	0
5	25589459	25611243	2
5	25611244	25614031	0
5	25614032	25632487	1
5	25632488	25675569	0
5	25675570	25687774	2
5	25687775	26391550	0
5	26391551	26464419	2
5	26464420	27187549	0
5	27187550	27335590	2
5	27335591	27510117	0
5	27510118	27510244	1
5	27510245	27653105	0
5	27653106	27653213	2
5	27653214	27811365	0
5	27811366	27811535	1
5	27811536	27887040	0
5	27887041	28021656	1
5	28021657	28023591	0
5	28023592	28214382	1
5	28214383	28259758	0
5	28259759	28307223	2
5	28307224	28330204	0
5	28330205	28357150	2
5	28357151	28357857	0
5	28357858	28578640	1
5	28578641	28698916	0
5	28698917	28745328	2
5	28745329	29334473	0
5	29334474	29334602	2
5	29334603	29375640	0
5	29375641	29402429	2
5	29402430	29407951	0
5	29407952	29408079	1
5	29408080	29411170	0
5	29411171	29439016	1
5	29439017	29459455	0
5	29459456	29494148	2
5	29494149	29500406	0
5	29500407	29520829	1
5	29520830	29597742	0
5	29597743	29598559	1
5	29598560	29631568	0
5	29631569	29662655	1
5	29662656	31051008	0
5	31051009	31051113	1
5	31051114	31312278	0
5	31312279	31548386	2
5	31548387	32151967	0
5	32151968	32152029	2
5	32152030	32234007	0
5	32234008	32307238	1
5	32307239	32329366	0
5	32329367	32606703	1
5	32606704	32746986	0
5	32746987	32995119	2
5	32995120	33016305	0
5	33016306	33063932	1
5	33063933	33070263	0
5	33070264	33098492	2
5	33098493	33127326	3
5	33127327	33186044	1
5	33186045	33277414	0
5	33277415	33298090	2
5	33298091	33317243	0
5	33317244	33318281	2
5	33318282	33336262	0
5	33336263	33385352	1
5	33385353	33483758	0
5	33483759	33485043	1
5	33485044	33497135	0
5	33497136	33518071	2
5	33518072	33529878	0
5	33529879	33552785	2
5	33552786	33564213	0
5	33564214	33564340	1
5	33564341	33623711	0
5	33623712	34309379	1
5	34309380	34606494	0
5	34606495	34606627	1
5	34606628	35176502	0
5	35176503	35176635	2
5	35176636	35225433	0
5	35225434	35232879	1
5	35232880	35266821	0
5	35266822	35294643	2
5	35294644	35296582	3
5	35296583	35304099	1
5	35304100	35318633	0
5	35318634	35389418	2
5	35389419	35395963	0
5	35395964	35422842	2
5	35422843	35429572	0
5	35429573	35460605	2
5	35460606	35480400	0
5	35480401	35544444	2
5	35544445	35847672	0
5	35847673	35847945	2
5	35847946	35955810	0
5	35955811	36029441	2
5	36029442	36077928	0
5	36077929	36083836	1
5	36083837	38197777	0
5	38197778	38285523	2
5	38285524	38285642	3
5	38285643	38313743	2
5	38313744	38325541	0
5	38325542	38568648	1
5	38568649	38605151	0
5	38605152	38610334	2
5	38610335	38623441	0
5	38623442	38623755	1
5	38623756	38635470	0
5	38635471	38727675	2
5	38727676	38782754	0
5	38782755	38782818	2
5	38782819	38877848	0
5	38877849	38877980	2
5	38877981	38907944	0
5	38907945	38956550	1
5	38956551	38962169	0
5	38962170	38995197	1
5	38995198	39030119	0
5	39030120	39030222	2
5	39030223	39030899	0
5	39030900	39032102	1
5	39032103	39282023	0
5	39282024	39282154	1
5	39282155	39351817	0
5	39351818	39565128	1
5	39565129	40196394	0
5	40196395	40218457	1
5	40218458	40294287	0
5	40294288	40294679	2
5	40294680	40682123	0
5	40682124	40682229	2
5	40682230	41233883	0
5	41233884	41233965	2
5	41233966	42536028	0
5	42536029	42536156	2
5	42536157	42975403	0
5	42975404	43127110	2
5	43127111	43612543	0
5	43612544	43612941	2
5	43612942	44090511	0
5	44090512	44090678	1
5	44090679	46357929	0
5	46357930	46415595	2
5	46415596	46569130	0
5	46569131	46569286	1
5	46569287	46572524	3
5	46572525	46574275	1
5	46574276	46575257	3
5	46575258	46586921	1
5	46586922	46608910	0
5	46608911	46633791	1
5	46633792	46638315	0
5	46638316	46977875	2
5	46977876	46992944	0
5	46992945	46996568	1
5	46996569	47014665	0
5	47014666	47052273	2
5	47052274	47055445	0
5	47055446	47186330	2
5	47186331	47198183	0
5	47198184	47201609	2
5	47201610	47202871	0
5	47202872	47343088	1
5	47343089	47354772	0
5	47354773	47355152	2
5	47355153	47373461	0
5	47373462	47409354	2
5	47409355	47409702	0
5	47409703	47412571	2
5	47412572	47422585	0
5	47422586	47441459	2
5	47441460	47452148	0
5	47452149	47489807	2
5	47489808	47524149	0
5	47524150	47561226	2
5	47561227	47566070	0
5	47566071	47586210	1
5	47586211	47606283	0
5	47606284	47629776	2
5	47629777	47647069	0
5	47647070	47650159	1
5	47650160	47653381	0
5	47653382	47654903	1
5	47654904	47671099	0
5	47671100	47693936	1
5	47693937	47706797	0
5	47706798	47913293	2
5	47913294	48106337	0
5	48106338	48106468	1
5	48106469	48408572	0
5	48408573	48427496	2
5	48427497	48427634	3
5	48427635	48435097	2
5	48435098	48525404	0
5	48525405	48540709	1
5	48540710	48588043	0
5	48588044	48588139	2
5	48588140	48925360	0
5	48925361	48927473	2
5	48927474	49108218	0
5	49108219	49122566	2
5	49122567	49126953	0
5	49126954	49181563	1
5	49181564	49181631	3
5	49181632	49225600	2
5	49225601	49233274	3
5	49233275	49248333	1
5	49248334	49254406	0
5	49254407	49299088	1
5	49299089	49316783	0
5	49316784	49327157	1
5	49327158	49336615	0
5	49336616	49345439	1
5	49345440	49358558	0
5	49358559	49358687	2
5	49358688	49371903	0
5	49371904	49372022	2
5	49372023	49387891	0
5	49387892	49468263	1
5	49468264	49477550	0
5	49477551	49478832	1
5	49478833	49482942	0
5	49482943	49483181	1
5	49483182	49487066	0
5	49487067	49499189	2
5	49499190	49545813	0
5	49545814	49732071	1
5	49732072	49734279	3
5	49734280	49737932	1
5	49737933	49748154	0
5	49748155	49748293	1
5	49748294	49766323	0
5	49766324	49791406	1
5	49791407	50367099	0
5	50367100	50460746	1
5	50460747	50460851	3
5	50460852	50516954	1
5	50516955	51337189	0
5	51337190	51337267	1
5	51337268	51356917	0
5	51356918	51356993	1
5	51356994	53163274	0
5	53163275	53165286	1
5	53165287	54455891	0
5	54455892	54457675	2
5	54457676	54601190	0
5	54601191	54601296	1
5	54601297	55089910	0
5	55089911	55089974	2
5	55089975	55259825	0
5	55259826	55316389	2
5	55316390	55321233	0
5	55321234	55370817	1
5	55370818	55387630	0
5	55387631	55398721	1
5	55398722	55399935	3
5	55399936	55400541	2
5	55400542	55400867	3
5	55400868	55410179	1
5	55410180	55544956	0
5	55544957	55545062	1
5	55545063	55583377	0
5	55583378	55585549	1
5	55585550	55612566	0
5	55612567	55615826	2
5	55615827	55690288	0
5	55690289	55691577	2
5	55691578	55797349	0
5	55797350	55799759	1
5	55799760	55800246	0
5	55800247	55822853	1
5	55822854	55842424	0
5	55842425	55853965	2
5	55853966	55856244	0
5	55856245	55875298	1
5	55875299	55935613	0
5	55935614	55981622	1
5	55981623	55982459	3
5	55982460	56064793	2
5	56064794	56068492	0
5	56068493	56081073	1
5	56081074	56081341	0
5	56081342	56098527	2
5	56098528	56105232	0
5	56105233	56162910	2
5	56162911	56172517	0
5	56172518	56186640	1
5	56186641	56189332	0
5	56189333	56189450	2
5	56189451	56239199	0
5	56239200	56244718	1
5	56244719	56260828	0
5	56260829	56270334	1
5	56270335	56286723	0
5	56286724	56345511	2
5	56345512	56348244	0
5	56348245	56437047	1
5	56437048	56457122	0
5	56457123	56457667	2
5	56457668	56461004	0
5	56461005	56482454	1
5	56482455	56486734	0
5	56486735	56520625	1
5	56520626	56520741	0
5	56520742	56561150	2
5	56561151	56561152	0
5	56561153	56628023	1
5	56628024	56628263	0
5	56628264	56643102	2
5	56643103	56648641	0
5	56648642	56664438	1
5	56664439	56666056	0
5	56666057	56678921	1
5	56678922	56680611	0
5	56680612	56729922	1
5	56729923	56730177	0
5	56730178	56800923	2
5	56800924	56800978	0
5	56800979	56802775	1
5	56802776	56823963	0
5	56823964	56841390	1
5	56841391	56876314	0
5	56876315	56880011	1
5	56880012	56881083	0
5	56881084	56889100	1
5	56889101	56890040	0
5	56890041	56895886	1
5	56895887	56904157	0
5	56904158	56907015	1
5	56907016	56926722	0
5	56926723	56930263	2
5	56930264	56935514	0
5	56935515	56941400	2
5	56941401	56941406	3
5	56941407	56948504	1
5	56948505	56963362	0
5	56963363	56965306	1
5	56965307	56967234	0
5	56967235	56967632	1
5	56967633	56980556	0
5	56980557	56981684	1
5	56981685	56997650	0
5	56997651	56998222	2
5	56998223	56998654	0
5	56998655	57002290	1
5	57002291	57002709	3
5	57002710	57005571	1
5	57005572	57065745	0
5	57065746	57071736	1
5	57071737	57087318	0
5	57087319	57093162	1
5	57093163	57142630	0
5	57142631	57168495	2
5	57168496	57176843	0
5	57176844	57185488	2
5	57185489	57199998	0
5	57199999	57204068	2
5	57204069	57210166	0
5	57210167	57229569	1
5	57229570	57231683	0
5	57231684	57240027	1
5	57240028	57245164	0
5	57245165	57254144	1
5	57254145	57256218	0
5	57256219	57259918	1
5	57259919	57260839	0
5	57260840	57268890	1
5	57268891	57271494	0
5	57271495	57272875	1
5	57272876	57289225	0
5	57289226	57319350	2
5	57319351	57319517	3
5	57319518	57319611	2
5	57319612	57319877	3
5	57319878	57378190	2
5	57378191	57378301	3
5	57378302	57502924	2
5	57502925	57506464	0
5	57506465	57620054	2
5	57620055	57629902	0
5	57629903	57675460	2
5	57675461	57675522	3
5	57675523	57678609	1
5	57678610	57691967	0
5	57691968	57697365	2
5	57697366	57697696	3
5	57697697	57703907	1
5	57703908	57704723	3
5	57704724	57723060	2
5	57723061	57740216	0
5	57740217	57741836	1
5	57741837	57748980	0
5	57748981	57748997	1
5	57748998	57749251	3
5	57749252	57752507	2
5	57752508	57752916	3
5	57752917	57756107	1
5	57756108	57763204	0
5	57763205	57769836	2
5	57769837	57770862	0
5	57770863	57779990	1
5	57779991	57787941	0
5	57787942	57817830	1
5	57817831	57817898	3
5	57817899	57822387	2
5	57822388	57823226	3
5	57823227	57824388	2
5	57824389	57834070	1
5	57834071	57834627	0
5	57834628	57838933	2
5	57838934	57839775	3
5	57839776	57843084	2
5	57843085	57867674	0
5	57867675	57868033	1
5	57868034	57883169	0
5	57883170	57901578	2
5	57901579	57901680	0
5	57901681	57903892	1
5	57903893	57904612	0
5	57904613	57907095	1
5	57907096	57910350	0
5	57910351	57919365	1
5	57919366	57919802	0
5	57919803	57946770	2
5	57946771	57950343	0
5	57950344	57956753	1
5	57956754	57960217	0
5	57960218	57965851	1
5	57965852	57982468	0
5	57982469	57982788	2
5	57982789	57985033	0
5	57985034	57985139	1
5	57985140	57985353	0
5	57985354	57987535	2
5	57987536	58018825	0
5	58018826	58022099	1
5	58022100	58031443	0
5	58031444	58035560	1
5	58035561	58045764	0
5	58045765	58049916	1
5	58049917	58062303	0
5	58062304	58072426	1
5	58072427	58077724	0
5	58077725	58083850	2
5	58083851	58102979	0
5	58102980	58169500	2
5	58169501	58170423	0
5	58170424	58202270	2
5	58202271	58206631	0
5	58206632	58208949	2
5	58208950	58245440	0
5	58245441	58263470	2
5	58263471	58267208	0
5	58267209	58307497	1
5	58307498	58361974	0
5	58361975	58467444	1
5	58467445	58540447	0
5	58540448	58600935	2
5	58600936	58644486	0
5	58644487	58644612	1
5	58644613	58668325	0
5	58668326	58670218	1
5	58670219	58765034	0
5	58765035	58944324	1
5	58944325	58993288	0
5	58993289	59173298	2
5	59173299	59234190	0
5	59234191	59243305	2
5	59243306	59243601	3
5	59243602	59265424	1
5	59265425	59279458	0
5	59279459	59295367	2
5	59295368	59297043	0
5	59297044	59343346	1
5	59343347	59362238	0
5	59362239	59365267	1
5	59365268	59392394	0
5	59392395	59395100	1
5	59395101	59443074	0
5	59443075	59545078	2
5	59545079	59548867	0
5	59548868	59572524	2
5	59572525	59573884	0
5	59573885	59579058	1
5	59579059	59607858	0
5	59607859	59644958	2
5	59644959	59649742	0
5	59649743	59663579	1
5	59663580	59678214	0
5	59678215	59785536	1
5	59785537	60063223	0
5	60063224	60068376	2
5	60068377	60076427	0
5	60076428	60091831	1
5	60091832	60107083	0
5	60107084	60147537	2
5	60147538	60154908	0
5	60154909	60223520	2
5	60223521	60238676	0
5	60238677	60256312	2
5	60256313	60276808	3
5	60276809	60312542	2
5	60312543	60338510	0
5	60338511	60393452	2
5	60393453	60393954	3
5	60393955	60415914	1
5	60415915	60415980	0
5	60415981	60431671	2
5	60431672	60448384	3
5	60448385	60449087	2
5	60449088	60475724	1
5	60475725	60475772	0
5	60475773	60485854	2
5	60485855	60549106	0
5	60549107	60549517	1
5	60549518	60630025	0
5	60630026	60632833	2
5	60632834	60667862	0
5	60667863	60676421	1
5	60676422	60679631	0
5	60679632	60698667	1
5	60698668	60716940	0
5	60716941	60717944	1
5	60717945	60743441	0
5	60743442	60765715	2
5	60765716	60780390	0
5	60780391	60800030	2
5	60800031	60814948	3
5	60814949	60824856	1
5	60824857	60828245	0
5	60828246	60859033	1
5	60859034	60859169	0
5	60859170	60864559	2
5	60864560	60884122	0
5	60884123	60931350	1
5	60931351	60947524	0
5	60947525	61288102	1
5	61288103	61309181	0
5	61309182	61350594	1
5	61350595	61384569	0
5	61384570	61413352	2
5	61413353	61501961	0
5	61501962	61607589	2
5	61607590	61653231	0
5	61653232	61710775	2
5	61710776	61768738	0
5	61768739	61773295	1
5	61773296	61773592	0
5	61773593	61781802	2
5	61781803	62231635	0
5	62231636	62231766	2
5	62231767	62361820	0
5	62361821	62402731	2
5	62402732	62446185	0
5	62446186	62504449	2
5	62504450	62516549	0
5	62516550	62610759	1
5	62610760	62610966	0
5	62610967	62762228	2
5	62762229	62763348	3
5	62763349	62808371	1
5	62808372	62866020	0
5	62866021	62888857	2
5	62888858	62910738	0
5	62910739	62996491	2
5	62996492	62996863	0
5	62996864	63007676	2
5	63007677	63248642	0
5	63248643	63248764	2
5	63248765	63437814	0
5	63437815	63728113	2
5	63728114	63730248	3
5	63730249	63753268	2
5	63753269	63757138	3
5	63757139	63763833	2
5	63763834	63764664	0
5	63764665	63786142	1
5	63786143	63796428	0
5	63796429	63838291	1
5	63838292	63850703	0
5	63850704	63860683	1
5	63860684	63868483	0
5	63868484	63872736	1
5	63872737	63874182	3
5	63874183	63884119	2
5	63884120	63889044	0
5	63889045	63902114	1
5	63902115	63930680	0
5	63930681	63951714	1
5	63951715	63976043	0
5	63976044	64001752	2
5	64001753	64009978	0
5	64009979	64206083	1
5	64206084	64697615	0
5	64697616	64697719	2
5	64697720	65554307	0
5	65554308	65589280	2
5	65589281	66026234	0
5	66026235	66026346	2
5	66026347	66174627	0
5	66174628	66174896	2
5	66174897	66681073	0
5	66681074	66681917	2
5	66681918	66807009	0
5	66807010	66853240	2
5	66853241	66883636	0
5	66883637	66883764	1
5	66883765	66987065	0
5	66987066	67000633	2
5	67000634	67124398	0
5	67124399	67124498	1
5	67124499	67226943	0
5	67226944	67229527	2
5	67229528	67241747	0
5	67241748	67242706	2
5	67242707	67277211	0
5	67277212	67282102	1
5	67282103	67302867	0
5	67302868	67307823	2
5	67307824	67337150	0
5	67337151	67340908	1
5	67340909	67371162	0
5	67371163	67375362	1
5	67375363	67402155	0
5	67402156	67403108	2
5	67403109	67423616	0
5	67423617	67424569	1
5	67424570	67454427	0
5	67454428	67459425	1
5	67459426	67518121	0
5	67518122	67527765	1
5	67527766	67552264	0
5	67552265	67560533	1
5	67560534	67583528	0
5	67583529	67593555	2
5	67593556	67601310	0
5	67601311	67601437	1
5	67601438	67614034	0
5	67614035	67669698	2
5	67669699	67671719	0
5	67671720	67680924	2
5	67680925	67681295	0
5	67681296	67801168	1
5	67801169	68063616	0
5	68063617	68241907	2
5	68241908	68258930	0
5	68258931	68280968	2
5	68280969	68281343	3
5	68281344	68334926	2
5	68334927	68340026	0
5	68340027	68396407	2
5	68396408	68411010	0
5	68411011	68417567	2
5	68417568	68460302	0
5	68460303	68496023	2
5	68496024	68548416	0
5	68548417	68548538	2
5	68548539	68571230	0
5	68571231	68571817	1
5	68571818	68634987	0
5	68634988	68635355	1
5	68635356	68653910	0
5	68653911	68654042	2
5	68654043	69164492	0
5	69164493	69164787	2
5	69164788	69432191	0
5	69432192	69432322	2
5	69432323	69529098	0
5	69529099	69530904	2
5	69530905	69646377	0
5	69646378	69646670	2
5	69646671	69670326	0
5	69670327	69810325	2
5	69810326	69844204	0
5	69844205	69844743	1
5	69844744	69853977	0
5	69853978	69855726	1
5	69855727	69986344	0
5	69986345	69986517	1
5	69986518	70090230	0
5	70090231	70128317	2
5	70128318	70168474	0
5	70168475	70171181	2
5	70171182	70209661	0
5	70209662	70209792	1
5	70209793	70278970	0
5	70278971	70283600	1
5	70283601	70307316	0
5	70307317	70307429	2
5	70307430	70309555	0
5	70309556	70309686	1
5	70309687	70315302	0
5	70315303	70315814	1
5	70315815	71132064	0
5	71132065	71132148	1
5	71132149	71305847	0
5	71305848	71334219	2
5	71334220	71445532	0
5	71445533	71446342	1
5	71446343	71446722	3
5	71446723	71446918	1
5	71446919	71447069	0
5	71447070	71450906	2
5	71450907	71456308	0
5	71456309	71505760	1
5	71505761	71505811	0
5	71505812	71511888	2
5	71511889	71514338	0
5	71514339	71647761	1
5	71647762	71659282	0
5	71659283	71690106	1
5	71690107	71694329	0
5	71694330	71851988	1
5	71851989	71911133	0
5	71911134	72065441	1
5	72065442	72090281	0
5	72090282	72101127	1
5	72101128	72181716	0
5	72181717	72559732	2
5	72559733	72560018	3
5	72560019	72648522	2
5	72648523	72660571	0
5	72660572	72668377	1
5	72668378	72711931	0
5	72711932	72724627	1
5	72724628	72749723	0
5	72749724	72785929	1
5	72785930	72811408	0
5	72811409	72988523	1
5	72988524	73058119	0
5	73058120	73171930	2
5	73171931	73229623	0
5	73229624	73369893	1
5	73369894	73581078	0
5	73581079	73585723	1
5	73585724	73604531	0
5	73604532	73659221	1
5	73659222	73659583	3
5	73659584	73713858	1
5	73713859	73763177	0
5	73763178	73776221	2
5	73776222	73784007	0
5	73784008	73802664	1
5	73802665	73825563	0
5	73825564	73842853	2
5	73842854	73843023	3
5	73843024	73845431	2
5	73845432	73855998	0
5	73855999	73856162	2
5	73856163	73863010	3
5	73863011	73864388	2
5	73864389	73866332	0
5	73866333	73956442	1
5	73956443	74032976	0
5	74032977	74065391	2
5	74065392	74076750	0
5	74076751	74078880	2
5	74078881	74157771	0
5	74157772	74276289	1
5	74276290	74315099	0
5	74315100	74399300	1
5	74399301	74399789	3
5	74399790	74399809	2
5	74399810	74443870	0
5	74443871	74479837	2
5	74479838	74483450	0
5	74483451	74483509	2
5	74483510	74488121	0
5	74488122	74488179	2
5	74488180	74491750	0
5	74491751	74632406	2
5	74632407	74635329	0
5	74635330	74637927	2
5	74637928	74648390	0
5	74648391	74662626	1
5	74662627	74684013	0
5	74684014	74792629	2
5	74792630	74800224	0
5	74800225	74808126	1
5	74808127	74842314	0
5	74842315	75061472	1
5	75061473	75142155	0
5	75142156	75564843	1
5	75564844	75578868	0
5	75578869	75581658	1
5	75581659	75598730	0
5	75598731	75638940	1
5	75638941	75738022	0
5	75738023	75748540	2
5	75748541	75750785	0
5	75750786	75814741	1
5	75814742	75814988	3
5	75814989	75844226	2
5	75844227	75859922	0
5	75859923	75873917	2
5	75873918	75876001	0
5	75876002	75886189	1
5	75886190	75890642	0
5	75890643	75897476	1
5	75897477	75898351	0
5	75898352	75917415	1
5	75917416	75927403	0
5	75927404	75946011	2
5	75946012	75949581	3
5	75949582	75955264	1
5	75955265	75961991	0
5	75961992	75971379	1
5	75971380	75972308	3
5	75972309	75972472	1
5	75972473	75974715	2
5	75974716	75977229	3
5	75977230	75985794	2
5	75985795	75986236	3
5	75986237	76002174	2
5	76002175	76021999	0
5	76022000	76037701	2
5	76037702	76039058	3
5	76039059	76161892	2
5	76161893	76398364	0
5	76398365	76564832	2
5	76564833	76568092	0
5	76568093	76578329	1
5	76578330	76596206	0
5	76596207	76602841	1
5	76602842	76647427	0
5	76647428	76765172	2
5	76765173	76772939	0
5	76772940	76776152	2
5	76776153	76777413	0
5	76777414	76816015	1
5	76816016	76828299	0
5	76828300	76912221	1
5	76912222	76961497	0
5	76961498	76969461	2
5	76969462	76977308	0
5	76977309	77001450	2
5	77001451	77007305	0
5	77007306	77015117	1
5	77015118	77017165	0
5	77017166	77033671	1
5	77033672	77040880	0
5	77040881	77040983	1
5	77040984	77139876	0
5	77139877	77156226	1
5	77156227	77251371	0
5	77251372	77277419	1
5	77277420	77375849	0
5	77375850	77460622	1
5	77460623	77820809	0
5	77820810	77820942	2
5	77820943	78498298	0
5	78498299	78730664	2
5	78730665	78731883	0
5	78731884	78733026	2
5	78733027	78735868	3
5	78735869	78736002	2
5	78736003	78758140	0
5	78758141	78999387	1
5	78999388	79022016	3
5	79022017	79748271	1
5	79748272	80145824	0
5	80145825	80159626	2
5	80159627	80248663	0
5	80248664	80248780	1
5	80248781	80359413	0
5	80359414	80359519	2
5	80359520	80783159	0
5	80783160	80783783	1
5	80783784	81083257	0
5	81083258	81083631	1
5	81083632	82348928	0
5	82348929	82493148	1
5	82493149	82527978	0
5	82527979	82532795	2
5	82532796	82622226	0
5	82622227	82672831	1
5	82672832	82699773	0
5	82699774	82699879	2
5	82699880	83792282	0
5	83792283	83935385	1
5	83935386	83935513	3
5	83935514	83960780	1
5	83960781	83960826	0
5	83960827	83976652	2
5	83976653	83990635	0
5	83990636	83992612	1
5	83992613	83993563	0
5	83993564	84105620	1
5	84105621	84177344	0
5	84177345	84177441	2
5	84177442	84280917	0
5	84280918	84281820	1
5	84281821	85451844	0
5	85451845	85469595	1
5	85469596	85665860	0
5	85665861	85665985	1
5	85665986	85851825	0
5	85851826	85934772	1
5	85934773	86754581	0
5	86754582	86754707	1
5	86754708	86992248	0
5	86992249	86992373	2
5	86992374	87503907	0
5	87503908	87504027	1
5	87504028	87548906	0
5	87548907	87619029	1
5	87619030	87692733	0
5	87692734	87706181	1
5	87706182	87764602	0
5	87764603	88031089	2
5	88031090	88097663	0
5	88097664	88098139	1
5	88098140	88100731	0
5	88100732	88306816	2
5	88306817	88572550	0
5	88572551	88572678	2
5	88572679	89242659	0
5	89242660	89243755	1
5	89243756	89243988	0
5	89243989	89266844	2
5	89266845	90048964	0
5	90048965	90605088	1
5	90605089	90605191	3
5	90605192	92369394	1
5	92369395	92964688	0
5	92964689	93020916	1
5	93020917	93649663	0
5	93649664	93649875	2
5	93649876	93650060	0
5	93650061	93650769	2
5	93650770	95086083	0
5	95086084	95087048	2
5	95087049	95202895	0
5	95202896	95203035	2
5	95203036	95280980	0
5	95280981	95299514	2
5	95299515	95362003	0
5	95362004	95409436	2
5	95409437	95462186	0
5	95462187	95465127	1
5	95465128	95553143	0
5	95553144	95561754	2
5	95561755	95766116	0
5	95766117	95920497	1
5	95920498	96254564	0
5	96254565	96254695	1
5	96254696	96764651	0
5	96764652	96975477	1
5	96975478	97229343	0
5	97229344	97286535	1
5	97286536	97306429	0
5	97306430	97309781	1
5	97309782	97322536	0
5	97322537	97469541	1
5	97469542	97481662	0
5	97481663	97481778	2
5	97481779	97609390	0
5	97609391	97736268	1
5	97736269	97801558	0
5	97801559	97802510	2
5	97802511	97806777	0
5	97806778	97817830	1
5	97817831	97817945	0
5	97817946	97844648	2
5	97844649	97847013	0
5	97847014	97879255	1
5	97879256	97920000	0
5	97920001	98282831	2
5	98282832	98414526	0
5	98414527	98414632	1
5	98414633	98687408	0
5	98687409	99079424	1
5	99079425	99229953	0
5	99229954	99230056	1
5	99230057	99295998	0
5	99295999	99576394	2
5	99576395	99653150	0
5	99653151	100918382	2
5	100918383	100937128	0
5	100937129	101093279	1
5	101093280	101112857	0
5	101112858	101114508	2
5	101114509	101119298	0
5	101119299	101153122	1
5	101153123	101154409	0
5	101154410	101242317	1
5	101242318	101272003	0
5	101272004	101368116	2
5	101368117	101371134	0
5	101371135	101374600	1
5	101374601	101391883	0
5	101391884	101442612	2
5	101442613	101502276	0
5	101502277	101739335	1
5	101739336	102260009	0
5	102260010	102483192	1
5	102483193	102483316	3
5	102483317	102515359	1
5	102515360	102564596	0
5	102564597	102886580	2
5	102886581	102887586	0
5	102887587	102915336	1
5	102915337	103020967	0
5	103020968	103021521	1
5	103021522	103069481	0
5	103069482	103070050	1
5	103070051	103097354	0
5	103097355	103097923	2
5	103097924	103104834	0
5	103104835	103105408	1
5	103105409	103109364	0
5	103109365	103109472	2
5	103109473	103321194	0
5	103321195	103322283	1
5	103322284	103328719	0
5	103328720	103328892	2
5	103328893	103337454	0
5	103337455	103337902	2
5	103337903	103365185	0
5	103365186	103372235	1
5	103372236	103378591	0
5	103378592	103379145	2
5	103379146	103407281	0
5	103407282	103407835	2
5	103407836	103426385	0
5	103426386	103426939	2
5	103426940	103441538	0
5	103441539	103442092	2
5	103442093	103455378	0
5	103455379	103455932	2
5	103455933	103476655	0
5	103476656	103477209	2
5	103477210	103494446	0
5	103494447	103495000	2
5	103495001	103509614	0
5	103509615	103510168	2
5	103510169	103524731	0
5	103524732	103525300	2
5	103525301	103532144	0
5	103532145	103532300	2
5	103532301	103569673	0
5	103569674	103572254	1
5	103572255	103599030	0
5	103599031	103599147	2
5	103599148	103767456	0
5	103767457	103767923	1
5	103767924	103873018	0
5	103873019	103899709	2
5	103899710	103900715	3
5	103900716	103919374	2
5	103919375	103919497	3
5	103919498	103939404	2
5	103939405	103984947	0
5	103984948	104003147	1
5	104003148	104003367	0
5	104003368	104008176	2
5	104008177	104010678	0
5	104010679	104019048	1
5	104019049	104415891	0
5	104415892	104422431	2
5	104422432	104729406	0
5	104729407	104729891	1
5	104729892	104946241	0
5	104946242	104948085	2
5	104948086	105075073	0
5	105075074	105076665	1
5	105076666	105264286	0
5	105264287	105265938	2
5	105265939	105346073	0
5	105346074	105346179	1
5	105346180	105738476	0
5	105738477	105738607	1
5	105738608	105960873	0
5	105960874	106109095	1
5	106109096	106129985	0
5	106129986	106130091	1
5	106130092	106613982	0
5	106613983	106638849	2
5	106638850	106874349	0
5	106874350	106877002	1
5	106877003	106877033	0
5	106877034	106898026	2
5	106898027	106906254	0
5	106906255	106907159	1
5	106907160	106982880	0
5	106982881	106983119	1
5	106983120	107131585	0
5	107131586	107131893	1
5	107131894	107214244	0
5	107214245	107214489	1
5	107214490	107652471	0
5	107652472	107652569	1
5	107652570	107912184	0
5	107912185	107912405	2
5	107912406	108090611	0
5	108090612	108091222	1
5	108091223	108999227	0
5	108999228	109009274	1
5	109009275	109013641	3
5	109013642	109014697	1
5	109014698	109313266	0
5	109313267	109324183	1
5	109324184	109357429	0
5	109357430	109360514	1
5	109360515	109361910	0
5	109361911	109414312	1
5	109414313	109428263	0
5	109428264	109460280	1
5	109460281	109474253	0
5	109474254	109497119	2
5	109497120	109507936	3
5	109507937	109563831	2
5	109563832	109607075	0
5	109607076	109728997	2
5	109728998	109733802	3
5	109733803	109761838	1
5	109761839	109776284	0
5	109776285	109819965	1
5	109819966	109850143	0
5	109850144	109852037	1
5	109852038	109854044	0
5	109854045	109863725	1
5	109863726	109865015	3
5	109865016	109865566	1
5	109865567	109893143	0
5	109893144	109897654	1
5	109897655	109897750	0
5	109897751	109914222	2
5	109914223	110105849	0
5	110105850	110179860	1
5	110179861	110186707	3
5	110186708	110250768	1
5	110250769	110355811	0
5	110355812	110355972	2
5	110355973	110398861	0
5	110398862	110786015	2
5	110786016	110792360	0
5	110792361	110822009	1
5	110822010	110824442	0
5	110824443	110824499	1
5	110824500	110824810	3
5	110824811	110887785	2
5	110887786	110908575	0
5	110908576	110913308	1
5	110913309	110960315	0
5	110960316	110995113	1
5	110995114	111088672	0
5	111088673	111139011	1
5	111139012	111178701	0
5	111178702	111244792	1
5	111244793	111342385	0
5	111342386	111397993	1
5	111397994	111398055	3
5	111398056	111411588	1
5	111411589	111531649	0
5	111531650	111531710	2
5	111531711	111531724	0
5	111531725	111531785	2
5	111531786	111584158	0
5	111584159	111671884	1
5	111671885	111673171	3
5	111673172	111718326	1
5	111718327	111718472	3
5	111718473	111754727	1
5	111754728	112231521	0
5	112231522	112246311	1
5	112246312	112436642	0
5	112436643	112775883	2
5	112775884	112945242	0
5	112945243	112945347	2
5	112945348	112966473	0
5	112966474	112966605	2
5	112966606	112997111	0
5	112997112	112997659	2
5	112997660	113020758	0
5	113020759	113050931	1
5	113050932	113062116	0
5	113062117	113364805	2
5	113364806	113379868	0
5	113379869	113385728	2
5	113385729	113402466	0
5	113402467	113465553	1
5	113465554	113467421	0
5	113467422	113467898	1
5	113467899	113561441	0
5	113561442	113562120	1
5	113562121	113584418	0
5	113584419	113587097	1
5	113587098	113587562	0
5	113587563	113598930	2
5	113598931	113600196	0
5	113600197	113703010	1
5	113703011	113709955	3
5	113709956	113782811	1
5	113782812	113867090	0
5	113867091	113934828	2
5	113934829	113976351	0
5	113976352	113976703	2
5	113976704	114217665	0
5	114217666	114233850	1
5	114233851	114291174	0
5	114291175	114291602	2
5	114291603	114335406	0
5	114335407	114336815	2
5	114336816	114405008	0
5	114405009	114454437	2
5	114454438	114460219	0
5	114460220	114525165	1
5	114525166	114525536	3
5	114525537	114525569	1
5	114525570	114525686	3
5	114525687	114525702	1
5	114525703	114576127	2
5	114576128	114595291	0
5	114595292	114654726	2
5	114654727	114744302	0
5	114744303	114900233	2
5	114900234	114900516	3
5	114900517	115066078	2
5	115066079	115066184	3
5	115066185	115088153	2
5	115088154	115090084	0
5	115090085	115097449	1
5	115097450	115097551	3
5	115097552	115118492	1
5	115118493	115118493	0
5	115118494	115186872	2
5	115186873	115411069	0
5	115411070	115657503	2
5	115657504	115701324	0
5	115701325	115778790	2
5	115778791	115780246	0
5	115780247	115816832	1
5	115816833	115816934	3
5	115816935	115888924	1
5	115888925	115961773	0
5	115961774	115961900	2
5	115961901	115966326	0
5	115966327	115966408	1
5	115966409	116039614	0
5	116039615	116098616	2
5	116098617	116119674	0
5	116119675	116283446	2
5	116283447	116289820	0
5	116289821	116475906	2
5	116475907	116481293	0
5	116481294	116483952	1
5	116483953	116534399	0
5	116534400	116537094	1
5	116537095	116574959	0
5	116574960	116596795	1
5	116596796	116613909	0
5	116613910	116614652	1
5	116614653	116799969	0
5	116799970	117367694	2
5	117367695	117537744	0
5	117537745	117734573	2
5	117734574	117735437	0
5	117735438	117757586	2
5	117757587	117764114	0
5	117764115	117764680	2
5	117764681	117788462	0
5	117788463	117870380	1
5	117870381	117876125	3
5	117876126	117927587	2
5	117927588	117934350	0
5	117934351	117981309	1
5	117981310	118000864	0
5	118000865	118064206	1
5	118064207	118083726	0
5	118083727	118136978	2
5	118136979	118248244	0
5	118248245	118248343	1
5	118248344	118392794	0
5	118392795	118861542	2
5	118861543	118896303	3
5	118896304	118900684	2
5	118900685	118905198	3
5	118905199	119058017	2
5	119058018	119058090	0
5	119058091	119125291	2
5	119125292	119140531	0
5	119140532	119510550	2
5	119510551	119535144	0
5	119535145	119572563	2
5	119572564	119583172	0
5	119583173	119637752	1
5	119637753	119677202	0
5	119677203	119734130	2
5	119734131	119734288	3
5	119734289	119800908	2
5	119800909	119813224	0
5	119813225	119879541	1
5	119879542	119927083	0
5	119927084	120002203	2
5	120002204	120006308	0
5	120006309	120012572	1
5	120012573	120473914	0
5	120473915	120474104	2
5	120474105	120631538	0
5	120631539	120631921	1
5	120631922	120966303	0
5	120966304	120966420	2
5	120966421	121056992	0
5	121056993	121078043	1
5	121078044	121080468	0
5	121080469	121210309	2
5	121210310	121211276	0
5	121211277	121233686	1
5	121233687	121251772	0
5	121251773	121260569	1
5	121260570	121266797	0
5	121266798	121276055	1
5	121276056	121344573	0
5	121344574	121371135	2
5	121371136	121375996	0
5	121375997	121401867	1
5	121401868	121406324	0
5	121406325	121423128	2
5	121423129	121434094	0
5	121434095	121439152	2
5	121439153	121445738	0
5	121445739	121462285	1
5	121462286	121463825	0
5	121463826	121503753	1
5	121503754	121514802	0
5	121514803	121527433	2
5	121527434	121527553	3
5	121527554	121581536	1
5	121581537	121691391	0
5	121691392	121827990	2
5	121827991	121829109	0
5	121829110	121846174	1
5	121846175	121847950	0
5	121847951	121868743	2
5	121868744	121870100	0
5	121870101	121870525	1
5	121870526	121877579	0
5	121877580	121894201	2
5	121894202	121923954	0
5	121923955	121962181	1
5	121962182	121962438	0
5	121962439	121983623	2
5	121983624	121991688	0
5	121991689	122000942	2
5	122000943	122014676	0
5	122014677	122035579	1
5	122035580	122035827	3
5	122035828	122062419	2
5	122062420	122074277	0
5	122074278	122090968	1
5	122090969	122112210	0
5	122112211	122147464	2
5	122147465	122155965	0
5	122155966	122202289	2
5	122202290	122222126	0
5	122222127	122412139	2
5	122412140	122444839	0
5	122444840	122452394	1
5	122452395	122542311	0
5	122542312	122542378	1
5	122542379	122563451	0
5	122563452	122631350	2
5	122631351	122639306	0
5	122639307	122646615	2
5	122646616	122648409	0
5	122648410	122656908	2
5	122656909	122664675	0
5	122664676	122682093	1
5	122682094	122695036	0
5	122695037	122695928	1
5	122695929	122726966	0
5	122726967	122727101	2
5	122727102	122731001	0
5	122731002	122775132	2
5	122775133	122776547	0
5	122776548	122881285	1
5	122881286	122916132	0
5	122916133	122934857	2
5	122934858	122937134	0
5	122937135	122973647	1
5	122973648	122992145	0
5	122992146	123042734	1
5	123042735	123069369	0
5	123069370	123080197	2
5	123080198	123110503	0
5	123110504	123126661	1
5	123126662	123144329	0
5	123144330	123153002	1
5	123153003	123203001	0
5	123203002	123280961	2
5	123280962	123281067	3
5	123281068	123306463	2
5	123306464	123311480	0
5	123311481	123323970	1
5	123323971	123324313	0
5	123324314	123348373	2
5	123348374	123353290	0
5	123353291	123367316	2
5	123367317	123370675	0
5	123370676	123474147	1
5	123474148	123529697	3
5	123529698	123529802	2
5	123529803	123530976	0
5	123530977	123534171	2
5	123534172	123567905	0
5	123567906	123586779	1
5	123586780	123586864	3
5	123586865	123613962	2
5	123613963	123644421	0
5	123644422	123697399	2
5	123697400	123754009	0
5	123754010	123754109	1
5	123754110	123755804	0
5	123755805	123818593	2
5	123818594	123819102	0
5	123819103	123962194	1
5	123962195	123987472	0
5	123987473	124022415	2
5	124022416	124045924	0
5	124045925	124146219	2
5	124146220	124151758	0
5	124151759	124204971	2
5	124204972	124212443	0
5	124212444	124234748	1
5	124234749	124239327	0
5	124239328	124243156	1
5	124243157	124264227	0
5	124264228	124264367	1
5	124264368	124276072	0
5	124276073	124295801	1
5	124295802	124306818	0
5	124306819	124306944	2
5	124306945	124411122	0
5	124411123	124416276	1
5	124416277	124426060	0
5	124426061	124789975	2
5	124789976	124799594	0
5	124799595	124803544	1
5	124803545	124805881	0
5	124805882	124811628	2
5	124811629	125056846	0
5	125056847	125200444	1
5	125200445	125254954	0
5	125254955	126534365	2
5	126534366	126593120	0
5	126593121	126676555	2
5	126676556	126709767	0
5	126709768	126733466	1
5	126733467	126751392	0
5	126751393	126773245	2
5	126773246	126786467	0
5	126786468	126814718	2
5	126814719	126875680	0
5	126875681	126913165	2
5	126913166	126991242	0
5	126991243	127118582	2
5	127118583	127293598	0
5	127293599	127420987	2
5	127420988	127518217	0
5	127518218	127556433	2
5	127556434	127636172	0
5	127636173	127684627	1
5	127684628	127769050	0
5	127769051	127847187	1
5	127847188	127941112	0
5	127941113	128143745	2
5	128143746	128148021	0
5	128148022	128154169	1
5	128154170	128154446	3
5	128154447	128156152	2
5	128156153	128429018	0
5	128429019	128430502	1
5	128430503	128445592	0
5	128445593	128446452	1
5	128446453	128480299	0
5	128480300	128507828	1
5	128507829	128508557	0
5	128508558	128508668	2
5	128508669	128520951	0
5	128520952	128573728	2
5	128573729	128587699	0
5	128587700	128600974	2
5	128600975	128618235	0
5	128618236	128623129	2
5	128623130	128651774	0
5	128651775	128682777	1
5	128682778	128702129	0
5	128702130	128733474	1
5	128733475	128923613	0
5	128923614	129026475	1
5	129026476	129097924	0
5	129097925	129115461	1
5	129115462	129123334	0
5	129123335	129137462	2
5	129137463	129139036	0
5	129139037	129156346	1
5	129156347	129171052	0
5	129171053	129171791	1
5	129171792	129218422	0
5	129218423	129258623	2
5	129258624	129261550	0
5	129261551	129264671	1
5	129264672	129266402	0
5	129266403	129293554	2
5	129293555	129306567	0
5	129306568	129315254	2
5	129315255	129318168	0
5	129318169	129357637	2
5	129357638	129363783	0
5	129363784	129366736	2
5	129366737	129376600	0
5	129376601	129377133	2
5	129377134	129394219	0
5	129394220	129403038	1
5	129403039	129416648	0
5	129416649	129422598	2
5	129422599	129479822	0
5	129479823	129498675	1
5	129498676	129512305	0
5	129512306	129532421	1
5	129532422	129545982	0
5	129545983	129554240	1
5	129554241	129554545	0
5	129554546	129575376	2
5	129575377	129575447	3
5	129575448	129605068	1
5	129605069	129614135	0
5	129614136	129628764	1
5	129628765	129634292	0
5	129634293	129644147	2
5	129644148	129646991	0
5	129646992	129652015	1
5	129652016	129652684	0
5	129652685	129656131	1
5	129656132	129656831	0
5	129656832	129672846	2
5	129672847	129701227	0
5	129701228	129772581	2
5	129772582	129775674	0
5	129775675	129915604	1
5	129915605	129952185	0
5	129952186	129952288	2
5	129952289	129962641	0
5	129962642	130001240	2
5	130001241	130004899	0
5	130004900	130010653	1
5	130010654	130023135	0
5	130023136	130056671	2
5	130056672	130057361	0
5	130057362	130082926	1
5	130082927	130092730	0
5	130092731	130107103	1
5	130107104	130107209	3
5	130107210	130113672	1
5	130113673	130115698	0
5	130115699	130120347	2
5	130120348	130147202	0
5	130147203	130162854	2
5	130162855	130166449	0
5	130166450	130172599	1
5	130172600	130172772	0
5	130172773	130178927	2
5	130178928	130185031	0
5	130185032	130239226	2
5	130239227	130239573	3
5	130239574	130262317	2
5	130262318	130271290	3
5	130271291	130274048	1
5	130274049	130274120	0
5	130274121	130286144	2
5	130286145	130286629	0
5	130286630	130288231	1
5	130288232	130298503	0
5	130298504	130298697	2
5	130298698	130338324	0
5	130338325	130338428	2
5	130338429	130343032	0
5	130343033	130455215	2
5	130455216	130463782	3
5	130463783	130468806	1
5	130468807	130469838	0
5	130469839	130478559	2
5	130478560	130492218	0
5	130492219	130563330	2
5	130563331	130572310	0
5	130572311	130592403	2
5	130592404	130595703	0
5	130595704	130596983	1
5	130596984	130597682	0
5	130597683	130604333	1
5	130604334	130605397	0
5	130605398	130607140	2
5	130607141	130607664	3
5	130607665	130612315	1
5	130612316	130623436	0
5	130623437	130627097	2
5	130627098	130629714	0
5	130629715	130633266	1
5	130633267	130637345	0
5	130637346	130662635	1
5	130662636	130667016	0
5	130667017	130667131	2
5	130667132	130673377	0
5	130673378	130673492	2
5	130673493	130680652	0
5	130680653	130680767	2
5	130680768	130682483	0
5	130682484	130721657	1
5	130721658	130722060	3
5	130722061	130737690	2
5	130737691	130739181	0
5	130739182	130961416	1
5	130961417	131016124	0
5	131016125	131143327	2
5	131143328	131143727	0
5	131143728	131151740	1
5	131151741	131198652	0
5	131198653	131198897	2
5	131198898	131201300	0
5	131201301	131203758	2
5	131203759	131226560	0
5	131226561	131229439	2
5	131229440	131247916	0
5	131247917	131248161	2
5	131248162	131307474	0
5	131307475	131315082	1
5	131315083	131374540	0
5	131374541	131408141	2
5	131408142	131408726	3
5	131408727	131412027	1
5	131412028	131412539	0
5	131412540	131421011	1
5	131421012	131423385	0
5	131423386	131426399	1
5	131426400	131428266	0
5	131428267	131431393	1
5	131431394	131433774	0
5	131433775	131454041	1
5	131454042	131458828	0
5	131458829	131463896	2
5	131463897	131464754	0
5	131464755	131468023	1
5	131468024	131470346	0
5	131470347	131670808	1
5	131670809	131672752	0
5	131672753	131719499	1
5	131719500	131742752	0
5	131742753	131810021	1
5	131810022	131815224	0
5	131815225	131817031	1
5	131817032	131894596	0
5	131894597	131897249	2
5	131897250	131897273	0
5	131897274	131943902	1
5	131943903	131943980	0
5	131943981	131950303	2
5	131950304	131950543	0
5	131950544	131954310	2
5	131954311	131961320	0
5	131961321	131965956	2
5	131965957	131966213	0
5	131966214	131970510	1
5	131970511	131973893	0
5	131973894	131979520	1
5	131979521	131979623	3
5	131979624	131986795	1
5	131986796	132000013	0
5	132000014	132019590	1
5	132019591	132048771	0
5	132048772	132051923	2
5	132051924	132059552	0
5	132059553	132060816	2
5	132060817	132065665	3
5	132065666	132074393	2
5	132074394	132079295	3
5	132079296	132148141	1
5	132148142	132148460	3
5	132148461	132153265	2
5	132153266	132185562	0
5	132185563	132187754	2
5	132187755	132201893	0
5	132201894	132209006	1
5	132209007	132215325	0
5	132215326	132221479	1
5	132221480	132231258	0
5	132231259	132239282	2
5	132239283	132254324	0
5	132254325	132255277	2
5	132255278	132264437	0
5	132264438	132265384	2
5	132265385	132271844	0
5	132271845	132272791	1
5	132272792	132293813	0
5	132293814	132294760	1
5	132294761	132311509	0
5	132311510	132318633	1
5	132318634	132326452	0
5	132326453	132327402	1
5	132327403	132345162	0
5	132345163	132346169	1
5	132346170	132373992	0
5	132373993	132374939	1
5	132374940	132407419	0
5	132407420	132408366	1
5	132408367	132435677	0
5	132435678	132436624	1
5	132436625	132459655	0
5	132459656	132468022	1
5	132468023	132489095	0
5	132489096	132490042	1
5	132490043	132504417	0
5	132504418	132505358	1
5	132505359	132573696	0
5	132573697	132583580	2
5	132583581	132591432	0
5	132591433	132591565	2
5	132591566	132604670	0
5	132604671	132604903	2
5	132604904	132717194	0
5	132717195	132745414	2
5	132745415	132780179	0
5	132780180	132784998	1
5	132784999	132789989	0
5	132789990	132802845	1
5	132802846	132808202	0
5	132808203	132813733	2
5	132813734	132817322	0
5	132817323	132829975	1
5	132829976	132836504	0
5	132836505	132841760	1
5	132841761	132841926	0
5	132841927	132856657	2
5	132856658	132863265	0
5	132863266	132868225	2
5	132868226	132882143	0
5	132882144	132898860	1
5	132898861	132906326	0
5	132906327	132916873	1
5	132916874	132924239	3
5	132924240	132924265	1
5	132924266	132926613	0
5	132926614	133019657	1
5	133019658	133023119	0
5	133023120	133026931	1
5	133026932	133027007	0
5	133027008	133059993	2
5	133059994	133073958	0
5	133073959	133098790	1
5	133098791	133140882	0
5	133140883	133180210	2
5	133180211	133180803	3
5	133180804	133228487	2
5	133228488	133237175	0
5	133237176	133239016	2
5	133239017	133246907	0
5	133246908	133248964	1
5	133248965	133315310	0
5	133315311	133318855	1
5	133318856	133318868	3
5	133318869	133521097	2
5	133521098	133658050	0
5	133658051	133727793	2
5	133727794	133751215	0
5	133751216	133756812	2
5	133756813	133856070	0
5	133856071	133876571	1
5	133876572	133990518	0
5	133990519	134122103	2
5	134122104	134125023	0
5	134125024	134154178	1
5	134154179	134176816	0
5	134176817	134177376	1
5	134177377	134184847	0
5	134184848	134191548	1
5	134191549	134246680	0
5	134246681	134248133	2
5	134248134	134275932	0
5	134275933	134326930	1
5	134326931	134336806	0
5	134336807	134352230	1
5	134352231	134352321	3
5	134352322	134405375	1
5	134405376	134435827	0
5	134435828	134493827	2
5	134493828	134497770	3
5	134497771	134501996	2
5	134501997	134514356	3
5	134514357	134530541	2
5	134530542	134546696	3
5	134546697	134578563	2
5	134578564	134579339	3
5	134579340	134627227	2
5	134627228	134640487	3
5	134640488	134660108	1
5	134660109	134664690	0
5	134664691	134669289	1
5	134669290	134711617	0
5	134711618	134767255	1
5	134767256	135054796	0
5	135054797	135063223	1
5	135063224	135069024	0
5	135069025	135070080	2
5	135070081	135121161	0
5	135121162	135142046	2
5	135142047	135142110	0
5	135142111	135168767	1
5	135168768	135225814	0
5	135225815	135240688	1
5	135240689	135274746	0
5	135274747	135281580	2
5	135281581	135295328	0
5	135295329	135338762	2
5	135338763	135386309	0
5	135386310	135405195	2
5	135405196	135406174	0
5	135406175	135419233	1
5	135419234	135454538	0
5	135454539	135466414	2
5	135466415	135473229	0
5	135473230	135499336	2
5	135499337	135508158	0
5	135508159	135525150	2
5	135525151	135563560	0
5	135563561	135578977	2
5	135578978	135591505	0
5	135591506	135617783	1
5	135617784	135623740	0
5	135623741	135941292	1
5	135941293	135941396	3
5	135941397	135945903	1
5	135945904	135974032	0
5	135974033	135979601	1
5	135979602	135989463	0
5	135989464	136004760	1
5	136004761	136037303	0
5	136037304	136081967	2
5	136081968	136081968	0
5	136081969	136085688	2
5	136085689	136101881	0
5	136101882	136116939	2
5	136116940	136135929	0
5	136135930	136145614	2
5	136145615	136148274	0
5	136148275	136167765	2
5	136167766	136910389	0
5	136910390	136913369	2
5	136913370	136931006	0
5	136931007	136946189	1
5	136946190	136950182	0
5	136950183	136950281	1
5	136950282	136950409	0
5	136950410	136961315	2
5	136961316	136967689	0
5	136967690	136987359	2
5	136987360	136996684	0
5	136996685	137000393	2
5	137000394	137003285	3
5	137003286	137061313	2
5	137061314	137062374	0
5	137062375	137107134	2
5	137107135	137108631	0
5	137108632	137110277	1
5	137110278	137110927	3
5	137110928	137115118	2
5	137115119	137115630	0
5	137115631	137122351	1
5	137122352	137140733	0
5	137140734	137174155	2
5	137174156	137176415	0
5	137176416	137198627	1
5	137198628	137198718	0
5	137198719	137204024	2
5	137204025	137251657	0
5	137251658	137272931	2
5	137272932	137293079	0
5	137293080	137318475	2
5	137318476	137318524	3
5	137318525	137327334	1
5	137327335	137328369	0
5	137328370	137335843	2
5	137335844	137344378	0
5	137344379	137370012	2
5	137370013	137376562	0
5	137376563	137385349	1
5	137385350	137554590	0
5	137554591	137554648	2
5	137554649	137767863	0
5	137767864	137984305	2
5	137984306	137984346	0
5	137984347	137989615	1
5	137989616	138131973	0
5	138131974	138133308	2
5	138133309	138177538	0
5	138177539	138177704	2
5	138177705	138229944	0
5	138229945	138230640	2
5	138230641	138301504	0
5	138301505	138317879	2
5	138317880	138321591	0
5	138321592	138332203	2
5	138332204	138333891	0
5	138333892	138366820	2
5	138366821	138373117	0
5	138373118	138377503	2
5	138377504	138381157	0
5	138381158	138417794	2
5	138417795	138427149	0
5	138427150	138429178	2
5	138429179	138432431	3
5	138432432	138444405	1
5	138444406	138445293	0
5	138445294	138487475	1
5	138487476	138487918	0
5	138487919	138494198	1
5	138494199	138527399	0
5	138527400	138552497	1
5	138552498	138557752	0
5	138557753	138572817	2
5	138572818	138585997	0
5	138585998	138612848	2
5	138612849	138614020	0
5	138614021	138619294	1
5	138619295	138619665	0
5	138619666	138623202	1
5	138623203	138639567	0
5	138639568	138714228	1
5	138714229	138722109	0
5	138722110	138773544	1
5	138773545	138783067	0
5	138783068	138825630	1
5	138825631	138850126	0
5	138850127	138885032	2
5	138885033	138900579	0
5	138900580	138905271	2
5	138905272	138970531	0
5	138970532	139009451	2
5	139009452	139021135	3
5	139021136	139031106	1
5	139031107	139037817	0
5	139037818	139046141	1
5	139046142	139047566	3
5	139047567	139108036	2
5	139108037	139108166	3
5	139108167	139140713	2
5	139140714	139145802	0
5	139145803	139145926	1
5	139145927	139146663	0
5	139146664	139195912	1
5	139195913	139196712	3
5	139196713	139264419	1
5	139264420	139288464	0
5	139288465	139289217	2
5	139289218	139329323	0
5	139329324	139330055	1
5	139330056	139338073	0
5	139338074	139353470	2
5	139353471	139364787	0
5	139364788	139381871	1
5	139381872	139396725	0
5	139396726	139444277	2
5	139444278	139444397	0
5	139444398	139449945	2
5	139449946	139492945	0
5	139492946	139562623	2
5	139562624	139569389	0
5	139569390	139574318	2
5	139574319	139610748	0
5	139610749	139610850	1
5	139610851	139633285	0
5	139633286	139634342	1
5	139634343	139635923	3
5	139635924	139649193	2
5	139649194	139651371	3
5	139651372	139654978	1
5	139654979	139675778	0
5	139675779	139679665	1
5	139679666	139680669	0
5	139680670	139683581	1
5	139683582	140282041	0
5	140282042	140325813	1
5	140325814	140342374	0
5	140342375	140615195	2
5	140615196	140616768	3
5	140616769	140912232	2
5	140912233	140930687	0
5	140930688	140956334	1
5	140956335	140959994	0
5	140959995	140964814	1
5	140964815	141050840	0
5	141050841	141099266	2
5	141099267	141107981	0
5	141107982	141115639	2
5	141115640	141119896	0
5	141119897	141156714	1
5	141156715	141231521	0
5	141231522	141259913	2
5	141259914	141281247	0
5	141281248	141310395	1
5	141310396	141333593	0
5	141333594	141333938	1
5	141333939	141346061	0
5	141346062	141364630	2
5	141364631	141366113	0
5	141366114	141370272	2
5	141370273	141406116	0
5	141406117	141431378	2
5	141431379	141449189	0
5	141449190	141455611	2
5	141455612	141455680	3
5	141455681	141463839	1
5	141463840	141481588	0
5	141481589	141490729	2
5	141490730	141494351	0
5	141494352	141522269	1
5	141522270	141522375	3
5	141522376	141535523	1
5	141535524	141535757	0
5	141535758	141563831	2
5	141563832	141564397	0
5	141564398	141593174	1
5	141593175	141632365	0
5	141632366	141638419	2
5	141638420	141652376	3
5	141652377	141655730	2
5	141655731	141675282	3
5	141675283	141688658	2
5	141688659	141693187	0
5	141693188	141721342	1
5	141721343	141723051	0
5	141723052	141723170	2
5	141723171	141744959	0
5	141744960	141746354	2
5	141746355	141766307	0
5	141766308	141781598	1
5	141781599	141798979	0
5	141798980	141827090	2
5	141827091	141827604	0
5	141827605	141828662	1
5	141828663	141829253	3
5	141829254	141830703	2
5	141830704	141850108	0
5	141850109	141853815	2
5	141853816	141853987	0
5	141853988	141881109	1
5	141881110	141888324	0
5	141888325	141903792	1
5	141903793	141920693	0
5	141920694	141922338	1
5	141922339	141935042	0
5	141935043	141942653	1
5	141942654	141942674	3
5	141942675	141951029	2
5	141951030	141951045	3
5	141951046	141967380	1
5	141967381	141969344	0
5	141969345	141984581	1
5	141984582	141991566	0
5	141991567	142021118	1
5	142021119	142024271	0
5	142024272	142046547	1
5	142046548	142052774	0
5	142052775	142063202	1
5	142063203	142063568	0
5	142063569	142089178	1
5	142089179	142089225	0
5	142089226	142089560	2
5	142089561	142091077	3
5	142091078	142091270	2
5	142091271	142091409	1
5	142091410	142165698	0
5	142165699	142191897	2
5	142191898	142235552	0
5	142235553	142235704	1
5	142235705	142268595	0
5	142268596	142296989	2
5	142296990	142317977	0
5	142317978	142323793	2
5	142323794	142331327	0
5	142331328	142362538	2
5	142362539	142388424	0
5	142388425	142442823	2
5	142442824	142451776	0
5	142451777	142475065	2
5	142475066	142477212	0
5	142477213	142486672	1
5	142486673	142513712	0
5	142513713	142523718	1
5	142523719	142552006	0
5	142552007	142563072	1
5	142563073	142592307	0
5	142592308	142618362	1
5	142618363	142624700	0
5	142624701	142624887	1
5	142624888	142651954	0
5	142651955	142658587	2
5	142658588	142658716	3
5	142658717	142682773	1
5	142682774	142682875	3
5	142682876	142700424	1
5	142700425	142700532	0
5	142700533	142733774	2
5	142733775	142747503	0
5	142747504	142791861	2
5	142791862	142837125	0
5	142837126	142954037	2
5	142954038	142965589	0
5	142965590	142996478	2
5	142996479	143029025	0
5	143029026	143029149	1
5	143029150	143087757	0
5	143087758	143109805	2
5	143109806	143117502	0
5	143117503	143127057	2
5	143127058	143411171	0
5	143411172	143411302	2
5	143411303	143950963	0
5	143950964	144024766	1
5	144024767	144026453	0
5	144026454	144029654	1
5	144029655	144029729	0
5	144029730	144055861	2
5	144055862	144061461	0
5	144061462	144089227	2
5	144089228	144103548	0
5	144103549	144111904	2
5	144111905	144112504	3
5	144112505	144237819	1
5	144237820	144238209	0
5	144238210	144239576	2
5	144239577	144306186	0
5	144306187	144340958	1
5	144340959	144381429	0
5	144381430	144408142	1
5	144408143	144419010	0
5	144419011	144420327	2
5	144420328	144420553	0
5	144420554	144462600	1
5	144462601	144468940	0
5	144468941	144469073	1
5	144469074	144472839	0
5	144472840	144488847	2
5	144488848	144496213	0
5	144496214	144498846	1
5	144498847	144504386	0
5	144504387	144507554	2
5	144507555	144507613	0
5	144507614	144524129	1
5	144524130	144526023	0
5	144526024	144544575	1
5	144544576	144544702	0
5	144544703	144545177	2
5	144545178	144545380	3
5	144545381	144545597	2
5	144545598	144545800	3
5	144545801	144546426	2
5	144546427	144549361	0
5	144549362	144620863	1
5	144620864	144647539	0
5	144647540	144648475	2
5	144648476	144663250	0
5	144663251	144668633	1
5	144668634	144701528	0
5	144701529	144721258	1
5	144721259	144738948	0
5	144738949	144742666	1
5	144742667	144745034	0
5	144745035	144763106	2
5	144763107	144765974	0
5	144765975	144795249	2
5	144795250	144806575	0
5	144806576	144934516	2
5	144934517	144938062	0
5	144938063	144966718	1
5	144966719	144976746	0
5	144976747	144987348	2
5	144987349	144991110	0
5	144991111	145006398	1
5	145006399	145014259	0
5	145014260	145014507	1
5	145014508	145031496	0
5	145031497	145036206	1
5	145036207	145036312	3
5	145036313	145048750	1
5	145048751	145063585	0
5	145063586	145092375	1
5	145092376	145107489	0
5	145107490	145135572	1
5	145135573	145189839	0
5	145189840	145217324	2
5	145217325	145217882	0
5	145217883	145221868	2
5	145221869	145228225	0
5	145228226	145294143	2
5	145294144	145336840	0
5	145336841	145399240	2
5	145399241	145411508	0
5	145411509	145414588	1
5	145414589	145422667	0
5	145422668	145423890	1
5	145423891	145427718	3
5	145427719	145440344	1
5	145440345	145452210	3
5	145452211	145462938	1
5	145462939	145465845	0
5	145465846	145484489	1
5	145484490	145491464	0
5	145491465	145540406	1
5	145540407	145540422	0
5	145540423	145544106	2
5	145544107	145576332	0
5	145576333	145629622	2
5	145629623	145695360	0
5	145695361	145706071	2
5	145706072	145706092	0
5	145706093	145713270	1
5	145713271	145745097	0
5	145745098	145753134	2
5	145753135	145753682	3
5	145753683	145755876	2
5	145755877	145758000	0
5	145758001	145771423	1
5	145771424	145779292	0
5	145779293	145782607	2
5	145782608	145787989	0
5	145787990	145788669	1
5	145788670	145798062	0
5	145798063	145800051	1
5	145800052	145800109	0
5	145800110	145809248	2
5	145809249	145809649	0
5	145809650	145817250	2
5	145817251	145826199	0
5	145826200	145831312	1
5	145831313	145831444	0
5	145831445	145859991	1
5	145859992	145862175	0
5	145862176	145862281	2
5	145862282	145868023	0
5	145868024	145868478	2
5	145868479	145889644	0
5	145889645	145901531	1
5	145901532	145908179	0
5	145908180	145985562	1
5	145985563	146071424	0
5	146071425	146071783	1
5	146071784	146079019	0
5	146079020	146118270	1
5	146118271	146186096	0
5	146186097	146186584	1
5	146186585	146192124	0
5	146192125	146195519	1
5	146195520	146197455	0
5	146197456	146224452	1
5	146224453	146227117	0
5	146227118	146244120	1
5	146244121	146278976	0
5	146278977	146284998	2
5	146284999	146286923	0
5	146286924	146319967	2
5	146319968	146321346	3
5	146321347	146323664	2
5	146323665	146329840	0
5	146329841	146353524	2
5	146353525	146354150	0
5	146354151	146355329	1
5	146355330	146356574	0
5	146356575	146404058	1
5	146404059	146409059	0
5	146409060	146425850	1
5	146425851	146427681	0
5	146427682	146446940	1
5	146446941	146447495	0
5	146447496	146458210	1
5	146458211	146462668	0
5	146462669	146463290	1
5	146463291	146463755	3
5	146463756	146465196	1
5	146465197	146466477	0
5	146466478	146469565	2
5	146469566	146471047	0
5	146471048	146474054	1
5	146474055	146482177	0
5	146482178	146495037	1
5	146495038	146495113	0
5	146495114	146506833	1
5	146506834	146533505	0
5	146533506	146547320	2
5	146547321	146559731	0
5	146559732	146571954	2
5	146571955	146573910	0
5	146573911	146589113	1
5	146589114	146613496	0
5	146613497	146634941	2
5	146634942	146681434	0
5	146681435	146687152	2
5	146687153	146708898	0
5	146708899	146720671	2
5	146720672	146722335	0
5	146722336	146736499	2
5	146736500	146736925	0
5	146736926	146746782	1
5	146746783	146748650	0
5	146748651	146763057	1
5	146763058	146775840	0
5	146775841	146913419	1
5	146913420	146955605	0
5	146955606	146978599	1
5	146978600	146987626	0
5	146987627	146988215	1
5	146988216	147012865	0
5	147012866	147074999	1
5	147075000	147087516	0
5	147087517	147121713	2
5	147121714	147123686	0
5	147123687	147138847	1
5	147138848	147147782	0
5	147147783	147151521	2
5	147151522	147156478	0
5	147156479	147164412	2
5	147164413	147360992	0
5	147360993	147419154	2
5	147419155	147453710	0
5	147453711	147513450	1
5	147513451	147551403	0
5	147551404	147558635	2
5	147558636	147559512	0
5	147559513	147591847	1
5	147591848	147610675	0
5	147610676	147618773	1
5	147618774	147637200	0
5	147637201	147644526	2
5	147644527	147650933	0
5	147650934	147654059	2
5	147654060	147655083	0
5	147655084	147671935	1
5	147671936	147685286	0
5	147685287	147725451	1
5	147725452	147725561	3
5	147725562	147726349	1
5	147726350	147726644	0
5	147726645	147769786	2
5	147769787	147774158	0
5	147774159	147806158	1
5	147806159	147857670	0
5	147857671	147859980	2
5	147859981	147919906	0
5	147919907	147942330	2
5	147942331	147961347	0
5	147961348	147986294	2
5	147986295	147992735	0
5	147992736	148043272	2
5	148043273	148088821	0
5	148088822	148095697	2
5	148095698	148097897	3
5	148097898	148101766	2
5	148101767	148107240	1
5	148107241	148125602	0
5	148125603	148151546	2
5	148151547	148152698	0
5	148152699	148169970	2
5	148169971	148178250	0
5	148178251	148192066	2
5	148192067	148194789	0
5	148194790	148198386	2
5	148198387	148198437	0
5	148198438	148203090	1
5	148203091	148205996	0
5	148205997	148217078	1
5	148217079	148223648	0
5	148223649	148224103	2
5	148224104	148231594	0
5	148231595	148246763	1
5	148246764	148274067	0
5	148274068	148277597	1
5	148277598	148321223	0
5	148321224	148321522	1
5	148321523	148372760	0
5	148372761	148374347	2
5	148374348	148399640	0
5	148399641	148421215	2
5	148421216	148433492	0
5	148433493	148474071	2
5	148474072	148476939	0
5	148476940	148509446	2
5	148509447	148520853	0
5	148520854	148529457	2
5	148529458	148543042	0
5	148543043	148574865	2
5	148574866	148674493	0
5	148674494	148675617	2
5	148675618	148706136	0
5	148706137	148781607	2
5	148781608	148782974	0
5	148782975	148838317	1
5	148838318	148849305	0
5	148849306	148853740	2
5	148853741	148870243	0
5	148870244	148879224	2
5	148879225	148897244	0
5	148897245	149077057	1
5	149077058	149118844	0
5	149118845	149124405	1
5	149124406	149127413	0
5	149127414	149131015	1
5	149131016	149133634	0
5	149133635	149136532	1
5	149136533	149166695	0
5	149166696	149193397	1
5	149193398	149219675	0
5	149219676	149254413	1
5	149254414	149255273	0
5	149255274	149261742	1
5	149261743	149261871	3
5	149261872	149283841	1
5	149283842	149514016	0
5	149514017	149532857	2
5	149532858	149533649	0
5	149533650	149535148	2
5	149535149	149553722	0
5	149553723	149593109	1
5	149593110	149628771	0
5	149628772	149636935	1
5	149636936	149659120	0
5	149659121	149662943	2
5	149662944	149677474	0
5	149677475	149778592	2
5	149778593	149779673	0
5	149779674	149787138	1
5	149787139	149800177	0
5	149800178	149867717	2
5	149867718	149892017	0
5	149892018	149939251	2
5	149939252	149951407	0
5	149951408	150006444	1
5	150006445	150055346	0
5	150055347	150055486	2
5	150055487	150077642	0
5	150077643	150179369	2
5	150179370	150195224	0
5	150195225	150418361	2
5	150418362	150433738	0
5	150433739	150462998	2
5	150462999	150467726	0
5	150467727	150479953	2
5	150479954	150481576	0
5	150481577	150519636	2
5	150519637	150522240	0
5	150522241	150529411	2
5	150529412	150530521	0
5	150530522	150542633	1
5	150542634	150556613	0
5	150556614	150583229	1
5	150583230	150611607	0
5	150611608	150611940	1
5	150611941	150612599	3
5	150612600	150612966	2
5	150612967	150652810	0
5	150652811	150661861	2
5	150661862	150673505	0
5	150673506	150676598	2
5	150676599	150797320	0
5	150797321	150852516	1
5	150852517	150929260	0
5	150929261	150936995	2
5	150936996	150950729	0
5	150950730	150959180	1
5	150959181	150959742	3
5	150959743	150981375	2
5	150981376	150986786	0
5	150986787	150993173	1
5	150993174	151000530	0
5	151000531	151010265	1
5	151010266	151018868	0
5	151018869	151022523	2
5	151022524	151041338	0
5	151041339	151062656	1
5	151062657	151071471	0
5	151071472	151071627	1
5	151071628	151076440	0
5	151076441	151079012	2
5	151079013	151121437	0
5	151121438	151126819	2
5	151126820	151140057	0
5	151140058	151163558	1
5	151163559	151210490	0
5	151210491	151211714	2
5	151211715	151216810	0
5	151216811	151294721	2
5	151294722	151296660	0
5	151296661	151311910	1
5	151311911	151318752	0
5	151318753	151338717	1
5	151338718	151339174	0
5	151339175	151367483	1
5	151367484	151434869	0
5	151434870	151535407	2
5	151535408	151542374	0
5	151542375	151552257	1
5	151552258	151552341	0
5	151552342	151560907	2
5	151560908	151584477	0
5	151584478	151601392	2
5	151601393	151601778	0
5	151601779	151608285	1
5	151608286	151608566	0
5	151608567	151633886	2
5	151633887	151635866	0
5	151635867	151743782	2
5	151743783	151830699	0
5	151830700	151850757	2
5	151850758	151850823	3
5	151850824	151925343	2
5	151925344	151999090	0
5	151999091	152097977	1
5	152097978	152221031	0
5	152221032	152224549	1
5	152224550	152242072	0
5	152242073	152242338	1
5	152242339	152287833	0
5	152287834	152512172	1
5	152512173	152792250	0
5	152792251	152919536	1
5	152919537	152948232	0
5	152948233	152952469	2
5	152952470	152993663	0
5	152993664	153017203	2
5	153017204	153021963	0
5	153021964	153037412	1
5	153037413	153041350	0
5	153041351	153074360	1
5	153074361	153089715	0
5	153089716	153117144	1
5	153117145	153119564	0
5	153119565	153152032	1
5	153152033	153209051	0
5	153209052	153251630	2
5	153251631	153264897	0
5	153264898	153314291	2
5	153314292	153314709	0
5	153314710	153320257	2
5	153320258	153320960	0
5	153320961	153363576	1
5	153363577	153370336	0
5	153370337	153382727	1
5	153382728	153387174	0
5	153387175	153387425	2
5	153387426	153389986	0
5	153389987	153390092	2
5	153390093	153393363	0
5	153393364	153418559	2
5	153418560	153418746	0
5	153418747	153443250	1
5	153443251	153451151	0
5	153451152	153506340	2
5	153506341	153515374	0
5	153515375	153522506	2
5	153522507	153536011	0
5	153536012	153554201	2
5	153554202	153605642	0
5	153605643	153634115	2
5	153634116	153655010	0
5	153655011	153655480	2
5	153655481	153671770	0
5	153671771	153690798	2
5	153690799	153691207	0
5	153691208	153706146	1
5	153706147	153710092	0
5	153710093	153727586	1
5	153727587	153731264	3
5	153731265	153732151	1
5	153732152	153740973	0
5	153740974	153744996	1
5	153744997	153753567	0
5	153753568	153774607	2
5	153774608	153776232	0
5	153776233	153848809	1
5	153848810	153883958	0
5	153883959	153913755	1
5	153913756	153927469	0
5	153927470	153936977	1
5	153936978	153940260	0
5	153940261	153978687	1
5	153978688	153989603	0
5	153989604	153989638	2
5	153989639	153994476	3
5	153994477	153994481	2
5	153994482	153995587	0
5	153995588	154035281	1
5	154035282	154060149	0
5	154060150	154074274	2
5	154074275	154075259	0
5	154075260	154106134	1
5	154106135	154109044	0
5	154109045	154126624	2
5	154126625	154126876	0
5	154126877	154136630	1
5	154136631	154147314	0
5	154147315	154156526	1
5	154156527	154160944	0
5	154160945	154176978	1
5	154176979	154191743	0
5	154191744	154310352	1
5	154310353	154325854	0
5	154325855	154375880	1
5	154375881	154376846	0
5	154376847	154377952	2
5	154377953	154392791	0
5	154392792	154779072	1
5	154779073	155139218	0
5	155139219	155381084	1
5	155381085	155422132	0
5	155422133	155523981	1
5	155523982	155524129	3
5	155524130	155531823	1
5	155531824	155541740	0
5	155541741	155542267	2
5	155542268	155579050	0
5	155579051	155580524	2
5	155580525	155601689	0
5	155601690	155635654	1
5	155635655	155653832	0
5	155653833	155654250	1
5	155654251	155685493	0
5	155685494	155707576	2
5	155707577	155735085	0
5	155735086	155736368	1
5	155736369	155756013	0
5	155756014	155759661	2
5	155759662	155778199	0
5	155778200	155793930	2
5	155793931	155838195	0
5	155838196	155843861	2
5	155843862	155904695	0
5	155904696	155907816	2
5	155907817	155912863	0
5	155912864	155918370	2
5	155918371	155934792	0
5	155934793	155936908	2
5	155936909	155944578	0
5	155944579	155950435	1
5	155950436	156009834	0
5	156009835	156012355	2
5	156012356	156075009	0
5	156075010	156081589	2
5	156081590	156139192	0
5	156139193	156141967	2
5	156141968	156162678	0
5	156162679	156167483	2
5	156167484	156171123	0
5	156171124	156175599	1
5	156175600	156193743	0
5	156193744	156197193	1
5	156197194	156212383	0
5	156212384	156231479	1
5	156231480	156243413	0
5	156243414	156252203	1
5	156252204	156356866	0
5	156356867	156366477	2
5	156366478	156426438	0
5	156426439	156435452	1
5	156435453	156513751	0
5	156513752	156524693	1
5	156524694	156562967	0
5	156562968	156601385	1
5	156601386	156616338	0
5	156616339	156652635	1
5	156652636	156654286	3
5	156654287	156660182	1
5	156660183	156731158	0
5	156731159	156731305	1
5	156731306	156736933	0
5	156736934	156737096	2
5	156737097	156747960	0
5	156747961	156782415	2
5	156782416	156830510	0
5	156830511	157055889	1
5	157055890	157070640	0
5	157070641	157104204	1
5	157104205	157123183	0
5	157123184	157168419	1
5	157168420	157260678	0
5	157260679	157262710	2
5	157262711	157294163	0
5	157294164	157297328	2
5	157297329	157331719	0
5	157331720	157422420	2
5	157422421	157447334	3
5	157447335	157461744	2
5	157461745	157462605	3
5	157462606	157464898	2
5	157464899	157478535	3
5	157478536	157480735	2
5	157480736	157509449	0
5	157509450	157599924	2
5	157599925	157624394	0
5	157624395	157655175	2
5	157655176	157661666	0
5	157661667	157661772	1
5	157661773	157696722	0
5	157696723	157704271	2
5	157704272	157712029	0
5	157712030	157744141	1
5	157744142	157757301	0
5	157757302	157757407	2
5	157757408	157780150	0
5	157780151	157781173	2
5	157781174	157788099	3
5	157788100	157899997	2
5	157899998	157902934	3
5	157902935	157919002	1
5	157919003	157996973	0
5	157996974	157997079	2
5	157997080	158007614	0
5	158007615	158059800	1
5	158059801	158060820	0
5	158060821	158061228	1
5	158061229	158083292	0
5	158083293	158083338	1
5	158083339	158120227	3
5	158120228	158198849	2
5	158198850	158200051	3
5	158200052	158228087	1
5	158228088	158266876	0
5	158266877	158284998	1
5	158284999	158292509	0
5	158292510	158299692	1
5	158299693	158304285	0
5	158304286	158335340	1
5	158335341	158340488	0
5	158340489	158367618	1
5	158367619	158371953	0
5	158371954	158378193	2
5	158378194	158416864	0
5	158416865	158418166	2
5	158418167	158429040	0
5	158429041	158430349	2
5	158430350	158434297	0
5	158434298	158465057	1
5	158465058	158465294	0
5	158465295	158483795	2
5	158483796	158508747	0
5	158508748	158519034	1
5	158519035	158519082	0
5	158519083	158521345	2
5	158521346	158530340	0
5	158530341	158537763	1
5	158537764	158544126	3
5	158544127	158563565	1
5	158563566	158564481	3
5	158564482	158576691	2
5	158576692	158576757	0
5	158576758	158582523	1
5	158582524	158583364	0
5	158583365	158592361	1
5	158592362	158592923	0
5	158592924	158598353	2
5	158598354	158672013	0
5	158672014	158720804	1
5	158720805	158868670	0
5	158868671	158880269	1
5	158880270	158884802	0
5	158884803	158932792	2
5	158932793	158937322	3
5	158937323	158994309	2
5	158994310	158995311	0
5	158995312	159018938	2
5	159018939	159025871	0
5	159025872	159029403	2
5	159029404	159035909	0
5	159035910	159049578	2
5	159049579	159051797	0
5	159051798	159062053	1
5	159062054	159075341	0
5	159075342	159083178	2
5	159083179	159084120	3
5	159084121	159105367	2
5	159105368	159243993	0
5	159243994	159393398	2
5	159393399	159399774	0
5	159399775	159536270	1
5	159536271	159540713	0
5	159540714	159553631	2
5	159553632	159561269	0
5	159561270	159742776	1
5	159742777	159766827	0
5	159766828	159870507	1
5	159870508	159886625	0
5	159886626	159888431	1
5	159888432	159889721	0
5	159889722	159894337	1
5	159894338	159910240	0
5	159910241	159920437	1
5	159920438	159928149	3
5	159928150	159928178	1
5	159928179	159939683	2
5	159939684	159961926	0
5	159961927	160010937	2
5	160010938	160012143	0
5	160012144	160022400	1
5	160022401	160031306	0
5	160031307	160094581	2
5	160094582	160094950	0
5	160094951	160120928	1
5	160120929	160127226	0
5	160127227	160135820	2
5	160135821	160166425	0
5	160166426	160188841	1
5	160188842	160195040	0
5	160195041	160219959	1
5	160219960	160221771	0
5	160221772	160230935	2
5	160230936	160314962	0
5	160314963	160317096	2
5	160317097	160358306	0
5	160358307	160418466	1
5	160418467	160438695	0
5	160438696	160470169	1
5	160470170	160533000	0
5	160533001	160533101	2
5	160533102	160550711	0
5	160550712	160566430	2
5	160566431	160567022	0
5	160567023	160568340	1
5	160568341	160583232	0
5	160583233	160611104	2
5	160611105	160624791	0
5	160624792	160643512	2
5	160643513	160658103	0
5	160658104	160676642	1
5	160676643	160719949	0
5	160719950	160731334	2
5	160731335	160735603	0
5	160735604	160741993	1
5	160741994	160765932	0
5	160765933	161097675	2
5	161097676	161105233	0
5	161105234	161129301	1
5	161129302	161323996	0
5	161323997	161337280	2
5	161337281	161353717	0
5	161353718	161376968	1
5	161376969	161381660	0
5	161381661	161407998	2
5	161407999	161425751	0
5	161425752	161425908	2
5	161425909	161450844	0
5	161450845	161456235	2
5	161456236	161459531	0
5	161459532	161495605	1
5	161495606	161498107	0
5	161498108	161508749	1
5	161508750	161510281	0
5	161510282	161845447	1
5	161845448	161846729	3
5	161846730	162356721	1
5	162356722	162360905	0
5	162360906	162361601	1
5	162361602	162380152	0
5	162380153	162382271	2
5	162382272	162442024	0
5	162442025	162488167	2
5	162488168	162488478	0
5	162488479	162494147	1
5	162494148	162494571	0
5	162494572	162501348	1
5	162501349	162514763	0
5	162514764	162523543	2
5	162523544	162525233	0
5	162525234	162533583	1
5	162533584	162533839	0
5	162533840	162545560	1
5	162545561	162546539	0
5	162546540	162566189	2
5	162566190	162578069	0
5	162578070	162621511	2
5	162621512	162622073	0
5	162622074	162626339	2
5	162626340	162626558	0
5	162626559	162660254	1
5	162660255	162667188	0
5	162667189	162668233	2
5	162668234	162684643	0
5	162684644	162779307	2
5	162779308	162781585	0
5	162781586	162792969	2
5	162792970	162794365	0
5	162794366	162796259	1
5	162796260	162804366	0
5	162804367	162811126	2
5	162811127	162815355	0
5	162815356	162828373	1
5	162828374	162833738	0
5	162833739	162843366	2
5	162843367	162848392	0
5	162848393	162896289	2
5	162896290	162901894	0
5	162901895	162961706	1
5	162961707	162966535	3
5	162966536	162988241	1
5	162988242	162988368	0
5	162988369	163073704	2
5	163073705	163907845	0
5	163907846	164020315	1
5	164020316	164429614	0
5	164429615	164429747	2
5	164429748	164515557	0
5	164515558	164520019	2
5	164520020	164522461	0
5	164522462	164534626	1
5	164534627	164534780	0
5	164534781	164567246	2
5	164567247	164570433	0
5	164570434	164580172	2
5	164580173	164585265	0
5	164585266	164599353	1
5	164599354	164621375	0
5	164621376	164681126	1
5	164681127	164703075	0
5	164703076	164705554	2
5	164705555	164706161	0
5	164706162	164710283	2
5	164710284	164721641	3
5	164721642	164725423	1
5	164725424	164738350	0
5	164738351	164839137	2
5	164839138	164844159	0
5	164844160	164866210	1
5	164866211	164880585	0
5	164880586	165203599	1
5	165203600	165236084	0
5	165236085	165237627	1
5	165237628	165411056	0
5	165411057	165428855	2
5	165428856	165431341	0
5	165431342	165461714	2
5	165461715	165484260	0
5	165484261	165493701	1
5	165493702	165522232	0
5	165522233	165522999	2
5	165523000	165525400	0
5	165525401	165542133	2
5	165542134	165544198	0
5	165544199	165601935	1
5	165601936	165602354	3
5	165602355	165602728	2
5	165602729	165627797	0
5	165627798	165632963	2
5	165632964	165634298	0
5	165634299	165646748	1
5	165646749	165646989	0
5	165646990	165704890	2
5	165704891	165714091	0
5	165714092	165782731	1
5	165782732	165808655	0
5	165808656	165815331	2
5	165815332	165819464	0
5	165819465	165930365	1
5	165930366	165958482	0
5	165958483	165970409	1
5	165970410	165979803	0
5	165979804	166046069	2
5	166046070	166046563	0
5	166046564	166050431	2
5	166050432	166075627	0
5	166075628	166142122	2
5	166142123	166145479	0
5	166145480	166176320	2
5	166176321	166185164	0
5	166185165	166207019	2
5	166207020	166207128	0
5	166207129	166211046	2
5	166211047	166212827	0
5	166212828	166238874	2
5	166238875	166239642	0
5	166239643	166242431	1
5	166242432	166243774	0
5	166243775	166259648	1
5	166259649	166264343	0
5	166264344	166266210	1
5	166266211	166300120	0
5	166300121	166310324	2
5	166310325	166313648	0
5	166313649	166331619	2
5	166331620	166331720	3
5	166331721	166343427	2
5	166343428	166344384	0
5	166344385	166350302	2
5	166350303	166350634	3
5	166350635	166370480	1
5	166370481	166377453	0
5	166377454	166382635	1
5	166382636	166391078	0
5	166391079	166393902	1
5	166393903	166397746	0
5	166397747	166400951	2
5	166400952	166408960	0
5	166408961	166413490	2
5	166413491	166417506	0
5	166417507	166436880	2
5	166436881	166449152	0
5	166449153	166453634	2
5	166453635	166456684	0
5	166456685	166468662	2
5	166468663	166469587	0
5	166469588	166472740	1
5	166472741	166474964	0
5	166474965	166479015	1
5	166479016	166479153	0
5	166479154	166496753	2
5	166496754	166497649	3
5	166497650	166500609	1
5	166500610	166500779	0
5	166500780	166515479	2
5	166515480	166533416	0
5	166533417	166547802	2
5	166547803	166551626	0
5	166551627	166556001	2
5	166556002	166565508	0
5	166565509	166565651	1
5	166565652	166584200	0
5	166584201	166586336	1
5	166586337	166586388	0
5	166586389	166604519	2
5	166604520	166606907	0
5	166606908	166609597	2
5	166609598	166618967	0
5	166618968	166622351	2
5	166622352	166630150	0
5	166630151	166648479	1
5	166648480	166648598	3
5	166648599	166653705	1
5	166653706	166701674	0
5	166701675	166719953	2
5	166719954	166724982	0
5	166724983	166725749	2
5	166725750	166749308	0
5	166749309	166786001	1
5	166786002	166800028	0
5	166800029	166804835	2
5	166804836	166805321	3
5	166805322	166813153	1
5	166813154	166814108	0
5	166814109	166818923	1
5	166818924	166820159	0
5	166820160	166831661	2
5	166831662	166831947	3
5	166831948	166850007	1
