<CHROM>	<START>	<END>	<TSB>
6	0	265206	0
6	265207	266327	2
6	266328	281683	0
6	281684	356602	1
6	356603	378098	0
6	378099	452163	1
6	452164	488967	0
6	488968	506858	1
6	506859	622717	0
6	622718	623439	2
6	623440	886942	0
6	886943	887447	1
6	887448	1140613	0
6	1140614	1142916	2
6	1142917	1252416	0
6	1252417	1252488	1
6	1252489	1392058	0
6	1392059	1392954	2
6	1392955	1714433	0
6	1714434	1715950	1
6	1715951	1989435	0
6	1989436	2000622	1
6	2000623	2001068	3
6	2001069	2002250	1
6	2002251	3122257	0
6	3122258	3164062	2
6	3164063	3177895	0
6	3177896	3889472	2
6	3889473	3898515	3
6	3898516	4322708	2
6	4322709	4371111	0
6	4371112	4371336	2
6	4371337	4372081	0
6	4372082	4372601	2
6	4372602	4682414	0
6	4682415	4750835	2
6	4750836	5198823	0
6	5198824	5406783	2
6	5406784	5661869	0
6	5661870	5724519	2
6	5724520	5752821	0
6	5752822	5836470	1
6	5836471	5843183	0
6	5843184	5892447	1
6	5892448	5901516	0
6	5901517	5970682	1
6	5970683	6018877	0
6	6018878	6064276	1
6	6064277	6362986	0
6	6362987	6363357	2
6	6363358	6486013	0
6	6486014	6562630	2
6	6562631	6562660	3
6	6562661	6579954	1
6	6579955	6739989	0
6	6739990	6790659	2
6	6790660	6813793	0
6	6813794	6872936	1
6	6872937	6878235	0
6	6878236	6896125	1
6	6896126	7082414	0
6	7082415	7082480	1
6	7082481	7084310	0
6	7084311	7084443	2
6	7084444	7091565	0
6	7091566	7104285	2
6	7104286	7108867	0
6	7108868	7151388	2
6	7151389	7159059	0
6	7159060	7261890	1
6	7261891	7274467	0
6	7274468	7285839	2
6	7285840	7481093	0
6	7481094	7514832	1
6	7514833	7539154	0
6	7539155	7539158	2
6	7539159	7541157	3
6	7541158	7580701	0
6	7580702	7589397	1
6	7589398	7589568	0
6	7589569	7639673	2
6	7639674	7667562	0
6	7667563	7672624	2
6	7672625	7696510	0
6	7696511	7701462	1
6	7701463	7790645	0
6	7790646	7871226	1
6	7871227	7965046	0
6	7965047	8116859	1
6	8116860	8117324	3
6	8117325	8451717	1
6	8451718	8475540	0
6	8475541	8664542	2
6	8664543	8967155	0
6	8967156	8981191	2
6	8981192	9036432	0
6	9036433	9053299	1
6	9053300	9064423	0
6	9064424	9072812	2
6	9072813	9198945	0
6	9198946	9344988	1
6	9344989	9345094	3
6	9345095	9580215	1
6	9580216	9580240	3
6	9580241	9607770	2
6	9607771	9608176	0
6	9608177	9641905	1
6	9641906	9646575	0
6	9646576	9648595	1
6	9648596	9655763	0
6	9655764	9707972	1
6	9707973	9859865	0
6	9859866	9942291	2
6	9942292	9945627	0
6	9945628	9964910	1
6	9964911	9965116	0
6	9965117	9990561	2
6	9990562	9992539	0
6	9992540	10025334	1
6	10025335	10027066	0
6	10027067	10027170	1
6	10027171	10032658	0
6	10032659	10140792	1
6	10140793	10183980	0
6	10183981	10487157	2
6	10487158	10490030	0
6	10490031	10494062	2
6	10494063	10495266	0
6	10495267	10546914	2
6	10546915	10547150	3
6	10547151	10572245	2
6	10572246	10845769	0
6	10845770	10864875	2
6	10864876	10867009	0
6	10867010	10986881	1
6	10986882	11051132	0
6	11051133	11099262	2
6	11099263	11184283	0
6	11184284	11198271	2
6	11198272	11219564	0
6	11219565	11334877	1
6	11334878	11421373	0
6	11421374	11422458	2
6	11422459	11455684	0
6	11455685	11465554	1
6	11465555	11470613	0
6	11470614	11471652	1
6	11471653	11472325	3
6	11472326	11478834	2
6	11478835	11671294	0
6	11671295	11671406	2
6	11671407	11713964	0
6	11713965	11714475	1
6	11714476	12161644	0
6	12161645	12161806	1
6	12161807	12594629	0
6	12594630	12594760	2
6	12594761	13194660	0
6	13194661	13201515	2
6	13201516	13201657	3
6	13201658	13479333	2
6	13479334	13479492	3
6	13479493	13535626	2
6	13535627	13924763	0
6	13924764	13976655	2
6	13976656	14004628	0
6	14004629	14031007	1
6	14031008	14032025	3
6	14032026	14063547	1
6	14063548	14075791	0
6	14075792	14081553	2
6	14081554	14084643	3
6	14084644	14089625	2
6	14089626	14111183	3
6	14111184	14125735	2
6	14125736	14149059	1
6	14149060	14277119	0
6	14277120	14446332	2
6	14446333	14450679	0
6	14450680	14492044	2
6	14492045	14533358	0
6	14533359	14551493	2
6	14551494	14611105	3
6	14611106	14634172	1
6	14634173	14634495	3
6	14634496	14725290	1
6	14725291	14725301	0
6	14725302	14776319	2
6	14776320	14786068	0
6	14786069	14811806	1
6	14811807	14811976	3
6	14811977	14818963	2
6	14818964	14837546	0
6	14837547	14889308	1
6	14889309	14897761	0
6	14897762	14904194	1
6	14904195	14917249	0
6	14917250	14917352	1
6	14917353	14970055	0
6	14970056	14995889	2
6	14995890	14995985	3
6	14995986	14999743	2
6	14999744	15126883	0
6	15126884	15127524	2
6	15127525	15139042	0
6	15139043	15180419	2
6	15180420	15342342	0
6	15342343	15342469	2
6	15342470	15348061	3
6	15348062	15350915	2
6	15350916	15375494	0
6	15375495	15441478	1
6	15441479	15708728	0
6	15708729	15732719	2
6	15732720	15945313	0
6	15945314	15945624	1
6	15945625	15964655	0
6	15964656	15996709	1
6	15996710	16032583	0
6	16032584	16103001	2
6	16103002	16108441	3
6	16108442	16119808	1
6	16119809	16119870	0
6	16119871	16133408	2
6	16133409	16136864	3
6	16136865	16137598	2
6	16137599	16140149	1
6	16140150	16144202	0
6	16144203	16145606	2
6	16145607	16162148	0
6	16162149	16187114	2
6	16187115	16188977	0
6	16188978	16224969	2
6	16224970	16233057	0
6	16233058	16243236	1
6	16243237	16243459	0
6	16243460	16323433	2
6	16323434	16335356	0
6	16335357	16417081	2
6	16417082	16445953	0
6	16445954	16565663	1
6	16565664	16654612	0
6	16654613	16678080	2
6	16678081	16678254	3
6	16678255	16694624	2
6	16694625	16697827	0
6	16697828	16870257	1
6	16870258	17826223	0
6	17826224	17826976	1
6	17826977	18161360	0
6	18161361	18162772	2
6	18162773	19045317	0
6	19045318	19045422	2
6	19045423	19292821	0
6	19292822	19292929	2
6	19292930	19874069	0
6	19874070	19888740	2
6	19888741	19895388	0
6	19895389	19958576	1
6	19958577	20029627	0
6	20029628	20425347	1
6	20425348	20530643	0
6	20530644	20530786	1
6	20530787	20558754	0
6	20558755	20702113	1
6	20702114	20722920	0
6	20722921	20916432	1
6	20916433	20950499	0
6	20950500	20962227	1
6	20962228	20995264	0
6	20995265	21018246	2
6	21018247	21020929	0
6	21020930	21050783	1
6	21050784	21055347	0
6	21055348	21105915	1
6	21105916	21106310	3
6	21106311	21107952	1
6	21107953	21120945	0
6	21120946	21234559	2
6	21234560	21426213	0
6	21426214	21462110	2
6	21462111	21480568	0
6	21480569	21480715	1
6	21480716	21530111	0
6	21530112	21592266	2
6	21592267	21639288	0
6	21639289	21665234	1
6	21665235	21755193	0
6	21755194	21972190	2
6	21972191	22025248	0
6	22025249	22029047	1
6	22029048	22071843	0
6	22071844	22166848	2
6	22166849	22183238	0
6	22183239	22183600	2
6	22183601	22228940	0
6	22228941	22373179	1
6	22373180	22376493	0
6	22376494	22381674	2
6	22381675	22568832	0
6	22568833	22593077	1
6	22593078	22656283	0
6	22656284	22671689	1
6	22671690	22880623	0
6	22880624	22965091	2
6	22965092	22966450	3
6	22966451	23598032	2
6	23598033	23600169	0
6	23600170	23614223	2
6	23614224	23616279	0
6	23616280	23677872	1
6	23677873	23749755	0
6	23749756	23758167	2
6	23758168	23771050	0
6	23771051	23828497	1
6	23828498	23845497	0
6	23845498	23884844	1
6	23884845	23899265	0
6	23899266	23903510	1
6	23903511	23907190	0
6	23907191	23907677	1
6	23907678	23910221	0
6	23910222	23954848	1
6	23954849	23955441	0
6	23955442	23957062	1
6	23957063	23960996	0
6	23960997	23992822	1
6	23992823	24089212	0
6	24089213	24210115	1
6	24210116	24300954	0
6	24300955	24320032	1
6	24320033	24369020	0
6	24369021	24747291	1
6	24747292	24747409	3
6	24747410	24747728	1
6	24747729	24824288	3
6	24824289	24833949	1
6	24833950	24850003	0
6	24850004	24856947	2
6	24856948	24905939	0
6	24905940	24933813	1
6	24933814	24933921	0
6	24933922	24944652	2
6	24944653	24947323	0
6	24947324	24965029	1
6	24965030	24970831	0
6	24970832	24973476	1
6	24973477	24976904	0
6	24976905	25007817	1
6	25007818	25008277	0
6	25008278	25011633	1
6	25011634	25045098	0
6	25045099	25075652	1
6	25075653	25077347	0
6	25077348	25080673	2
6	25080674	25081978	0
6	25081979	25120858	2
6	25120859	25120936	0
6	25120937	25122505	1
6	25122506	25122633	0
6	25122634	25133180	1
6	25133181	25133214	0
6	25133215	25134562	2
6	25134563	25153554	0
6	25153555	25173759	2
6	25173760	25174176	0
6	25174177	25177389	2
6	25177390	25177437	3
6	25177438	25183028	1
6	25183029	25183184	0
6	25183185	25188827	2
6	25188828	25197266	0
6	25197267	25220488	2
6	25220489	25222894	0
6	25222895	25236242	2
6	25236243	25238118	0
6	25238119	25238948	2
6	25238949	25239338	0
6	25239339	25258509	1
6	25258510	25260086	0
6	25260087	25264150	1
6	25264151	25275526	0
6	25275527	25284718	2
6	25284719	25292131	0
6	25292132	25319859	1
6	25319860	25320440	0
6	25320441	25331710	2
6	25331711	25397935	0
6	25397936	25405878	1
6	25405879	25414866	0
6	25414867	25417583	2
6	25417584	25418774	0
6	25418775	25422524	2
6	25422525	25422588	3
6	25422589	25427512	1
6	25427513	25430062	0
6	25430063	25431796	2
6	25431797	25431797	0
6	25431798	25443850	2
6	25443851	25445296	0
6	25445297	25463696	1
6	25463697	25472331	0
6	25472332	25490736	1
6	25490737	25502696	0
6	25502697	25510442	1
6	25510443	25513798	0
6	25513799	25558879	1
6	25558880	25561019	0
6	25561020	25570793	2
6	25570794	25575102	0
6	25575103	25659420	1
6	25659421	25698240	0
6	25698241	25698384	1
6	25698385	25700140	0
6	25700141	25711673	1
6	25711674	25725817	0
6	25725818	25737728	1
6	25737729	25763226	0
6	25763227	25799151	1
6	25799152	25842620	0
6	25842621	25905292	2
6	25905293	25912984	3
6	25912985	25917204	2
6	25917205	25923613	1
6	25923614	25928053	0
6	25928054	26024629	2
6	26024630	26025003	0
6	26025004	26059412	1
6	26059413	26068621	0
6	26068622	26072504	2
6	26072505	26072646	0
6	26072647	26111312	1
6	26111313	26133190	0
6	26133191	26144599	2
6	26144600	26151156	0
6	26151157	26153466	1
6	26153467	26153576	0
6	26153577	26184867	1
6	26184868	26187954	0
6	26187955	26227867	2
6	26227868	26230046	0
6	26230047	26241693	1
6	26241694	26241760	3
6	26241761	26243649	2
6	26243650	26250832	0
6	26250833	26251044	1
6	26251045	26266857	0
6	26266858	26320191	1
6	26320192	26366529	0
6	26366530	26406128	2
6	26406129	26425952	0
6	26425953	26507475	2
6	26507476	26566923	0
6	26566924	26766333	2
6	26766334	26822607	0
6	26822608	26896685	2
6	26896686	26923793	0
6	26923794	26924533	2
6	26924534	26939835	0
6	26939836	26945662	2
6	26945663	26948538	0
6	26948539	27020931	1
6	27020932	27068684	0
6	27068685	27098447	2
6	27098448	27111329	0
6	27111330	27111544	2
6	27111545	27124826	0
6	27124827	27188535	2
6	27188536	27203684	3
6	27203685	27218312	1
6	27218313	27218415	0
6	27218416	27221803	2
6	27221804	27232609	0
6	27232610	27475662	1
6	27475663	27479803	0
6	27479804	27529534	1
6	27529535	27547069	0
6	27547070	27566081	1
6	27566082	27600404	0
6	27600405	27672628	2
6	27672629	27673235	3
6	27673236	27727122	2
6	27727123	27727982	0
6	27727983	27750059	1
6	27750060	27754504	0
6	27754505	27786535	1
6	27786536	27786617	0
6	27786618	27796708	2
6	27796709	27804574	0
6	27804575	27808888	1
6	27808889	27826027	0
6	27826028	27835154	2
6	27835155	27838800	0
6	27838801	27848651	1
6	27848652	27850696	0
6	27850697	27865534	2
6	27865535	27870516	0
6	27870517	27882157	1
6	27882158	27884678	0
6	27884679	27912647	1
6	27912648	27912860	0
6	27912861	28067045	2
6	28067046	28086487	0
6	28086488	28390645	1
6	28390646	29251804	0
6	29251805	29252230	1
6	29252231	30741084	0
6	30741085	30767047	1
6	30767048	30844366	0
6	30844367	30892495	2
6	30892496	31082053	0
6	31082054	31166616	2
6	31166617	31178117	0
6	31178118	31182445	1
6	31182446	31192566	0
6	31192567	31222833	2
6	31222834	31355070	0
6	31355071	31362026	1
6	31362027	31363546	0
6	31363547	31366106	2
6	31366107	31374051	0
6	31374052	31374053	2
6	31374054	31376299	3
6	31376300	31393216	1
6	31393217	31403745	0
6	31403746	31415229	1
6	31415230	31462870	0
6	31462871	31542974	2
6	31542975	31562737	0
6	31562738	31585262	2
6	31585263	31718974	0
6	31718975	31737018	2
6	31737019	31748472	0
6	31748473	31768099	2
6	31768100	31771358	0
6	31771359	31831027	2
6	31831028	31834426	0
6	31834427	31842619	2
6	31842620	32373814	0
6	32373815	32380815	2
6	32380816	33139062	0
6	33139063	33156479	2
6	33156480	33156567	0
6	33156568	33161710	2
6	33161711	33808214	0
6	33808215	33865123	1
6	33865124	33912785	0
6	33912786	33913425	1
6	33913426	33948204	0
6	33948205	33978399	1
6	33978400	33978714	0
6	33978715	34031744	2
6	34031745	34038640	0
6	34038641	34159477	1
6	34159478	34182199	0
6	34182200	34189039	2
6	34189040	34358985	0
6	34358986	34365668	1
6	34365669	34624024	0
6	34624025	34624116	2
6	34624117	34626055	3
6	34626056	34626136	2
6	34626137	34769468	0
6	34769469	34769593	2
6	34769594	34867770	0
6	34867771	34868177	1
6	34868178	35045206	0
6	35045207	35150666	2
6	35150667	35326993	0
6	35326994	35327184	2
6	35327185	35536101	0
6	35536102	35536508	1
6	35536509	35597277	0
6	35597278	35597403	1
6	35597404	35717762	0
6	35717763	35723588	1
6	35723589	35726011	0
6	35726012	35747596	1
6	35747597	35996467	0
6	35996468	36027363	1
6	36027364	36048189	0
6	36048190	36352982	2
6	36352983	36913467	0
6	36913468	36922317	1
6	36922318	38545973	0
6	38545974	38569368	1
6	38569369	39312746	0
6	39312747	39417095	1
6	39417096	39424322	0
6	39424323	39431012	2
6	39431013	39440502	0
6	39440503	39581631	1
6	39581632	39592226	0
6	39592227	39608681	2
6	39608682	39679080	0
6	39679081	39774029	2
6	39774030	39774806	0
6	39774807	39786301	1
6	39786302	39790911	0
6	39790912	39797088	1
6	39797089	39962305	0
6	39962306	39964977	1
6	39964978	40062924	0
6	40062925	40080545	2
6	40080546	40080611	3
6	40080612	40120026	1
6	40120027	40121529	0
6	40121530	40144185	1
6	40144186	40144233	0
6	40144234	40225351	2
6	40225352	40254777	0
6	40254778	40255664	2
6	40255665	40329962	0
6	40329963	40336438	2
6	40336439	40423830	0
6	40423831	40424201	2
6	40424202	40478206	0
6	40478207	40584685	2
6	40584686	40657878	0
6	40657879	40820973	2
6	40820974	40821337	0
6	40821338	40836035	1
6	40836036	40836095	0
6	40836096	40864126	2
6	40864127	40865500	0
6	40865501	40872854	2
6	40872855	40872976	3
6	40872977	40901532	1
6	40901533	40901633	3
6	40901634	40920637	1
6	40920638	40922920	0
6	40922921	40923038	1
6	40923039	40935947	0
6	40935948	40966271	1
6	40966272	41117418	0
6	41117419	41151121	2
6	41151122	41153680	3
6	41153681	41194591	2
6	41194592	41207346	0
6	41207347	41254299	2
6	41254300	41285840	0
6	41285841	41297548	2
6	41297549	41300834	0
6	41300835	41318069	1
6	41318070	41340555	0
6	41340556	41346771	2
6	41346772	41463349	0
6	41463350	41471031	1
6	41471032	41471159	0
6	41471160	41593483	2
6	41593484	41618292	0
6	41618293	41703254	2
6	41703255	41703999	0
6	41704000	41706959	2
6	41706960	41725309	0
6	41725310	41725578	2
6	41725579	41728944	0
6	41728945	41744398	1
6	41744399	42903172	0
6	42903173	43020010	1
6	43020011	43047656	0
6	43047657	43059697	1
6	43059698	43073794	0
6	43073795	43085181	2
6	43085182	44003034	0
6	44003035	44007068	1
6	44007069	44008338	0
6	44008339	44010352	1
6	44010353	44214350	0
6	44214351	44214553	2
6	44214554	44302554	0
6	44302555	44302684	2
6	44302685	44688792	0
6	44688793	44688923	1
6	44688924	44948541	0
6	44948542	44948675	2
6	44948676	44990534	0
6	44990535	44990640	1
6	44990641	45000150	0
6	45000151	45002685	2
6	45002686	45061551	0
6	45061552	45089862	1
6	45089863	45090765	3
6	45090766	45178044	1
6	45178045	45179185	0
6	45179186	45207445	1
6	45207446	45207548	3
6	45207549	45214221	1
6	45214222	45223978	0
6	45223979	45271143	1
6	45271144	45282852	0
6	45282853	45292234	2
6	45292235	45306839	0
6	45306840	45313840	2
6	45313841	45321495	0
6	45321496	45386950	1
6	45386951	45388374	0
6	45388375	45502081	2
6	45502082	45526790	0
6	45526791	45532239	2
6	45532240	45848217	0
6	45848218	45849290	1
6	45849291	46173205	0
6	46173206	46175387	1
6	46175388	46428148	0
6	46428149	46561669	2
6	46561670	46580759	0
6	46580760	46658343	2
6	46658344	46698412	0
6	46698413	46768197	1
6	46768198	46801375	0
6	46801376	47003370	1
6	47003371	47206843	0
6	47206844	47214292	2
6	47214293	47495780	0
6	47495781	47505232	2
6	47505233	47506378	0
6	47506379	47522019	1
6	47522020	47522089	0
6	47522090	47565856	2
6	47565857	47625122	0
6	47625123	47625254	2
6	47625255	47638274	0
6	47638275	47644632	2
6	47644633	47812223	0
6	47812224	47812430	2
6	47812431	47835523	0
6	47835524	47902583	2
6	47902584	47903912	0
6	47903913	47924793	1
6	47924794	47924960	0
6	47924961	47930500	2
6	47930501	48023890	0
6	48023891	48064770	2
6	48064771	48071188	0
6	48071189	48086442	1
6	48086443	48102601	0
6	48102602	48104939	1
6	48104940	48107586	0
6	48107587	48145701	1
6	48145702	48182704	0
6	48182705	48222718	1
6	48222719	48228109	0
6	48228110	48242447	1
6	48242448	48242480	0
6	48242481	48310503	2
6	48310504	48317484	3
6	48317485	48529007	2
6	48529008	48529370	0
6	48529371	48555785	1
6	48555786	48563660	0
6	48563661	48653931	1
6	48653932	48666600	0
6	48666601	48666747	1
6	48666748	48766862	0
6	48766863	48802041	1
6	48802042	48957289	0
6	48957290	48957478	1
6	48957479	48960189	0
6	48960190	48960839	2
6	48960840	48960881	0
6	48960882	48964137	2
6	48964138	49413529	0
6	49413530	49413672	1
6	49413673	49424330	0
6	49424331	49462098	2
6	49462099	49565152	0
6	49565153	49585328	2
6	49585329	49601604	0
6	49601605	49605207	2
6	49605208	49605325	3
6	49605326	49641694	2
6	49641695	49641811	0
6	49641812	49702015	1
6	49702016	49759881	0
6	49759882	49982318	2
6	49982319	50004477	0
6	50004478	50011396	2
6	50011397	50053287	0
6	50053288	50070512	2
6	50070513	50091376	0
6	50091377	50091504	1
6	50091505	50125211	0
6	50125212	50127036	1
6	50127037	50178976	0
6	50178977	50179103	2
6	50179104	50636454	0
6	50636455	50636684	1
6	50636685	50645377	0
6	50645378	50646266	2
6	50646267	50647959	0
6	50647960	50648978	1
6	50648979	50674676	0
6	50674677	50677651	2
6	50677652	50763588	0
6	50763589	51612458	1
6	51612459	51612589	3
6	51612590	51625331	1
6	51625332	51629076	0
6	51629077	51654752	1
6	51654753	51684946	0
6	51684947	51687289	2
6	51687290	51753034	0
6	51753035	51860222	2
6	51860223	52234087	0
6	52234088	52271566	1
6	52271567	52468901	0
6	52468902	52471476	1
6	52471477	52483282	0
6	52483283	52485717	1
6	52485718	52643389	0
6	52643390	52666636	2
6	52666637	52708600	0
6	52708601	52729369	2
6	52729370	52738756	0
6	52738757	52765545	1
6	52765546	52827659	0
6	52827660	52888626	1
6	52888627	52888961	0
6	52888962	52930392	2
6	52930393	52935385	0
6	52935386	52995538	1
6	52995539	52996212	0
6	52996213	52996876	1
6	52996877	53051352	0
6	53051353	53055577	2
6	53055578	53070132	0
6	53070133	53070271	1
6	53070272	53116712	0
6	53116713	53116828	1
6	53116829	53120254	0
6	53120255	53121436	1
6	53121437	53121816	3
6	53121817	53397026	2
6	53397027	53808241	0
6	53808242	53808323	2
6	53808324	53856756	0
6	53856757	53917465	2
6	53917466	53986290	0
6	53986291	54226979	2
6	54226980	54227083	3
6	54227084	54317621	2
6	54317622	54383261	0
6	54383262	54542077	2
6	54542078	54641612	0
6	54641613	55397041	2
6	55397042	55590232	0
6	55590233	55681773	2
6	55681774	56399630	0
6	56399631	56399761	2
6	56399762	56435223	0
6	56435224	56435618	2
6	56435619	56436723	3
6	56436724	56436792	2
6	56436793	56462862	0
6	56462863	56481162	1
6	56481163	56584925	0
6	56584926	56585048	2
6	56585049	56600111	0
6	56600112	56600286	1
6	56600287	56629502	0
6	56629503	56629656	2
6	56629657	56669101	0
6	56669102	56669598	1
6	56669599	56888456	0
6	56888457	56888926	2
6	56888927	57078810	0
6	57078811	57085064	1
6	57085065	57109401	0
6	57109402	57188240	1
6	57188241	57195247	0
6	57195248	57243944	2
6	57243945	57252054	0
6	57252055	57261651	1
6	57261652	57269382	0
6	57269383	57288628	1
6	57288629	57288979	3
6	57288980	57288988	1
6	57288989	57290964	2
6	57290965	57316293	0
6	57316294	57317895	1
6	57317896	57383949	0
6	57383950	57512763	1
6	57512764	57512906	0
6	57512907	57901853	2
6	57901854	58070281	0
6	58070282	58396181	2
6	58396182	58396313	3
6	58396314	58489008	2
6	58489009	58520328	3
6	58520329	58969838	2
6	58969839	59879310	0
6	59879311	59881239	1
6	59881240	60607605	0
6	60607606	60607711	2
6	60607712	61269911	0
6	61269912	61275061	1
6	61275062	61275203	0
6	61275204	61283746	2
6	61283747	61298019	0
6	61298020	61298742	2
6	61298743	61329808	0
6	61329809	61702990	2
6	61702991	61759550	0
6	61759551	61759656	1
6	61759657	61920754	0
6	61920755	62158022	1
6	62158023	62193608	0
6	62193609	62193735	2
6	62193736	62386485	0
6	62386486	62386543	2
6	62386544	62519564	0
6	62519565	62519702	2
6	62519703	62859285	0
6	62859286	62859412	2
6	62859413	63055348	0
6	63055349	63055551	2
6	63055552	63783487	0
6	63783488	63906287	1
6	63906288	64513129	0
6	64513130	64513343	1
6	64513344	64695706	0
6	64695707	64695832	2
6	64695833	65424819	0
6	65424820	65425561	2
6	65425562	65425704	3
6	65425705	65581251	2
6	65581252	65835123	0
6	65835124	65835253	2
6	65835254	66336987	0
6	66336988	66337280	2
6	66337281	66654292	0
6	66654293	66654690	2
6	66654691	66666585	0
6	66666586	66678605	2
6	66678606	66845495	0
6	66845496	66845622	2
6	66845623	66881367	0
6	66881368	66881494	1
6	66881495	67725903	0
6	67725904	68039040	1
6	68039041	68627881	0
6	68627882	68627988	2
6	68627989	68643675	0
6	68643676	68648021	1
6	68648022	68764183	0
6	68764184	68793922	2
6	68793923	68795876	0
6	68795877	68874076	2
6	68874077	69031165	0
6	69031166	69045107	2
6	69045108	69047774	0
6	69047775	69133371	1
6	69133372	69134100	3
6	69134101	69175494	2
6	69175495	69181434	0
6	69181435	69268051	1
6	69268052	69321867	0
6	69321868	69419771	1
6	69419772	69449612	0
6	69449613	69456425	1
6	69456426	69474433	0
6	69474434	69475438	1
6	69475439	69559289	0
6	69559290	69781251	2
6	69781252	69976212	0
6	69976213	70037658	2
6	70037659	70068371	0
6	70068372	70068477	2
6	70068478	70069058	0
6	70069059	70069164	1
6	70069165	70184173	0
6	70184174	70619736	2
6	70619737	70703168	0
6	70703169	71524882	2
6	71524883	71526533	0
6	71526534	71526817	2
6	71526818	71650295	0
6	71650296	71675764	1
6	71675765	71699349	0
6	71699350	71699528	2
6	71699529	71706615	0
6	71706616	71706774	2
6	71706775	71845225	0
6	71845226	71846352	1
6	71846353	72030874	0
6	72030875	72031438	2
6	72031439	72067041	0
6	72067042	72071854	1
6	72071855	72101300	0
6	72101301	72101441	2
6	72101442	72144712	0
6	72144713	72156212	1
6	72156213	72170299	0
6	72170300	72175474	1
6	72175475	72175573	3
6	72175574	72193732	1
6	72193733	72194669	0
6	72194670	72194832	2
6	72194833	72203064	0
6	72203065	72203226	2
6	72203227	72205758	0
6	72205759	72205921	2
6	72205922	72211443	0
6	72211444	72211606	1
6	72211607	72218682	0
6	72218683	72218845	2
6	72218846	72224367	0
6	72224368	72224530	1
6	72224531	72227042	0
6	72227043	72227205	1
6	72227206	72229868	0
6	72229869	72315909	1
6	72315910	72355662	0
6	72355663	72359672	1
6	72359673	72389701	0
6	72389702	72494425	1
6	72494426	72494532	3
6	72494533	72512457	1
6	72512458	72542611	0
6	72542612	72587233	1
6	72587234	72587603	0
6	72587604	72625187	2
6	72625188	72632621	0
6	72632622	72647023	2
6	72647024	72647551	3
6	72647552	72670845	1
6	72670846	72672489	3
6	72672490	72762414	2
6	72762415	72765471	0
6	72765472	72796552	2
6	72796553	72858710	0
6	72858711	72861939	1
6	72861940	72939786	0
6	72939787	72941707	2
6	72941708	72977430	0
6	72977431	73253289	1
6	73253290	73266689	0
6	73266690	73300629	2
6	73300630	73359709	0
6	73359710	73359811	1
6	73359812	73719983	0
6	73719984	73720113	1
6	73720114	73808131	0
6	73808132	73825372	1
6	73825373	73996599	0
6	73996600	73999789	1
6	73999790	74000034	0
6	74000035	74011752	2
6	74011753	74016213	0
6	74016214	74016331	2
6	74016332	74086272	0
6	74086273	74087975	1
6	74087976	74182566	0
6	74182567	74203438	2
6	74203439	74203504	3
6	74203505	74259250	1
6	74259251	74259504	3
6	74259505	74702678	1
6	74702679	74755308	0
6	74755309	74805793	2
6	74805794	74805880	3
6	74805881	75086809	2
6	75086810	75103501	0
6	75103502	75136186	1
6	75136187	75136790	0
6	75136791	75216557	2
6	75216558	75216722	3
6	75216723	75295741	2
6	75295742	75297377	3
6	75297378	75368176	2
6	75368177	75407848	0
6	75407849	75408722	1
6	75408723	75637069	0
6	75637070	75637175	2
6	75637176	75727438	0
6	75727439	75728625	1
6	75728626	75832528	0
6	75832529	75836800	2
6	75836801	75881471	0
6	75881472	75884610	1
6	75884611	76070754	0
6	76070755	76077307	2
6	76077308	76495329	0
6	76495330	76495499	1
6	76495500	76623864	0
6	76623865	76625390	2
6	76625391	76658425	0
6	76658426	76706033	1
6	76706034	76707521	0
6	76707522	76721151	2
6	76721152	76725866	0
6	76725867	76727456	1
6	76727457	76730936	0
6	76730937	76731126	2
6	76731127	76740896	0
6	76740897	76752022	1
6	76752023	76758115	0
6	76758116	76766887	2
6	76766888	76787506	0
6	76787507	76885209	2
6	76885210	76900629	0
6	76900630	76932667	1
6	76932668	77236863	0
6	77236864	77236969	1
6	77236970	77463426	0
6	77463427	77463555	1
6	77463556	77569747	0
6	77569748	77570375	1
6	77570376	77571228	0
6	77571229	77571333	1
6	77571334	77755217	0
6	77755218	77755324	1
6	77755325	78324888	0
6	78324889	78325027	2
6	78325028	79331284	0
6	79331285	79332996	2
6	79332997	79467959	0
6	79467960	79656199	2
6	79656200	79656387	3
6	79656388	79822813	2
6	79822814	79901489	0
6	79901490	79901592	2
6	79901593	80215461	0
6	80215462	80215664	1
6	80215665	80667691	0
6	80667692	80668287	2
6	80668288	80863140	0
6	80863141	80863274	1
6	80863275	82374207	0
6	82374208	82589976	1
6	82589977	82777640	0
6	82777641	82777771	2
6	82777772	82801100	0
6	82801101	82801216	2
6	82801217	82965326	0
6	82965327	82972556	2
6	82972557	82990943	0
6	82990944	83016162	1
6	83016163	83018857	0
6	83018858	83082805	2
6	83082806	83088984	0
6	83088985	83113784	2
6	83113785	83113823	3
6	83113824	83127009	1
6	83127010	83127091	0
6	83127092	83180026	2
6	83180027	83182497	0
6	83182498	83228765	1
6	83228766	83229270	3
6	83229271	83231381	1
6	83231382	83278342	0
6	83278343	83279349	2
6	83279350	83406672	0
6	83406673	83406807	2
6	83406808	83516702	0
6	83516703	83516830	1
6	83516831	83694069	0
6	83694070	83694200	1
6	83694201	84273585	0
6	84273586	84274494	2
6	84274495	84321901	0
6	84321902	84322287	2
6	84322288	84328195	0
6	84328196	84449132	1
6	84449133	84449160	3
6	84449161	84470551	2
6	84470552	84543538	0
6	84543539	84545814	1
6	84545815	84714151	0
6	84714152	84714317	1
6	84714318	84761367	0
6	84761368	84761774	1
6	84761775	84761939	0
6	84761940	85288179	1
6	85288180	85288296	3
6	85288297	85608124	1
6	85608125	86018766	0
6	86018767	86018951	2
6	86018952	86212460	0
6	86212461	86212969	1
6	86212970	87141228	0
6	87141229	87141334	2
6	87141335	87349644	0
6	87349645	87350297	1
6	87350298	87354408	0
6	87354409	87354686	1
6	87354687	87509807	0
6	87509808	87510464	2
6	87510465	87540626	0
6	87540627	87541249	2
6	87541250	87635228	0
6	87635229	87636634	1
6	87636635	87636802	0
6	87636803	87637101	2
6	87637102	87643215	0
6	87643216	87651892	2
6	87651893	87656347	0
6	87656348	87658175	2
6	87658176	87660819	0
6	87660820	87670197	1
6	87670198	87674700	0
6	87674701	87699303	1
6	87699304	87704194	0
6	87704195	87710485	1
6	87710486	87712770	0
6	87712771	87762304	2
6	87762305	87762789	3
6	87762790	87766833	2
6	87766834	87777181	0
6	87777182	87791654	2
6	87791655	87804185	3
6	87804186	87835839	1
6	87835840	87839671	0
6	87839672	87839970	1
6	87839971	87840140	0
6	87840141	87874112	2
6	87874113	88036492	0
6	88036493	88041998	1
6	88041999	88042964	0
6	88042965	88156690	1
6	88156691	88164438	0
6	88164439	88205576	1
6	88205577	88205698	0
6	88205699	88223931	2
6	88223932	88224141	0
6	88224142	88270274	1
6	88270275	88284092	0
6	88284093	88376797	1
6	88376798	88377237	0
6	88377238	88475202	2
6	88475203	88478537	0
6	88478538	88499966	1
6	88499967	88525740	0
6	88525741	88627637	1
6	88627638	88668640	0
6	88668641	88696456	2
6	88696457	88697591	0
6	88697592	88740308	1
6	88740309	88757301	0
6	88757302	88856540	1
6	88856541	88958915	0
6	88958916	88960553	2
6	88960554	88960693	0
6	88960694	88971299	2
6	88971300	89068851	0
6	89068852	89068999	1
6	89069000	89346033	0
6	89346034	89414680	2
6	89414681	89414750	3
6	89414751	89419577	2
6	89419578	89446091	0
6	89446092	89473045	2
6	89473046	89475080	0
6	89475081	89475106	1
6	89475107	89476936	3
6	89476937	89483639	1
6	89483640	89483725	0
6	89483726	89504963	2
6	89504964	89507436	0
6	89507437	89508763	1
6	89508764	89522440	0
6	89522441	89593508	2
6	89593509	89599871	0
6	89599872	89610092	2
6	89610093	89610145	3
6	89610146	89622922	1
6	89622923	89623697	0
6	89623698	89725960	2
6	89725961	89790642	0
6	89790643	89817904	2
6	89817905	89822949	0
6	89822950	89842878	2
6	89842879	89930715	0
6	89930716	89930821	1
6	89930822	90389686	0
6	90389687	90550112	2
6	90550113	90629176	0
6	90629177	90630549	1
6	90630550	90636308	0
6	90636309	90647104	1
6	90647105	90647274	0
6	90647275	90662267	2
6	90662268	90662499	3
6	90662500	90744961	1
6	90744962	90763214	0
6	90763215	90893553	1
6	90893554	90893969	3
6	90893970	90983434	1
6	90983435	91011081	0
6	91011082	91012463	2
6	91012464	91017734	0
6	91017735	91100235	2
6	91100236	91125061	0
6	91125062	91170437	2
6	91170438	91197290	0
6	91197291	91207957	1
6	91207958	91251321	0
6	91251322	91347890	1
6	91347891	91365248	0
6	91365249	91365478	2
6	91365479	91438832	0
6	91438833	91480695	2
6	91480696	91579323	0
6	91579324	91615146	1
6	91615147	91634566	0
6	91634567	91639546	2
6	91639547	91644363	0
6	91644364	91644695	2
6	91644696	91707320	0
6	91707321	91707850	1
6	91707851	91746737	0
6	91746738	91750817	1
6	91750818	91750875	3
6	91750876	91751973	1
6	91751974	91802327	0
6	91802328	91814747	1
6	91814748	91815990	3
6	91815991	91851272	2
6	91851273	91851331	3
6	91851332	91943722	2
6	91943723	91970740	3
6	91970741	91970742	2
6	91970743	91987553	1
6	91987554	91987670	0
6	91987671	92049933	2
6	92049934	92249788	0
6	92249789	92254840	1
6	92254841	92291998	0
6	92291999	92490652	2
6	92490653	92624388	0
6	92624389	92669259	2
6	92669260	92684750	0
6	92684751	92707744	2
6	92707745	92721099	0
6	92721100	92971746	2
6	92971747	92987933	0
6	92987934	93000281	2
6	93000282	93624527	0
6	93624528	93908105	1
6	93908106	94035481	0
6	94035482	94118273	2
6	94118274	94131019	0
6	94131020	94133568	1
6	94133569	94168844	0
6	94168845	94317870	1
6	94317871	94350301	0
6	94350302	94382024	1
6	94382025	94418382	0
6	94418383	94418564	1
6	94418565	94425337	0
6	94425338	94446532	1
6	94446533	94446644	0
6	94446645	94467352	2
6	94467353	94537086	0
6	94537087	94809545	2
6	94809546	94848062	3
6	94848063	94908917	1
6	94908918	94931390	0
6	94931391	94944319	1
6	94944320	94944797	3
6	94944798	94969328	1
6	94969329	94977860	0
6	94977861	95045370	2
6	95045371	95051535	0
6	95051536	95061576	2
6	95061577	95075329	0
6	95075330	95095753	1
6	95095754	95096385	0
6	95096386	95118994	2
6	95118995	95128348	0
6	95128349	95131285	2
6	95131286	95139005	0
6	95139006	95159100	2
6	95159101	95236602	0
6	95236603	95237021	1
6	95237022	95266056	0
6	95266057	95310324	2
6	95310325	95310357	3
6	95310358	95437116	1
6	95437117	95470681	0
6	95470682	95493587	2
6	95493588	95496875	3
6	95496876	95499585	2
6	95499586	95523940	3
6	95523941	95619584	2
6	95619585	95636856	0
6	95636857	95662135	1
6	95662136	95874147	0
6	95874148	95874263	1
6	95874264	95949989	0
6	95949990	96176675	2
6	96176676	96511413	0
6	96511414	96511546	1
6	96511547	96879806	0
6	96879807	96879929	2
6	96879930	96892146	0
6	96892147	97483610	2
6	97483611	97489439	0
6	97489440	97490366	1
6	97490367	97497913	3
6	97497914	97534761	2
6	97534762	97548628	0
6	97548629	97653303	2
6	97653304	97656574	0
6	97656575	97672301	1
6	97672302	97672764	0
6	97672765	97701104	2
6	97701105	97706223	3
6	97706224	97719324	1
6	97719325	97775330	0
6	97775331	97819487	1
6	97819488	97839286	0
6	97839287	97882901	2
6	97882902	97888707	3
6	97888708	97897140	1
6	97897141	97924713	0
6	97924714	97925081	2
6	97925082	97936000	0
6	97936001	97961344	2
6	97961345	97961376	3
6	97961377	97976463	1
6	97976464	97979376	0
6	97979377	97995250	1
6	97995251	98015463	0
6	98015464	98028386	2
6	98028387	98032518	0
6	98032519	98095478	1
6	98095479	98098866	0
6	98098867	98283097	2
6	98283098	98283461	3
6	98283462	98640977	2
6	98640978	98696035	0
6	98696036	98697179	1
6	98697180	98809532	0
6	98809533	98809895	1
6	98809896	98815794	0
6	98815795	98817084	1
6	98817085	98930716	0
6	98930717	98935746	1
6	98935747	98998554	0
6	98998555	99073951	1
6	99073952	99075430	3
6	99075431	99093249	1
6	99093250	99171504	0
6	99171505	99260108	1
6	99260109	99270188	0
6	99270189	99270598	1
6	99270599	99294124	0
6	99294125	99295050	2
6	99295051	99297475	0
6	99297476	99297900	2
6	99297901	99317216	0
6	99317217	99319221	2
6	99319222	99321082	0
6	99321083	99321564	2
6	99321565	100024244	0
6	100024245	100024867	1
6	100024868	100025809	3
6	100025810	100028316	2
6	100028317	100038694	0
6	100038695	100039393	1
6	100039394	100040357	0
6	100040358	100040746	1
6	100040747	100116865	0
6	100116866	100150440	2
6	100150441	100170304	0
6	100170305	100250703	2
6	100250704	100280928	0
6	100280929	100291208	1
6	100291209	100291571	0
6	100291572	100330406	2
6	100330407	100340653	0
6	100340654	100371939	2
6	100371940	100404411	0
6	100404412	100412848	1
6	100412849	100436151	0
6	100436152	100531604	2
6	100531605	100605454	0
6	100605455	100610175	2
6	100610176	100613043	0
6	100613044	100626668	1
6	100626669	100679530	0
6	100679531	100680666	1
6	100680667	100701344	0
6	100701345	100862697	2
6	100862698	100874367	0
6	100874368	101007506	1
6	101007507	101019678	0
6	101019679	101181244	1
6	101181245	101189712	0
6	101189713	101194253	1
6	101194254	101194373	3
6	101194374	101227404	1
6	101227405	101245179	0
6	101245180	101246316	1
6	101246317	101256170	0
6	101256171	101265660	1
6	101265661	101270408	0
6	101270409	101283874	1
6	101283875	101333139	0
6	101333140	101368108	2
6	101368109	101388435	0
6	101388436	101405065	2
6	101405066	101430290	0
6	101430291	101488820	1
6	101488821	101565578	0
6	101565579	101702269	2
6	101702270	101839402	0
6	101839403	102116948	2
6	102116949	102118053	0
6	102118054	102123087	1
6	102123088	102264445	0
6	102264446	102427213	2
6	102427214	102427335	3
6	102427336	102824751	2
6	102824752	102846027	0
6	102846028	103125491	1
6	103125492	103154865	0
6	103154866	103180980	2
6	103180981	103184936	0
6	103184937	103234037	1
6	103234038	103271799	0
6	103271800	103317852	2
6	103317853	103323118	0
6	103323119	103371648	2
6	103371649	103398836	0
6	103398837	103431398	2
6	103431399	103432204	3
6	103432205	103553352	1
6	103553353	103574364	0
6	103574365	103579640	1
6	103579641	103582248	3
6	103582249	103611542	1
6	103611543	103612098	3
6	103612099	103619243	2
6	103619244	103636039	0
6	103636040	103644161	2
6	103644162	103651384	0
6	103651385	103651850	1
6	103651851	103668751	0
6	103668752	103673915	2
6	103673916	103682594	0
6	103682595	103687267	2
6	103687268	103688280	3
6	103688281	103688425	2
6	103688426	103701906	0
6	103701907	103708694	2
6	103708695	103723324	0
6	103723325	103729480	1
6	103729481	103732370	0
6	103732371	103741444	2
6	103741445	103747751	0
6	103747752	103752178	2
6	103752179	103752262	3
6	103752263	103773887	2
6	103773888	103778876	3
6	103778877	103784565	1
6	103784566	103787871	0
6	103787872	103829176	1
6	103829177	103833780	0
6	103833781	103854410	1
6	103854411	103931407	0
6	103931408	103963109	2
6	103963110	103964058	0
6	103964059	103990223	2
6	103990224	103992168	0
6	103992169	104007870	1
6	104007871	104008070	3
6	104008071	104018774	1
6	104018775	104019183	2
6	104019184	104024655	3
6	104024656	104055239	1
6	104055240	104055528	3
6	104055529	104077977	2
6	104077978	104081028	3
6	104081029	104082069	2
6	104082070	104098654	1
6	104098655	104099160	0
6	104099161	104194101	2
6	104194102	104217228	0
6	104217229	104240016	2
6	104240017	104246466	0
6	104246467	104280274	1
6	104280275	104294653	0
6	104294654	104296917	2
6	104296918	104314102	0
6	104314103	104314208	1
6	104314209	104323422	0
6	104323423	104333709	1
6	104333710	104333842	3
6	104333843	104344889	1
6	104344890	104378642	0
6	104378643	104418153	1
6	104418154	104418452	0
6	104418453	104420043	2
6	104420044	104429945	0
6	104429946	104526206	1
6	104526207	104564984	0
6	104564985	104617626	1
6	104617627	104617768	0
6	104617769	104629641	2
6	104629642	104642613	0
6	104642614	104718506	2
6	104718507	104733000	0
6	104733001	104742091	1
6	104742092	104758629	0
6	104758630	104783256	2
6	104783257	104783294	3
6	104783295	104799867	1
6	104799868	104816102	0
6	104816103	104826683	1
6	104826684	104866751	0
6	104866752	104873351	2
6	104873352	104881481	0
6	104881482	104917726	1
6	104917727	104919160	0
6	104919161	104932385	1
6	104932386	104932629	0
6	104932630	104941552	2
6	104941553	104944054	0
6	104944055	104984536	1
6	104984537	104991836	0
6	104991837	105026751	1
6	105026752	105121168	0
6	105121169	105124034	2
6	105124035	105261371	0
6	105261372	105301483	2
6	105301484	105353713	0
6	105353714	105376049	2
6	105376050	105408337	0
6	105408338	105472351	2
6	105472352	105474111	0
6	105474112	105483076	1
6	105483077	105483189	0
6	105483190	105700932	2
6	105700933	105704234	0
6	105704235	105726562	1
6	105726563	105729790	0
6	105729791	105806255	2
6	105806256	105883458	0
6	105883459	105934886	2
6	105934887	106008093	0
6	106008094	106160789	2
6	106160790	106329121	0
6	106329122	106345724	2
6	106345725	106349124	0
6	106349125	106386207	1
6	106386208	106386345	0
6	106386346	106416191	2
6	106416192	106528051	0
6	106528052	106530399	1
6	106530400	106595103	0
6	106595104	106613721	2
6	106613722	106631607	0
6	106631608	106638870	1
6	106638871	106672932	0
6	106672933	106736988	2
6	106736989	106744376	0
6	106744377	106749828	1
6	106749829	106755460	0
6	106755461	106794072	1
6	106794073	106794847	3
6	106794848	106805282	2
6	106805283	106810418	0
6	106810419	106840779	1
6	106840780	106843214	3
6	106843215	106860421	2
6	106860422	106862341	0
6	106862342	106884710	1
6	106884711	106888282	0
6	106888283	106913115	1
6	106913116	106913528	0
6	106913529	106921343	2
6	106921344	106926173	0
6	106926174	106944512	1
6	106944513	106950947	0
6	106950948	107031540	1
6	107031541	107049883	0
6	107049884	107062765	1
6	107062766	107068473	0
6	107068474	107088401	1
6	107088402	107088757	3
6	107088758	107095455	2
6	107095456	107097789	3
6	107097790	107119534	1
6	107119535	107124890	0
6	107124891	107127022	1
6	107127023	107129318	0
6	107129319	107140694	1
6	107140695	107141621	0
6	107141622	107142521	2
6	107142522	107186094	0
6	107186095	107187959	1
6	107187960	107202398	0
6	107202399	107204533	2
6	107204534	107226561	0
6	107226562	107244210	1
6	107244211	107277242	0
6	107277243	107377053	2
6	107377054	107418654	0
6	107418655	107418759	2
6	107418760	107641778	0
6	107641779	108030432	2
6	108030433	108037628	3
6	108037629	108191471	2
6	108191472	108191989	3
6	108191990	108221677	2
6	108221678	108221927	3
6	108221928	109272042	2
6	109272043	109665521	0
6	109665522	109679807	1
6	109679808	109773447	0
6	109773448	109773568	2
6	109773569	109820690	0
6	109820691	109936671	1
6	109936672	109951059	0
6	109951060	110328711	1
6	110328712	110341579	0
6	110341580	110474536	2
6	110474537	110488929	0
6	110488930	110521509	1
6	110521510	110567483	0
6	110567484	110676374	1
6	110676375	110735448	0
6	110735449	110779646	1
6	110779647	110935596	0
6	110935597	110936081	1
6	110936082	111464517	0
6	111464518	111516474	1
6	111516475	111923638	0
6	111923639	111923744	1
6	111923745	112175839	0
6	112175840	112175975	1
6	112175976	112215142	0
6	112215143	112215249	2
6	112215250	112302394	0
6	112302395	112303444	1
6	112303445	112391311	0
6	112391312	112391451	2
6	112391452	112567732	0
6	112567733	112567836	1
6	112567837	112778870	0
6	112778871	112779025	2
6	112779026	112794529	0
6	112794530	112794640	2
6	112794641	113237517	0
6	113237518	113242423	1
6	113242424	113315177	0
6	113315178	113315380	2
6	113315381	113480733	0
6	113480734	113480818	2
6	113480819	113779968	0
6	113779969	113780859	1
6	113780860	114359057	0
6	114359058	114359163	2
6	114359164	114777597	0
6	114777598	114872783	2
6	114872784	117452893	0
6	117452894	117515646	1
6	117515647	117515828	3
6	117515829	117536510	2
6	117536511	117694220	0
6	117694221	117825693	1
6	117825694	117846272	0
6	117846273	117846334	2
6	117846335	117879821	0
6	117879822	117925282	2
6	117925283	117933064	0
6	117933065	117998093	1
6	117998094	117998874	0
6	117998875	118003332	2
6	118003333	118006456	0
6	118006457	118044103	2
6	118044104	118046653	0
6	118046654	118175829	1
6	118175830	118198199	0
6	118198200	118252416	2
6	118252417	118312218	0
6	118312219	118324211	2
6	118324212	118462019	0
6	118462020	118464638	1
6	118464639	118466023	0
6	118466024	118842399	1
6	118842400	119008917	0
6	119008918	119162044	1
6	119162045	119163164	0
6	119163165	119231019	2
6	119231020	119242186	0
6	119242187	119345238	2
6	119345239	119379142	0
6	119379143	119379950	1
6	119379951	119392853	0
6	119392854	119404332	2
6	119404333	119405231	3
6	119405232	119410121	2
6	119410122	119448913	1
6	119448914	119487619	0
6	119487620	119498225	2
6	119498226	119513070	0
6	119513071	119516862	2
6	119516863	119518789	3
6	119518790	119524948	1
6	119524949	119587388	0
6	119587389	119799328	1
6	119799329	119828844	0
6	119828845	119960935	1
6	119960936	119961796	3
6	119961797	120006222	1
6	120006223	120055458	0
6	120055459	120130908	2
6	120130909	120135434	0
6	120135435	120166087	1
6	120166088	120169736	0
6	120169737	120289553	1
6	120289554	120302509	0
6	120302510	120365889	1
6	120365890	120369115	0
6	120369116	120369704	2
6	120369705	120379314	0
6	120379315	120380146	2
6	120380147	120397003	0
6	120397004	120401243	2
6	120401244	120418607	0
6	120418608	120474318	1
6	120474319	120475771	3
6	120475772	120707180	1
6	120707181	120761117	0
6	120761118	120849324	1
6	120849325	120899222	0
6	120899223	120977753	1
6	120977754	120995284	0
6	120995285	120996719	1
6	120996720	120998731	0
6	120998732	121067779	1
6	121067780	121074446	0
6	121074447	121107900	1
6	121107901	121118448	0
6	121118449	121119526	2
6	121119527	121120567	0
6	121120568	121151919	2
6	121151920	121280029	0
6	121280030	121414947	2
6	121414948	121431337	0
6	121431338	121540955	2
6	121540956	121544051	0
6	121544052	121582478	1
6	121582479	121612527	0
6	121612528	121640411	2
6	121640412	121696049	0
6	121696050	121707396	2
6	121707397	121710753	0
6	121710754	121844105	1
6	121844106	121882364	0
6	121882365	121884641	1
6	121884642	121885060	3
6	121885061	121898621	1
6	121898622	121898641	3
6	121898642	121918475	2
6	121918476	121923021	0
6	121923022	121972403	1
6	121972404	122028564	0
6	122028565	122029887	2
6	122029888	122080306	0
6	122080307	122171325	2
6	122171326	122171930	3
6	122171931	122327589	2
6	122327590	122338368	0
6	122338369	122389919	1
6	122389920	122465389	0
6	122465390	122471395	2
6	122471396	122474754	0
6	122474755	122510852	1
6	122510853	122545059	0
6	122545060	122563642	2
6	122563643	122564765	0
6	122564766	122581925	1
6	122581926	122590470	0
6	122590471	122598870	2
6	122598871	122600358	3
6	122600359	122756106	2
6	122756107	122764542	3
6	122764543	122779292	2
6	122779293	122780041	0
6	122780042	122790347	1
6	122790348	122800871	0
6	122800872	122808245	1
6	122808246	122820905	0
6	122820906	122827110	1
6	122827111	122830393	0
6	122830394	122835057	1
6	122835058	122846747	0
6	122846748	122888337	1
6	122888338	122903248	0
6	122903249	122912668	1
6	122912669	122918878	0
6	122918879	122935998	1
6	122935999	122952550	0
6	122952551	122967269	1
6	122967270	122999898	0
6	122999899	123009080	2
6	123009081	123023304	0
6	123023305	123028405	2
6	123028406	123064794	0
6	123064795	123087871	1
6	123087872	123091057	3
6	123091058	123176202	1
6	123176203	123182615	3
6	123182616	123190002	1
6	123190003	123211971	3
6	123211972	123250200	1
6	123250201	123298435	0
6	123298436	123312527	2
6	123312528	123323627	0
6	123323628	123332431	2
6	123332432	123334319	0
6	123334320	123334449	1
6	123334450	123343757	0
6	123343758	123367478	1
6	123367479	123388070	0
6	123388071	123390109	1
6	123390110	123390219	0
6	123390220	123391832	2
6	123391833	123631248	0
6	123631249	123693963	1
6	123693964	123705844	0
6	123705845	123712735	1
6	123712736	123713505	0
6	123713506	123807270	1
6	123807271	123873172	0
6	123873173	123953407	1
6	123953408	123970707	0
6	123970708	123976034	1
6	123976035	123976999	3
6	123977000	123978467	1
6	123978468	123983008	0
6	123983009	123986820	2
6	123986821	123987094	3
6	123987095	123988068	2
6	123988069	123988132	0
6	123988133	123998543	2
6	123998544	124034416	0
6	124034417	124035421	1
6	124035422	124105459	0
6	124105460	124111169	2
6	124111170	124125030	0
6	124125031	124131023	1
6	124131024	124365827	0
6	124365828	124398447	2
6	124398448	124472564	0
6	124472565	124498842	2
6	124498843	124502495	3
6	124502496	124510868	1
6	124510869	124512835	3
6	124512836	124513745	2
6	124513746	124525521	0
6	124525522	124586068	1
6	124586069	124592013	3
6	124592014	124609098	2
6	124609099	124611900	0
6	124611901	124679959	2
6	124679960	124682103	0
6	124682104	124734466	2
6	124734467	124914853	0
6	124914854	124981434	2
6	124981435	125122343	0
6	125122344	125122426	2
6	125122427	126834529	0
6	126834530	126928222	1
6	126928223	127023056	0
6	127023057	127090006	1
6	127090007	127090567	0
6	127090568	127113189	2
6	127113190	127113440	0
6	127113441	127184369	1
6	127184370	127220012	0
6	127220013	127242562	2
6	127242563	127243313	0
6	127243314	127274758	2
6	127274759	127284027	0
6	127284028	127457244	2
6	127457245	127474541	0
6	127474542	127594342	2
6	127594343	127596069	0
6	127596070	127613291	1
6	127613292	127657334	0
6	127657335	127658974	2
6	127658975	127707594	0
6	127707595	127732745	2
6	127732746	127742031	0
6	127742032	127752938	1
6	127752939	127754025	0
6	127754026	127754120	2
6	127754121	127767303	0
6	127767304	127773003	2
6	127773004	127776088	0
6	127776089	127807267	1
6	127807268	127807419	0
6	127807420	127938927	2
6	127938928	127943649	0
6	127943650	127979839	1
6	127979840	128410314	0
6	128410315	128417520	2
6	128417521	128515833	0
6	128515834	128515926	2
6	128515927	128524259	0
6	128524260	128524341	2
6	128524342	128532490	0
6	128532491	128532573	2
6	128532574	128538900	0
6	128538901	128538996	2
6	128538997	128539183	0
6	128539184	128539266	2
6	128539267	128539438	0
6	128539439	128539531	2
6	128539532	128543937	0
6	128543938	128544208	1
6	128544209	128544321	3
6	128544322	128545110	1
6	128545111	128545215	3
6	128545216	128546213	1
6	128546214	128546309	3
6	128546310	128549094	1
6	128549095	128549175	3
6	128549176	128549180	1
6	128549181	128565917	0
6	128565918	128565998	2
6	128565999	128572255	0
6	128572256	128572333	2
6	128572334	128585556	0
6	128585557	128585626	2
6	128585627	128600459	0
6	128600460	128600530	2
6	128600531	128602939	0
6	128602940	128603012	2
6	128603013	128605919	0
6	128605920	128606000	2
6	128606001	128606831	0
6	128606832	128606911	2
6	128606912	128607732	0
6	128607733	128607813	2
6	128607814	128608581	0
6	128608582	128608661	2
6	128608662	128609466	0
6	128609467	128609555	2
6	128609556	128610365	0
6	128610366	128610445	2
6	128610446	128611247	0
6	128611248	128611332	2
6	128611333	128612137	0
6	128612138	128612230	2
6	128612231	128613033	0
6	128613034	128613117	2
6	128613118	128613922	0
6	128613923	128614007	2
6	128614008	128614812	0
6	128614813	128614897	2
6	128614898	128615701	0
6	128615702	128615795	2
6	128615796	128616598	0
6	128616599	128616683	2
6	128616684	128617488	0
6	128617489	128617582	2
6	128617583	128618383	0
6	128618384	128618477	2
6	128618478	128619280	0
6	128619281	128619364	2
6	128619365	128620171	0
6	128620172	128620261	2
6	128620262	128621062	0
6	128621063	128621153	2
6	128621154	128621958	0
6	128621959	128622044	2
6	128622045	128622849	0
6	128622850	128622943	2
6	128622944	128623748	0
6	128623749	128623828	2
6	128623829	128624636	0
6	128624637	128624728	2
6	128624729	128625533	0
6	128625534	128625617	2
6	128625618	128626421	0
6	128626422	128626514	2
6	128626515	128627318	0
6	128627319	128627398	2
6	128627399	128628204	0
6	128628205	128628289	2
6	128628290	128629091	0
6	128629092	128629184	2
6	128629185	128629991	0
6	128629992	128630071	2
6	128630072	128630877	0
6	128630878	128630962	2
6	128630963	128631765	0
6	128631766	128631854	2
6	128631855	128632660	0
6	128632661	128632740	2
6	128632741	128633546	0
6	128633547	128633633	2
6	128633634	128634440	0
6	128634441	128634529	2
6	128634530	128635334	0
6	128635335	128635418	2
6	128635419	128636227	0
6	128636228	128636317	2
6	128636318	128637120	0
6	128637121	128637207	2
6	128637208	128638009	0
6	128638010	128638095	2
6	128638096	128638896	0
6	128638897	128638976	2
6	128638977	128639782	0
6	128639783	128639869	2
6	128639870	128640672	0
6	128640673	128640758	2
6	128640759	128641566	0
6	128641567	128641646	2
6	128641647	128642452	0
6	128642453	128642540	2
6	128642541	128643343	0
6	128643344	128643429	2
6	128643430	128644235	0
6	128644236	128644323	2
6	128644324	128645129	0
6	128645130	128645220	2
6	128645221	128646024	0
6	128646025	128646112	2
6	128646113	128646920	0
6	128646921	128647000	2
6	128647001	128647807	0
6	128647808	128647900	2
6	128647901	128648706	0
6	128648707	128648794	2
6	128648795	128649602	0
6	128649603	128649682	2
6	128649683	128650487	0
6	128650488	128650572	2
6	128650573	128651380	0
6	128651381	128651460	2
6	128651461	128652267	0
6	128652268	128652351	2
6	128652352	128653160	0
6	128653161	128653240	2
6	128653241	128654049	0
6	128654050	128654136	2
6	128654137	128654937	0
6	128654938	128655029	2
6	128655030	128655835	0
6	128655836	128655915	2
6	128655916	128656721	0
6	128656722	128656811	2
6	128656812	128657619	0
6	128657620	128657699	2
6	128657700	128658506	0
6	128658507	128658595	2
6	128658596	128659402	0
6	128659403	128659485	2
6	128659486	128660292	0
6	128660293	128660372	2
6	128660373	128661179	0
6	128661180	128661259	2
6	128661260	128680867	0
6	128680868	128680941	2
6	128680942	128683562	0
6	128683563	128683636	2
6	128683637	128684427	0
6	128684428	128684501	2
6	128684502	128685134	0
6	128685135	128685208	2
6	128685209	128686119	0
6	128686120	128686193	2
6	128686194	128686832	0
6	128686833	128686906	2
6	128686907	128687693	0
6	128687694	128687767	2
6	128687768	128688404	0
6	128688405	128688478	2
6	128688479	128689270	0
6	128689271	128689344	2
6	128689345	128689981	0
6	128689982	128690055	2
6	128690056	128690848	0
6	128690849	128690922	2
6	128690923	128691553	0
6	128691554	128691627	2
6	128691628	128692415	0
6	128692416	128692489	2
6	128692490	128693126	0
6	128693127	128693200	2
6	128693201	128693994	0
6	128693995	128694068	2
6	128694069	128698384	0
6	128698385	128698446	2
6	128698447	128698821	0
6	128698822	128698886	2
6	128698887	128722038	0
6	128722039	128722122	2
6	128722123	128723182	0
6	128723183	128723277	2
6	128723278	128723633	0
6	128723634	128723750	1
6	128723751	128724811	0
6	128724812	128724923	1
6	128724924	128725537	0
6	128725538	128725622	2
6	128725623	128725834	0
6	128725835	128725914	2
6	128725915	128726506	0
6	128726507	128726602	2
6	128726603	128728707	0
6	128728708	128728791	2
6	128728792	128728902	0
6	128728903	128729038	2
6	128729039	128730861	0
6	128730862	128730959	2
6	128730960	128730998	0
6	128730999	128731077	2
6	128731078	128732648	0
6	128732649	128732727	2
6	128732728	128733930	0
6	128733931	128734021	2
6	128734022	128736798	0
6	128736799	128736881	2
6	128736882	128737454	0
6	128737455	128737539	2
6	128737540	128737946	0
6	128737947	128738065	1
6	128738066	128738503	0
6	128738504	128738592	2
6	128738593	128741483	0
6	128741484	128741564	2
6	128741565	128742171	0
6	128742172	128742285	1
6	128742286	128742937	0
6	128742938	128743059	2
6	128743060	128743528	0
6	128743529	128743605	2
6	128743606	128748520	0
6	128748521	128748635	1
6	128748636	128749658	0
6	128749659	128749736	2
6	128749737	128752945	0
6	128752946	128753028	2
6	128753029	128753642	0
6	128753643	128753720	2
6	128753721	128757014	0
6	128757015	128757103	2
6	128757104	128757777	0
6	128757778	128757856	1
6	128757857	128757924	0
6	128757925	128758003	2
6	128758004	128758031	0
6	128758032	128758147	1
6	128758148	128758352	0
6	128758353	128758432	2
6	128758433	128763159	0
6	128763160	128763269	2
6	128763270	129284558	0
6	129284559	129284639	1
6	129284640	129285747	0
6	129285748	129286658	2
6	129286659	129461646	0
6	129461647	129598344	2
6	129598345	129609395	0
6	129609396	129666392	2
6	129666393	129667401	3
6	129667402	129680881	2
6	129680882	129681597	0
6	129681598	129693578	1
6	129693579	129702381	0
6	129702382	129707266	1
6	129707267	129708072	0
6	129708073	129712623	2
6	129712624	129733941	0
6	129733942	129734343	2
6	129734344	129752012	0
6	129752013	129823793	2
6	129823794	129847337	3
6	129847338	129854698	1
6	129854699	129864913	0
6	129864914	129885568	2
6	129885569	129886387	3
6	129886388	129899478	1
6	129899479	129899634	0
6	129899635	129998484	2
6	129998485	130001972	3
6	130001973	130008921	1
6	130008922	130069390	0
6	130069391	130146151	2
6	130146152	130199477	0
6	130199478	130206482	1
6	130206483	130214843	3
6	130214844	130305479	2
6	130305480	130305970	0
6	130305971	130307120	2
6	130307121	130311370	0
6	130311371	130318813	2
6	130318814	130333710	0
6	130333711	130416375	1
6	130416376	130442386	0
6	130442387	130447227	2
6	130447228	130452659	0
6	130452660	130463530	2
6	130463531	130463841	3
6	130463842	130466681	2
6	130466682	130474991	0
6	130474992	130476823	1
6	130476824	130476887	0
6	130476888	130489912	2
6	130489913	130524740	0
6	130524741	130530823	1
6	130530824	130535817	0
6	130535818	130586309	1
6	130586310	130589141	0
6	130589142	130597654	2
6	130597655	130627480	0
6	130627481	130716645	2
6	130716646	130729421	0
6	130729422	130732313	1
6	130732314	130737217	0
6	130737218	130743241	2
6	130743242	130768139	0
6	130768140	130771197	1
6	130771198	130772968	3
6	130772969	130797079	2
6	130797080	130823417	0
6	130823418	130863957	2
6	130863958	130866734	3
6	130866735	130867029	2
6	130867030	130872442	1
6	130872443	130873910	0
6	130873911	130890677	2
6	130890678	130894409	3
6	130894410	130963328	1
6	130963329	130965887	0
6	130965888	130967435	1
6	130967436	131018967	0
6	131018968	131024488	1
6	131024489	131029650	0
6	131029651	131034178	2
6	131034179	131034490	3
6	131034491	131037331	2
6	131037332	131037437	3
6	131037438	131042183	2
6	131042184	131044161	3
6	131044162	131144649	2
6	131144650	131176872	0
6	131176873	131196266	2
6	131196267	131199540	0
6	131199541	131199654	1
6	131199655	131214859	0
6	131214860	131250318	2
6	131250319	131559688	0
6	131559689	131567340	2
6	131567341	131569288	0
6	131569289	131580303	1
6	131580304	131649209	0
6	131649210	131675939	2
6	131675940	131679699	0
6	131679700	131701996	2
6	131701997	131705321	0
6	131705322	131709688	2
6	131709689	131713718	0
6	131713719	131733919	1
6	131733920	131738354	0
6	131738355	131742683	2
6	131742684	131778955	0
6	131778956	131806656	2
6	131806657	131818858	0
6	131818859	131826374	2
6	131826375	131831452	0
6	131831453	131854461	1
6	131854462	131882607	0
6	131882608	131889660	2
6	131889661	131892085	0
6	131892086	131901562	1
6	131901563	131924158	0
6	131924159	131942166	1
6	131942167	131983054	0
6	131983055	132005816	1
6	132005817	132010295	0
6	132010296	132017296	1
6	132017297	132029958	0
6	132029959	132032193	1
6	132032194	132037270	0
6	132037271	132058094	1
6	132058095	132060585	3
6	132060586	132081276	1
6	132081277	132096899	0
6	132096900	132170555	2
6	132170556	132175477	0
6	132175478	132175608	1
6	132175609	132178851	0
6	132178852	132217639	2
6	132217640	132221080	0
6	132221081	132226063	2
6	132226064	132226744	0
6	132226745	132234618	2
6	132234619	132236923	0
6	132236924	132244926	2
6	132244927	132262174	0
6	132262175	132265912	2
6	132265913	132326823	0
6	132326824	132462787	1
6	132462788	132465036	3
6	132465037	133053424	1
6	133053425	133110974	0
6	133110975	133111498	1
6	133111499	133181528	0
6	133181529	133181964	1
6	133181965	133192789	0
6	133192790	133193349	1
6	133193350	133203766	0
6	133203767	133204119	1
6	133204120	133227083	0
6	133227084	133227433	1
6	133227434	133277538	0
6	133277539	133278076	1
6	133278077	133306386	0
6	133306387	133351314	1
6	133351315	133426106	0
6	133426107	133426566	1
6	133426567	133449420	0
6	133449421	133449816	1
6	133449817	133457449	0
6	133457450	133457905	1
6	133457906	133510373	0
6	133510374	133510723	1
6	133510724	133559339	0
6	133559340	133559803	1
6	133559804	133653565	0
6	133653566	133654062	1
6	133654063	133702289	0
6	133702290	133702844	1
6	133702845	133715848	0
6	133715849	133716298	1
6	133716299	133764538	0
6	133764539	133764888	1
6	133764889	133852362	0
6	133852363	133852679	1
6	133852680	133925594	0
6	133925595	133926107	1
6	133926108	133941833	0
6	133941834	133942150	1
6	133942151	133963160	0
6	133963161	133963646	1
6	133963647	134068429	0
6	134068430	134068883	1
6	134068884	134106072	0
6	134106073	134106607	1
6	134106608	134141825	0
6	134141826	134142157	1
6	134142158	134160099	0
6	134160100	134160630	1
6	134160631	134211653	0
6	134211654	134212883	1
6	134212884	134233900	0
6	134233901	134234414	1
6	134234415	134287816	0
6	134287817	134288389	2
6	134288390	134288700	3
6	134288701	134290718	1
6	134290719	134328062	0
6	134328063	134358515	1
6	134358516	134414013	0
6	134414014	134414598	1
6	134414599	134451509	0
6	134451510	134452135	1
6	134452136	134488092	0
6	134488093	134488585	1
6	134488586	134539972	0
6	134539973	134540301	1
6	134540302	134563377	0
6	134563378	134563694	1
6	134563695	134584501	0
6	134584502	134585000	1
6	134585001	134596523	0
6	134596524	134597055	1
6	134597056	134627529	0
6	134627530	134628046	1
6	134628047	134657092	0
6	134657093	134657415	1
6	134657416	134700144	0
6	134700145	134700623	1
6	134700624	134709801	0
6	134709802	134713038	1
6	134713039	134719904	0
6	134719905	134720436	1
6	134720437	134758566	0
6	134758567	134758928	1
6	134758929	134800824	0
6	134800825	134801326	1
6	134801327	134815961	0
6	134815962	134816606	1
6	134816607	134872772	0
6	134872773	134873268	1
6	134873269	134906153	0
6	134906154	134906640	1
6	134906641	134947108	0
6	134947109	134947281	2
6	134947282	134950505	3
6	134950506	134950507	1
6	134950508	135005505	0
6	135005506	135005975	1
6	135005976	135039841	0
6	135039842	135040628	1
6	135040629	135089334	0
6	135089335	135089784	1
6	135089785	135137587	0
6	135137588	135138063	1
6	135138064	135154659	0
6	135154660	135155167	1
6	135155168	135178936	0
6	135178937	135179467	1
6	135179468	135209018	0
6	135209019	135209717	1
6	135209718	135251477	0
6	135251478	135251785	1
6	135251786	135269320	0
6	135269321	135269637	1
6	135269638	135387662	0
6	135387663	135388138	1
6	135388139	135420369	0
6	135420370	135420825	1
6	135420826	135461385	0
6	135461386	135461708	1
6	135461709	135494377	0
6	135494378	135494917	1
6	135494918	135538765	0
6	135538766	135568571	1
6	135568572	135574495	0
6	135574496	135574803	1
6	135574804	135592954	0
6	135592955	135593462	1
6	135593463	135612958	0
6	135612959	135613266	1
6	135613267	135627507	0
6	135627508	135627815	1
6	135627816	135646940	0
6	135646941	135647248	1
6	135647249	135660513	0
6	135660514	135660821	1
6	135660822	135721400	0
6	135721401	135721708	1
6	135721709	135740462	0
6	135740463	135741148	1
6	135741149	135752549	0
6	135752550	135796162	1
6	135796163	135829856	0
6	135829857	135830362	1
6	135830363	135848435	0
6	135848436	135848905	1
6	135848906	135882047	0
6	135882048	135882625	1
6	135882626	135916484	0
6	135916485	135916801	1
6	135916802	135953575	0
6	135953576	135954069	1
6	135954070	135988834	0
6	135988835	135989348	1
6	135989349	136055704	0
6	136055705	136055764	1
6	136055765	136072635	0
6	136072636	136073127	1
6	136073128	136095794	0
6	136095795	136096292	1
6	136096293	136125182	0
6	136125183	136125866	1
6	136125867	136187346	0
6	136187347	136187726	1
6	136187727	136217849	0
6	136217850	136218301	1
6	136218302	136231310	0
6	136231311	136231845	1
6	136231846	136250560	0
6	136250561	136251130	1
6	136251131	136274780	0
6	136274781	136275286	1
6	136275287	136355594	0
6	136355595	136356085	1
6	136356086	136415756	0
6	136415757	136416219	1
6	136416220	136426336	0
6	136426337	136427043	1
6	136427044	136435853	0
6	136435854	136436304	1
6	136436305	136472787	0
6	136472788	136473095	1
6	136473096	136484822	0
6	136484823	136485133	1
6	136485134	136569628	0
6	136569629	136570077	1
6	136570078	136594853	0
6	136594854	136596598	2
6	136596599	136619417	0
6	136619418	136619915	1
6	136619916	136661117	0
6	136661118	136661683	1
6	136661684	136701326	0
6	136701327	136708935	1
6	136708936	136728867	0
6	136728868	136729439	1
6	136729440	136749787	0
6	136749788	136750286	1
6	136750287	136773299	0
6	136773300	136773762	1
6	136773763	136810021	0
6	136810022	136810444	1
6	136810445	136838133	0
6	136838134	136838632	1
6	136838633	136847431	0
6	136847432	136847748	1
6	136847749	136881679	0
6	136881680	136882339	1
6	136882340	136905624	0
6	136905625	136906940	1
6	136906941	136944639	0
6	136944640	136945867	1
6	136945868	136955020	0
6	136955021	136966502	1
6	136966503	136966584	0
6	136966585	136983439	2
6	136983440	137001509	0
6	137001510	137070595	2
6	137070596	137133416	0
6	137133417	137188717	1
6	137188718	137219705	0
6	137219706	137312588	2
6	137312589	137342941	0
6	137342942	137415157	2
6	137415158	137439538	0
6	137439539	138191573	2
6	138191574	138437989	0
6	138437990	138679934	2
6	138679935	138794226	0
6	138794227	138832132	2
6	138832133	138832271	3
6	138832272	138839175	2
6	138839176	138839886	3
6	138839887	139155534	1
6	139155535	139192145	0
6	139192146	139252124	1
6	139252125	139450711	0
6	139450712	139451580	2
6	139451581	139814817	0
6	139814818	139823166	2
6	139823167	139835947	0
6	139835948	139932828	1
6	139932829	140127201	0
6	140127202	140208474	1
6	140208475	140352753	0
6	140352754	140430253	2
6	140430254	140760082	0
6	140760083	140761191	2
6	140761192	140882118	0
6	140882119	140882224	1
6	140882225	140896574	0
6	140896575	140947916	2
6	140947917	140948470	3
6	140948471	140957433	2
