<CHROM>	<START>	<END>	<TSB>
8	0	500210	0
8	500211	889201	2
8	889202	889636	0
8	889637	899462	2
8	899463	1058755	0
8	1058756	1058855	2
8	1058856	1180288	0
8	1180289	1180377	1
8	1180378	1375539	0
8	1375540	1376508	1
8	1376509	1452280	0
8	1452281	1463964	1
8	1463965	1473245	0
8	1473246	1487941	2
8	1487942	1516977	0
8	1516978	1527585	2
8	1527586	1562117	0
8	1562118	2034977	1
8	2034978	2194559	0
8	2194560	2194672	1
8	2194673	2368880	0
8	2368881	2369012	2
8	2369013	2461445	0
8	2461446	2519238	2
8	2519239	2587829	0
8	2587830	2597381	2
8	2597382	2598874	0
8	2598875	2635090	2
8	2635091	2642432	0
8	2642433	2674035	2
8	2674036	2791851	0
8	2791852	2797965	2
8	2797966	3228864	0
8	3228865	3234901	1
8	3234902	3488421	0
8	3488422	3595147	2
8	3595148	3598531	3
8	3598532	3722393	2
8	3722394	4189255	0
8	4189256	4412181	1
8	4412182	4412219	0
8	4412220	4433365	2
8	4433366	4497958	0
8	4497959	4508237	2
8	4508238	4581783	0
8	4581784	4598389	2
8	4598390	4599609	3
8	4599610	4606963	1
8	4606964	4640414	0
8	4640415	4653959	2
8	4653960	4658586	0
8	4658587	4679095	2
8	4679096	4689838	0
8	4689839	4697746	2
8	4697747	4724027	0
8	4724028	4733518	2
8	4733519	4745881	0
8	4745882	4755804	2
8	4755805	4789413	0
8	4789414	4830033	2
8	4830034	4848184	0
8	4848185	4855900	2
8	4855901	4919111	0
8	4919112	4920849	1
8	4920850	4922096	0
8	4922097	4952222	2
8	4952223	4968840	0
8	4968841	4988730	1
8	4988731	5000843	0
8	5000844	5015800	1
8	5015801	5095720	0
8	5095721	5167008	1
8	5167009	5180673	0
8	5180674	5198805	1
8	5198806	5200349	0
8	5200350	5206757	1
8	5206758	5218507	0
8	5218508	5267465	1
8	5267466	5386795	0
8	5386796	5392955	2
8	5392956	5697561	0
8	5697562	5697629	2
8	5697630	5698265	3
8	5698266	5698303	2
8	5698304	5758933	0
8	5758934	5823749	2
8	5823750	5823873	3
8	5823874	5828090	2
8	5828091	6072671	0
8	6072672	6131342	2
8	6131343	6156863	0
8	6156864	6384868	1
8	6384869	6738237	0
8	6738238	6857827	1
8	6857828	6858794	3
8	6858795	7967955	1
8	7967956	9066907	0
8	9066908	9067212	2
8	9067213	10030269	0
8	10030270	10055173	1
8	10055174	10066412	0
8	10066413	10066470	2
8	10066471	10086397	0
8	10086398	10098517	1
8	10098518	10224170	0
8	10224171	10227066	1
8	10227067	10228428	0
8	10228429	10265961	2
8	10265962	10268663	0
8	10268664	10587105	2
8	10587106	10617991	0
8	10617992	10668170	2
8	10668171	10669588	0
8	10669589	10688961	1
8	10688962	10689247	3
8	10689248	10711859	2
8	10711860	11133676	0
8	11133677	11185840	2
8	11185841	11211108	0
8	11211109	11238890	1
8	11238891	11268857	0
8	11268858	11305288	1
8	11305289	11305422	0
8	11305423	11316323	2
8	11316324	11348653	0
8	11348654	11348655	2
8	11348656	11352111	3
8	11352112	11353672	0
8	11353673	11467571	1
8	11467572	11536518	0
8	11536519	11579759	1
8	11579760	11586719	0
8	11586720	11590680	1
8	11590681	11593192	0
8	11593193	11598584	1
8	11598585	11603223	0
8	11603224	11618727	1
8	11618728	11627516	0
8	11627517	11632205	1
8	11632206	11632352	0
8	11632353	11678277	2
8	11678278	11693538	0
8	11693539	11704026	2
8	11704027	11725861	0
8	11725862	11748463	1
8	11748464	11850728	0
8	11850729	11889772	1
8	11889773	11898530	0
8	11898531	11965265	1
8	11965266	12019385	0
8	12019386	12019962	2
8	12019963	12063072	0
8	12063073	12063213	1
8	12063214	12063318	0
8	12063319	12063437	2
8	12063438	12080201	0
8	12080202	12100425	2
8	12100426	12101592	0
8	12101593	12120590	1
8	12120591	12123821	0
8	12123822	12146471	1
8	12146472	12146603	0
8	12146604	12156552	2
8	12156553	12156616	3
8	12156617	12194550	1
8	12194551	12313326	0
8	12313327	12365527	2
8	12365528	12380300	0
8	12380301	12442197	1
8	12442198	12519941	0
8	12519942	12552029	2
8	12552030	12638217	0
8	12638218	12652735	1
8	12652736	12694017	0
8	12694018	13089221	1
8	13089222	13094327	3
8	13094328	13273133	1
8	13273134	13946697	0
8	13946698	13948028	2
8	13948029	13978526	0
8	13978527	13978588	2
8	13978589	14286268	0
8	14286269	14309441	1
8	14309442	14447309	0
8	14447310	14455817	1
8	14455818	14562968	0
8	14562969	14563261	1
8	14563262	14689882	0
8	14689883	14689985	2
8	14689986	15374469	0
8	15374470	15399160	2
8	15399161	15400518	0
8	15400519	15405358	2
8	15405359	15407041	0
8	15407042	15479712	1
8	15479713	15511005	0
8	15511006	15512619	1
8	15512620	15566979	0
8	15566980	15568507	1
8	15568508	15611212	0
8	15611213	15612561	2
8	15612562	15652419	0
8	15652420	15652554	1
8	15652555	15652696	0
8	15652697	15652887	2
8	15652888	15735426	0
8	15735427	15736364	1
8	15736365	15742054	0
8	15742055	15749115	2
8	15749116	15796811	0
8	15796812	15797749	1
8	15797750	15818645	0
8	15818646	15819610	1
8	15819611	15889787	0
8	15889788	15890734	1
8	15890735	16000050	0
8	16000051	16001343	2
8	16001344	16073981	0
8	16073982	16075168	2
8	16075169	16153470	0
8	16153471	16160402	2
8	16160403	16444271	0
8	16444272	16458146	1
8	16458147	16489813	0
8	16489814	16493448	1
8	16493449	16513680	0
8	16513681	16514645	2
8	16514646	16523459	0
8	16523460	16525758	2
8	16525759	16574370	0
8	16574371	16575308	2
8	16575309	16638590	0
8	16638591	16639528	1
8	16639529	16652833	0
8	16652834	16657852	2
8	16657853	16696312	0
8	16696313	16697250	2
8	16697251	16719739	0
8	16719740	16720701	2
8	16720702	16746252	0
8	16746253	16747220	1
8	16747221	16808407	0
8	16808408	16809345	1
8	16809346	16880774	0
8	16880775	16881703	1
8	16881704	16892942	0
8	16892943	16898591	1
8	16898592	16905908	0
8	16905909	16906882	1
8	16906883	16940863	0
8	16940864	16941797	1
8	16941798	17002613	0
8	17002614	17007253	2
8	17007254	17017759	0
8	17017760	17020978	2
8	17020979	17053659	0
8	17053660	17057237	1
8	17057238	17106620	0
8	17106621	17112651	1
8	17112652	17184453	0
8	17184454	17189572	2
8	17189573	17221925	0
8	17221926	17222028	2
8	17222029	17248977	0
8	17248978	17249915	1
8	17249916	17268377	0
8	17268378	17272088	2
8	17272089	17308025	0
8	17308026	17311803	1
8	17311804	17350320	0
8	17350321	17351250	2
8	17351251	17397240	0
8	17397241	17398157	1
8	17398158	17476337	0
8	17476338	17477253	1
8	17477254	17498326	0
8	17498327	17499273	1
8	17499274	17532915	0
8	17532916	17538948	2
8	17538949	17542808	0
8	17542809	17542909	1
8	17542910	17573837	0
8	17573838	17575538	1
8	17575539	17591402	0
8	17591403	17628996	2
8	17628997	17639770	0
8	17639771	17650391	1
8	17650392	17691071	0
8	17691072	17697933	2
8	17697934	17718548	0
8	17718549	17719477	2
8	17719478	17772737	0
8	17772738	17779311	2
8	17779312	17856654	0
8	17856655	17857919	2
8	17857920	17869298	0
8	17869299	17869453	1
8	17869454	17896081	0
8	17896082	17897019	1
8	17897020	17937021	0
8	17937022	17937962	2
8	17937963	17953994	0
8	17953995	17954923	2
8	17954924	17984344	0
8	17984345	17991374	2
8	17991375	18056416	0
8	18056417	18057339	2
8	18057340	18082700	0
8	18082701	18083656	2
8	18083657	18121940	0
8	18121941	18127295	1
8	18127296	18165408	0
8	18165409	18169487	1
8	18169488	18206549	0
8	18206550	18215778	1
8	18215779	18262246	0
8	18262247	18263241	2
8	18263242	18326447	0
8	18326448	18327385	1
8	18327386	18341271	0
8	18341272	18342509	2
8	18342510	18381143	0
8	18381144	18382138	2
8	18382139	18451225	0
8	18451226	18458150	2
8	18458151	18480692	0
8	18480693	18490689	2
8	18490690	18490795	3
8	18490796	18563153	2
8	18563154	18603073	0
8	18603074	18617943	2
8	18617944	18632273	0
8	18632274	18638706	2
8	18638707	18650191	0
8	18650192	18652730	1
8	18652731	18703218	0
8	18703219	18704177	1
8	18704178	18725212	0
8	18725213	18735774	1
8	18735775	18780963	0
8	18780964	18781928	2
8	18781929	18804862	0
8	18804863	18805791	2
8	18805792	18816940	0
8	18816941	18818183	2
8	18818184	18823701	0
8	18823702	18834757	2
8	18834758	18859886	0
8	18859887	18860848	1
8	18860849	18900526	0
8	18900527	18914440	1
8	18914441	18914459	0
8	18914460	18914475	2
8	18914476	18915499	3
8	18915500	18916546	1
8	18916547	18965269	0
8	18965270	18988323	1
8	18988324	18996583	0
8	18996584	19011406	1
8	19011407	19011515	3
8	19011516	19028837	1
8	19028838	19030766	0
8	19030767	19060935	1
8	19060936	19119943	0
8	19119944	19137279	2
8	19137280	19160350	0
8	19160351	19181613	1
8	19181614	19183605	3
8	19183606	19185215	2
8	19185216	19189371	0
8	19189372	19200783	2
8	19200784	19204473	0
8	19204474	19282115	1
8	19282116	19304569	0
8	19304570	19349851	1
8	19349852	19353189	0
8	19353190	19360460	2
8	19360461	19408331	0
8	19408332	19413617	2
8	19413618	19413969	3
8	19413970	19419923	1
8	19419924	19423959	0
8	19423960	19427936	2
8	19427937	19429641	0
8	19429642	19433806	1
8	19433807	19440609	0
8	19440610	19486657	1
8	19486658	19502625	0
8	19502626	19523572	1
8	19523573	19539591	0
8	19539592	19545606	2
8	19545607	19553643	0
8	19553644	19565436	2
8	19565437	19566073	0
8	19566074	19567169	2
8	19567170	19568598	0
8	19568599	19575586	2
8	19575587	19599996	0
8	19599997	19604545	1
8	19604546	19604914	0
8	19604915	19609847	1
8	19609848	19610464	0
8	19610465	19629150	1
8	19629151	19641882	0
8	19641883	19667042	1
8	19667043	19671936	0
8	19671937	19690807	1
8	19690808	19703288	0
8	19703289	19751959	2
8	19751960	19768373	0
8	19768374	19777860	1
8	19777861	19786661	0
8	19786662	19791793	1
8	19791794	19807764	0
8	19807765	19817015	2
8	19817016	19817319	3
8	19817320	19831390	1
8	19831391	19831864	0
8	19831865	19834672	1
8	19834673	19838578	0
8	19838579	19856480	1
8	19856481	19870886	0
8	19870887	19905340	2
8	19905341	19922458	0
8	19922459	19960348	2
8	19960349	19966334	0
8	19966335	19973835	2
8	19973836	19978398	0
8	19978399	20059890	2
8	20059891	20060155	3
8	20060156	20063675	1
8	20063676	20078637	0
8	20078638	20095694	2
8	20095695	20097252	0
8	20097253	20141153	2
8	20141154	20141948	3
8	20141949	20147687	2
8	20147688	20167715	0
8	20167716	20258973	2
8	20258974	20270039	0
8	20270040	20294578	2
8	20294579	20300317	0
8	20300318	20305308	1
8	20305309	20311674	0
8	20311675	20340898	1
8	20340899	20342087	0
8	20342088	20376460	1
8	20376461	20378486	3
8	20378487	20394550	1
8	20394551	20439292	0
8	20439293	20449183	1
8	20449184	20452090	0
8	20452091	20457826	1
8	20457827	20457907	0
8	20457908	20466560	2
8	20466561	20467069	0
8	20467070	20479472	2
8	20479473	20486676	0
8	20486677	20489209	2
8	20489210	20489676	0
8	20489677	20494255	1
8	20494256	20499122	0
8	20499123	20500413	2
8	20500414	20500844	0
8	20500845	20520469	1
8	20520470	20520896	0
8	20520897	20534497	1
8	20534498	20534878	0
8	20534879	20546490	2
8	20546491	20550199	0
8	20550200	20552849	1
8	20552850	20553034	3
8	20553035	20583639	1
8	20583640	20586561	0
8	20586562	20604862	1
8	20604863	20605581	0
8	20605582	20618388	1
8	20618389	20632336	0
8	20632337	20641096	2
8	20641097	20645334	0
8	20645335	20650577	1
8	20650578	20663983	0
8	20663984	20667927	1
8	20667928	20689500	0
8	20689501	20692555	1
8	20692556	20692583	2
8	20692584	20696309	0
8	20696310	20702853	2
8	20702854	20710459	0
8	20710460	20720244	2
8	20720245	20728438	0
8	20728439	20729670	2
8	20729671	20757582	0
8	20757583	20772661	1
8	20772662	20799462	0
8	20799463	20833543	1
8	20833544	20845113	0
8	20845114	20845248	1
8	20845249	20858226	0
8	20858227	20921242	1
8	20921243	20921525	3
8	20921526	20921536	1
8	20921537	20941360	2
8	20941361	20971067	3
8	20971068	21005173	1
8	21005174	21013942	0
8	21013943	21401605	2
8	21401606	21401687	3
8	21401688	21437928	2
8	21437929	21446758	0
8	21446759	21447117	2
8	21447118	21732223	0
8	21732224	21977254	2
8	21977255	22163825	0
8	22163826	22176070	2
8	22176071	22204315	0
8	22204316	22205822	1
8	22205823	22606944	0
8	22606945	22831556	2
8	22831557	22872064	0
8	22872065	22872186	2
8	22872187	22933161	0
8	22933162	23021749	1
8	23021750	23063113	0
8	23063114	23181796	1
8	23181797	23204505	0
8	23204506	23258173	1
8	23258174	23573377	0
8	23573378	23617872	1
8	23617873	23647762	0
8	23647763	23655502	1
8	23655503	23684983	0
8	23684984	23688481	1
8	23688482	23716028	0
8	23716029	23783241	2
8	23783242	23957253	0
8	23957254	24038683	2
8	24038684	24038816	3
8	24038817	24064338	2
8	24064339	24752833	0
8	24752834	24752894	2
8	24752895	25087545	0
8	25087546	25113393	2
8	25113394	25115460	0
8	25115461	25166781	1
8	25166782	25179163	0
8	25179164	25220902	1
8	25220903	25248568	0
8	25248569	25287171	1
8	25287172	25382271	0
8	25382272	25406412	1
8	25406413	25406498	0
8	25406499	25415259	2
8	25415260	25415442	3
8	25415443	25415443	2
8	25415444	25436983	1
8	25436984	25437121	0
8	25437122	25506371	2
8	25506372	25507055	0
8	25507056	25569353	1
8	25569354	25590240	0
8	25590241	25592462	2
8	25592463	25634547	0
8	25634548	25634603	1
8	25634604	25712642	0
8	25712643	25758552	2
8	25758553	25814903	0
8	25814904	25820668	2
8	25820669	26192839	0
8	26192840	27300618	2
8	27300619	27377771	0
8	27377772	28366593	1
8	28366594	28829884	0
8	28829885	28867059	2
8	28867060	29307863	0
8	29307864	29331247	1
8	29331248	29349112	0
8	29349113	29368402	2
8	29368403	29384199	0
8	29384200	29384394	2
8	29384395	29466350	0
8	29466351	29518161	2
8	29518162	29540809	0
8	29540810	29581515	1
8	29581516	29599228	0
8	29599229	29661853	1
8	29661854	29714678	0
8	29714679	29714774	1
8	29714775	29715359	0
8	29715360	29715465	1
8	29715466	29724243	0
8	29724244	29733441	2
8	29733442	29733848	3
8	29733849	29826078	2
8	29826079	29831810	0
8	29831811	29863357	2
8	29863358	29865276	0
8	29865277	29905606	1
8	29905607	29906088	3
8	29906089	29910451	1
8	29910452	29911088	0
8	29911089	29977777	2
8	29977778	29989296	0
8	29989297	29991025	1
8	29991026	30251130	0
8	30251131	30319011	1
8	30319012	30362270	0
8	30362271	30366043	1
8	30366044	30393016	0
8	30393017	30409868	1
8	30409869	30421513	0
8	30421514	30634323	2
8	30634324	30634688	3
8	30634689	30678452	2
8	30678453	30724923	0
8	30724924	30753516	1
8	30753517	30753615	0
8	30753616	30773598	2
8	30773599	30773728	3
8	30773729	30813794	2
8	30813795	30832751	0
8	30832752	30950431	1
8	30950432	31045943	0
8	31045944	31168008	2
8	31168009	32301968	0
8	32301969	32302099	2
8	32302100	32862774	0
8	32862775	33405674	2
8	33405675	33415669	0
8	33415670	33426594	1
8	33426595	33427294	3
8	33427295	33492474	1
8	33492475	33492614	3
8	33492615	33524387	1
8	33524388	33524479	0
8	33524480	33527916	2
8	33527917	33531723	0
8	33531724	33547430	1
8	33547431	33551011	0
8	33551012	33560190	1
8	33560191	33560346	0
8	33560347	33566468	2
8	33566469	33566667	0
8	33566668	33617268	1
8	33617269	33617377	0
8	33617378	33626871	2
8	33626872	33760726	0
8	33760727	33775127	1
8	33775128	33806181	0
8	33806182	33859031	2
8	33859032	33862922	0
8	33862923	33872113	1
8	33872114	33894230	0
8	33894231	33911355	1
8	33911356	33918712	3
8	33918713	33921762	1
8	33921763	33966926	0
8	33966927	33969664	1
8	33969665	33988810	0
8	33988811	33991550	1
8	33991551	34014162	0
8	34014163	34016173	1
8	34016174	34024112	0
8	34024113	34048615	2
8	34048616	34050515	3
8	34050516	34050846	1
8	34050847	34082993	0
8	34082994	34084224	2
8	34084225	34131147	0
8	34131148	34132516	1
8	34132517	34141312	0
8	34141313	34143092	1
8	34143093	34172748	0
8	34172749	34178389	1
8	34178390	34188730	0
8	34188731	34199144	1
8	34199145	34233001	0
8	34233002	34234090	1
8	34234091	34317551	0
8	34317552	34319162	1
8	34319163	34457657	0
8	34457658	34459267	1
8	34459268	34521397	0
8	34521398	34521493	1
8	34521494	34672532	0
8	34672533	34676386	1
8	34676387	34684178	0
8	34684179	34715463	2
8	34715464	34763998	0
8	34763999	34765385	2
8	34765386	34883768	0
8	34883769	34916781	1
8	34916782	34974271	0
8	34974272	35017969	2
8	35017970	35327131	0
8	35327132	35327225	1
8	35327226	35336762	0
8	35336763	35340343	1
8	35340344	35454676	0
8	35454677	35454772	1
8	35454773	35475860	0
8	35475861	35475954	1
8	35475955	35485516	0
8	35485517	35489101	1
8	35489102	35719382	0
8	35719383	35719478	1
8	35719479	35750480	0
8	35750481	35754069	1
8	35754070	35946119	0
8	35946120	35946211	1
8	35946212	35953352	0
8	35953353	35959468	1
8	35959469	36072199	0
8	36072200	36099642	2
8	36099643	36133952	0
8	36133953	36135517	1
8	36135518	36157432	0
8	36157433	36157538	1
8	36157539	36235381	0
8	36235382	36238224	2
8	36238225	36301997	0
8	36301998	36304840	1
8	36304841	36404392	0
8	36404393	36420567	2
8	36420568	36424957	3
8	36424958	36441007	1
8	36441008	36446786	0
8	36446787	36483291	1
8	36483292	36494287	0
8	36494288	36510569	1
8	36510570	36544533	0
8	36544534	36589681	2
8	36589682	36600634	0
8	36600635	36790938	1
8	36790939	36924583	0
8	36924584	36939925	2
8	36939926	36946928	0
8	36946929	36971480	1
8	36971481	36998865	0
8	36998866	37068917	1
8	37068918	37087855	0
8	37087856	37105918	2
8	37105919	37119986	0
8	37119987	37132517	2
8	37132518	37133914	0
8	37133915	37151313	1
8	37151314	37200258	0
8	37200259	37234474	2
8	37234475	37238285	0
8	37238286	37249213	2
8	37249214	37250105	0
8	37250106	37255148	2
8	37255149	37256928	0
8	37256929	37257514	1
8	37257515	37307555	0
8	37307556	37318637	1
8	37318638	37318745	0
8	37318746	37353994	2
8	37353995	37354656	0
8	37354657	37362928	1
8	37362929	37366860	0
8	37366861	37377638	1
8	37377639	37434549	0
8	37434550	37439744	1
8	37439745	37462066	0
8	37462067	37462995	1
8	37462996	37478792	0
8	37478793	37481313	2
8	37481314	37495620	0
8	37495621	37496552	2
8	37496553	37522929	0
8	37522930	37525470	2
8	37525471	37552109	0
8	37552110	37553041	2
8	37553042	37574529	0
8	37574530	37576993	2
8	37576994	37588757	0
8	37588758	37589692	2
8	37589693	37605978	0
8	37605979	37606176	1
8	37606177	37651008	0
8	37651009	37653324	2
8	37653325	37693497	0
8	37693498	37694545	2
8	37694546	37757596	0
8	37757597	37759421	2
8	37759422	37798123	0
8	37798124	37799067	2
8	37799068	37814772	0
8	37814773	37815503	2
8	37815504	37834068	0
8	37834069	37834994	2
8	37834995	37894295	0
8	37894296	37895225	2
8	37895226	37901899	0
8	37901900	37902827	2
8	37902828	37955691	0
8	37955692	37964138	2
8	37964139	37993665	0
8	37993666	37994609	2
8	37994610	38008330	0
8	38008331	38013510	2
8	38013511	38040415	0
8	38040416	38041344	2
8	38041345	38113586	0
8	38113587	38130685	1
8	38130686	38167229	0
8	38167230	38192618	1
8	38192619	38195462	0
8	38195463	38209306	2
8	38209307	38213395	0
8	38213396	38216100	1
8	38216101	38216246	0
8	38216247	38216820	1
8	38216821	38218384	3
8	38218385	38251090	1
8	38251091	38251110	3
8	38251111	38262498	1
8	38262499	38273883	2
8	38273884	38283272	0
8	38283273	38285935	1
8	38285936	38302855	0
8	38302856	38303787	2
8	38303788	38310839	0
8	38310840	38323727	2
8	38323728	38328878	0
8	38328879	38329819	2
8	38329820	38341543	0
8	38341544	38342481	2
8	38342482	38358720	0
8	38358721	38359661	2
8	38359662	38377400	0
8	38377401	38378647	2
8	38378648	38392106	0
8	38392107	38394067	2
8	38394068	38406866	0
8	38406867	38407807	2
8	38407808	38414770	0
8	38414771	38415708	2
8	38415709	38421973	0
8	38421974	38423410	2
8	38423411	38451347	0
8	38451348	38452288	2
8	38452289	38454738	0
8	38454739	38472967	2
8	38472968	38482015	0
8	38482016	38482965	2
8	38482966	38485038	0
8	38485039	38488413	2
8	38488414	38499011	0
8	38499012	38499952	2
8	38499953	38510553	0
8	38510554	38511503	2
8	38511504	38520756	0
8	38520757	38522934	2
8	38522935	38532875	0
8	38532876	38536212	2
8	38536213	38546833	0
8	38546834	38551843	2
8	38551844	38559788	0
8	38559789	38560717	2
8	38560718	38564953	0
8	38564954	38565885	2
8	38565886	38572435	0
8	38572436	38573367	2
8	38573368	38583922	0
8	38583923	38589182	2
8	38589183	38607766	0
8	38607767	38609728	2
8	38609729	38615793	0
8	38615794	38621826	2
8	38621827	38640492	0
8	38640493	38644145	2
8	38644146	38651798	0
8	38651799	38654888	2
8	38654889	38675905	0
8	38675906	38678895	2
8	38678896	38690185	0
8	38690186	38692732	2
8	38692733	38709476	0
8	38709477	38710408	2
8	38710409	38748549	0
8	38748550	38749481	1
8	38749482	38752533	0
8	38752534	38755362	1
8	38755363	38761431	0
8	38761432	38761837	1
8	38761838	38779797	0
8	38779798	38784727	2
8	38784728	38802174	0
8	38802175	38808503	1
8	38808504	38815208	0
8	38815209	38839110	2
8	38839111	38882350	0
8	38882351	38887669	2
8	38887670	38920625	0
8	38920626	38923074	2
8	38923075	38950204	0
8	38950205	38953200	2
8	38953201	38988213	0
8	38988214	38995220	2
8	38995221	39031078	0
8	39031079	39034124	2
8	39034125	39043353	0
8	39043354	39045479	2
8	39045480	39056195	0
8	39056196	39057148	2
8	39057149	39078276	0
8	39078277	39079164	2
8	39079165	39127350	0
8	39127351	39131898	2
8	39131899	39138069	0
8	39138070	39138890	2
8	39138891	39143723	0
8	39143724	39144658	1
8	39144659	39161813	0
8	39161814	39162745	1
8	39162746	39180077	0
8	39180078	39184718	1
8	39184719	39216237	0
8	39216238	39219519	1
8	39219520	39227880	0
8	39227881	39234497	1
8	39234498	39262203	0
8	39262204	39263150	1
8	39263151	39282323	0
8	39282324	39292363	1
8	39292364	39301087	0
8	39301088	39301648	2
8	39301649	39381769	0
8	39381770	39390596	1
8	39390597	39409872	0
8	39409873	39417176	1
8	39417177	39478548	0
8	39478549	39491357	1
8	39491358	39517232	0
8	39517233	39526495	1
8	39526496	39531454	0
8	39531455	39543610	1
8	39543611	39575964	0
8	39575965	39576875	1
8	39576876	39589475	0
8	39589476	39597764	1
8	39597765	39613124	0
8	39613125	39618922	1
8	39618923	39628059	0
8	39628060	39644408	1
8	39644409	39656671	0
8	39656672	39665566	1
8	39665567	39721296	0
8	39721297	39730077	1
8	39730078	39746918	0
8	39746919	39754723	1
8	39754724	39763145	0
8	39763146	39764071	1
8	39764072	39789102	0
8	39789103	39790037	1
8	39790038	39803765	0
8	39803766	39804718	1
8	39804719	39837659	0
8	39837660	39838597	1
8	39838598	39855586	0
8	39855587	39861685	1
8	39861686	39870561	0
8	39870562	39893185	1
8	39893186	39898249	0
8	39898250	39904997	2
8	39904998	39909330	0
8	39909331	39910280	2
8	39910281	39938656	0
8	39938657	39942981	2
8	39942982	39966830	0
8	39966831	39967765	2
8	39967766	39970726	0
8	39970727	39970787	1
8	39970788	40001059	0
8	40001060	40010270	1
8	40010271	40028222	0
8	40028223	40029157	1
8	40029158	40038716	0
8	40038717	40039381	1
8	40039382	40065152	0
8	40065153	40073625	2
8	40073626	40095184	0
8	40095185	40096122	2
8	40096123	40111617	0
8	40111618	40112555	2
8	40112556	40121028	0
8	40121029	40134620	2
8	40134621	40149343	0
8	40149344	40150275	2
8	40150276	40165252	0
8	40165253	40166187	2
8	40166188	40176014	0
8	40176015	40181566	2
8	40181567	40205062	0
8	40205063	40210834	2
8	40210835	40223810	0
8	40223811	40227608	2
8	40227609	40234748	0
8	40234749	40239108	2
8	40239109	40247461	0
8	40247462	40252907	2
8	40252908	40267948	0
8	40267949	40268871	2
8	40268872	40281293	0
8	40281294	40286973	2
8	40286974	40299560	0
8	40299561	40300237	1
8	40300238	40307105	0
8	40307106	40308042	1
8	40308043	40319648	0
8	40319649	40320586	1
8	40320587	40339500	0
8	40339501	40340435	2
8	40340436	40352434	0
8	40352435	40353369	1
8	40353370	40357712	0
8	40357713	40361690	1
8	40361691	40367842	0
8	40367843	40368774	2
8	40368775	40377101	0
8	40377102	40378066	2
8	40378067	40412354	0
8	40412355	40413301	1
8	40413302	40423863	0
8	40423864	40424807	1
8	40424808	40469995	0
8	40469996	40470930	1
8	40470931	40497481	0
8	40497482	40500039	2
8	40500040	40533031	0
8	40533032	40541584	2
8	40541585	40542699	0
8	40542700	40563116	2
8	40563117	40630453	0
8	40630454	40652866	2
8	40652867	40654149	0
8	40654150	40657022	1
8	40657023	40659180	0
8	40659181	40893923	1
8	40893924	40975819	0
8	40975820	40977101	2
8	40977102	41060797	0
8	41060798	41168836	2
8	41168837	41183262	0
8	41183263	41187257	2
8	41187258	41244983	0
8	41244984	41245394	1
8	41245395	41254103	0
8	41254104	41257859	2
8	41257860	41276489	0
8	41276490	41333512	1
8	41333513	41340835	0
8	41340836	41377341	1
8	41377342	41388339	0
8	41388340	41532199	1
8	41532200	41698710	0
8	41698711	41717581	2
8	41717582	41755486	0
8	41755487	41878574	2
8	41878575	41886461	3
8	41886462	41902909	2
8	41902910	41908121	0
8	41908122	41908234	1
8	41908235	41950985	0
8	41950986	41961197	2
8	41961198	41961955	0
8	41961956	41963832	1
8	41963833	42341702	0
8	42341703	42504511	1
8	42504512	42629650	0
8	42629651	42631145	2
8	42631146	42632670	0
8	42632671	42641271	1
8	42641272	42670999	0
8	42671000	42695490	2
8	42695491	42695618	3
8	42695619	42704944	2
8	42704945	42707960	0
8	42707961	42779705	1
8	42779706	42796728	0
8	42796729	42854550	1
8	42854551	42905054	0
8	42905055	43193749	1
8	43193750	43350706	0
8	43350707	43352904	1
8	43352905	43353797	0
8	43353798	43476364	1
8	43476365	43479014	0
8	43479015	43486288	1
8	43486289	43495525	0
8	43495526	43577793	1
8	43577794	43594361	0
8	43594362	43612332	1
8	43612333	43682219	0
8	43682220	43706990	2
8	43706991	44101774	0
8	44101775	44189785	2
8	44189786	44259652	0
8	44259653	44259755	1
8	44259756	44389511	0
8	44389512	44394657	2
8	44394658	44411605	0
8	44411606	44438329	2
8	44438330	44445695	0
8	44445696	44450857	2
8	44450858	44451152	0
8	44451153	44453072	2
8	44453073	44454290	0
8	44454291	44455755	2
8	44455756	44456743	3
8	44456744	44457329	2
8	44457330	44479374	0
8	44479375	44487569	2
8	44487570	44487827	0
8	44487828	44489118	2
8	44489119	44489408	0
8	44489409	44571174	1
8	44571175	44571407	0
8	44571408	44574864	2
8	44574865	44577834	0
8	44577835	44584336	2
8	44584337	44584388	0
8	44584389	44588858	1
8	44588859	44590046	0
8	44590047	44606482	1
8	44606483	44611185	0
8	44611186	44626879	1
8	44626880	44630916	0
8	44630917	44633276	2
8	44633277	44634331	0
8	44634332	44640998	1
8	44640999	44648077	0
8	44648078	44658338	1
8	44658339	44664069	0
8	44664070	44671085	2
8	44671086	44671784	0
8	44671785	44673237	2
8	44673238	44673552	0
8	44673553	44680955	1
8	44680956	44684125	0
8	44684126	44698566	1
8	44698567	44706261	0
8	44706262	44718184	2
8	44718185	44723337	0
8	44723338	44725329	2
8	44725330	44729299	3
8	44729300	44733027	1
8	44733028	44733489	3
8	44733490	44735970	2
8	44735971	44737269	3
8	44737270	44742835	1
8	44742836	44760946	0
8	44760947	44768878	1
8	44768879	44779196	0
8	44779197	44781188	1
8	44781189	44808138	0
8	44808139	44808494	1
8	44808495	44811975	0
8	44811976	44840609	2
8	44840610	44841019	0
8	44841020	44842091	1
8	44842092	44843411	0
8	44843412	44857891	1
8	44857892	44931972	0
8	44931973	44964403	2
8	44964404	44964803	0
8	44964804	44967716	2
8	44967717	44990180	0
8	44990181	45003536	2
8	45003537	45003538	3
8	45003539	45051520	1
8	45051521	45057617	0
8	45057618	45082245	1
8	45082246	45087438	0
8	45087439	45104050	2
8	45104051	45107119	0
8	45107120	45116387	1
8	45116388	45118812	0
8	45118813	45169296	1
8	45169297	45169486	3
8	45169487	45193179	1
8	45193180	45208158	0
8	45208159	45208281	2
8	45208282	45225684	0
8	45225685	45233557	1
8	45233558	45236024	0
8	45236025	45278036	1
8	45278037	45281202	0
8	45281203	45287145	1
8	45287146	45288747	0
8	45288748	45301807	2
8	45301808	45303850	0
8	45303851	45315020	1
8	45315021	45348283	0
8	45348284	45375145	2
8	45375146	45375276	3
8	45375277	45380660	2
8	45380661	45383493	0
8	45383494	45416563	2
8	45416564	45425627	0
8	45425628	45437763	2
8	45437764	45446213	0
8	45446214	45462290	2
8	45462291	45476051	0
8	45476052	45508407	1
8	45508408	45557002	0
8	45557003	45558942	2
8	45558943	45563135	0
8	45563136	45578059	1
8	45578060	45625624	0
8	45625625	45653936	2
8	45653937	45678883	0
8	45678884	45705956	2
8	45705957	45712901	0
8	45712902	45720201	2
8	45720202	45740296	0
8	45740297	46057318	2
8	46057319	46071074	0
8	46071075	46134334	1
8	46134335	46142114	0
8	46142115	46165874	2
8	46165875	46166596	0
8	46166597	46201574	1
8	46201575	46202129	0
8	46202130	46222470	2
8	46222471	46224703	3
8	46224704	46230666	1
8	46230667	46232381	0
8	46232382	46248698	1
8	46248699	46261062	0
8	46261063	46279313	1
8	46279314	46279831	3
8	46279832	46288368	2
8	46288369	46311987	0
8	46311988	46522442	2
8	46522443	46527142	0
8	46527143	46529033	2
8	46529034	46531476	0
8	46531477	46533581	1
8	46533582	46539080	0
8	46539081	46540730	2
8	46540731	46541467	3
8	46541468	46542184	1
8	46542185	46561227	0
8	46561228	46563814	2
8	46563815	46565144	0
8	46565145	46574717	2
8	46574718	46575113	0
8	46575114	46590956	2
8	46590957	46595310	0
8	46595311	46606875	1
8	46606876	46607129	3
8	46607130	46610568	1
8	46610569	46871918	0
8	46871919	46872033	2
8	46872034	47345456	0
8	47345457	47345562	1
8	47345563	47717518	0
8	47717519	47717647	2
8	47717648	47847323	0
8	47847324	48182831	2
8	48182832	48502693	0
8	48502694	48502704	1
8	48502705	48558867	3
8	48558868	48590154	1
8	48590155	48590175	2
8	48590176	48661706	0
8	48661707	48698033	1
8	48698034	48722438	0
8	48722439	48744098	2
8	48744099	48751012	0
8	48751013	48785351	2
8	48785352	48811898	0
8	48811899	48823620	1
8	48823621	48831892	0
8	48831893	48838098	1
8	48838099	48838310	3
8	48838311	48838409	1
8	48838410	48842268	2
8	48842269	48933596	0
8	48933597	48946653	1
8	48946654	48994564	0
8	48994565	49177009	1
8	49177010	49242018	0
8	49242019	49254387	1
8	49254388	49279171	0
8	49279172	49308442	1
8	49308443	49325865	0
8	49325866	49386227	2
8	49386228	49391973	0
8	49391974	49392662	1
8	49392663	49396543	0
8	49396544	49421803	2
8	49421804	49441982	0
8	49441983	49460069	2
8	49460070	49574618	0
8	49574619	49574707	2
8	49574708	49708925	0
8	49708926	49772873	2
8	49772874	49779860	0
8	49779861	49788022	1
8	49788023	49799918	0
8	49799919	49847085	1
8	49847086	49847618	0
8	49847619	49849410	2
8	49849411	49865631	0
8	49865632	50166012	1
8	50166013	50532098	0
8	50532099	50532246	1
8	50532247	50841852	0
8	50841853	50853657	2
8	50853658	50870839	0
8	50870840	50877867	1
8	50877868	50882179	0
8	50882180	50906958	1
8	50906959	50907205	3
8	50907206	50915465	1
8	50915466	50932885	2
8	50932886	50944702	0
8	50944703	50954236	1
8	50954237	50954340	0
8	50954341	50955652	2
8	50955653	50955726	3
8	50955727	50955727	2
8	50955728	50966828	1
8	50966829	50966883	0
8	50966884	50975654	2
8	50975655	50978049	0
8	50978050	51004477	1
8	51004478	51007836	0
8	51007837	51081088	1
8	51081089	51081340	0
8	51081341	51093439	1
8	51093440	51094483	3
8	51094484	51094531	1
8	51094532	51099155	2
8	51099156	51107719	0
8	51107720	51113395	1
8	51113396	51113418	3
8	51113419	51118306	2
8	51118307	51119363	0
8	51119364	51182259	2
8	51182260	51186715	0
8	51186716	51225541	2
8	51225542	51228422	3
8	51228423	51228483	2
8	51228484	51325413	1
8	51325414	51327253	0
8	51327254	51327385	1
8	51327386	51367089	0
8	51367090	51384328	1
8	51384329	51388380	0
8	51388381	51412512	1
8	51412513	51422059	0
8	51422060	51425794	2
8	51425795	51433556	0
8	51433557	51463333	1
8	51463334	51474013	0
8	51474014	51548817	2
8	51548818	51588235	0
8	51588236	51603853	1
8	51603854	51607761	0
8	51607762	51648626	1
8	51648627	52030655	0
8	52030656	52030793	1
8	52030794	52074156	0
8	52074157	52155737	2
8	52155738	52268534	0
8	52268535	52287412	1
8	52287413	52379492	0
8	52379493	52437676	2
8	52437677	52437942	0
8	52437943	52438032	1
8	52438033	52448318	0
8	52448319	52504313	1
8	52504314	52647613	0
8	52647614	52647742	2
8	52647743	53062358	0
8	53062359	53069536	1
8	53069537	53139542	0
8	53139543	53139651	2
8	53139652	53344628	0
8	53344629	53345364	1
8	53345365	53488654	0
8	53488655	53643371	1
8	53643372	53698850	0
8	53698851	53773167	2
8	53773168	53777783	0
8	53777784	53795397	2
8	53795398	53796364	0
8	53796365	53824746	2
8	53824747	53831091	0
8	53831092	53932435	1
8	53932436	53932991	0
8	53932992	53970873	2
8	53970874	53979811	0
8	53979812	54008853	1
8	54008854	54016004	0
8	54016005	54042728	1
8	54042729	54042856	3
8	54042857	54066664	1
8	54066665	54088127	0
8	54088128	54106481	1
8	54106482	54159968	0
8	54159969	54203610	2
8	54203611	54243540	0
8	54243541	54247789	2
8	54247790	54298361	0
8	54298362	54355138	1
8	54355139	54414455	0
8	54414456	54429007	1
8	54429008	54429147	3
8	54429148	54500077	1
8	54500078	54553163	0
8	54553164	54580756	1
8	54580757	54679117	0
8	54679118	54686445	2
8	54686446	54686525	3
8	54686526	54723194	2
8	54723195	54741158	0
8	54741159	54874689	1
8	54874690	54875944	3
8	54875945	54885159	1
8	54885160	54918404	0
8	54918405	54929724	2
8	54929725	54971738	0
8	54971739	54991082	2
8	54991083	54991294	0
8	54991295	55047389	1
8	55047390	55085462	0
8	55085463	55101205	2
8	55101206	55103543	0
8	55103544	55120811	1
8	55120812	55151186	0
8	55151187	55151283	1
8	55151284	55152441	3
8	55152442	55159358	2
8	55159359	55228083	0
8	55228084	55311609	2
8	55311610	55315967	0
8	55315968	55337337	2
8	55337338	55340384	0
8	55340385	55347888	2
8	55347889	55369792	0
8	55369793	55398144	2
8	55398145	55401700	0
8	55401701	55415163	1
8	55415164	55418311	0
8	55418312	55437025	1
8	55437026	55519145	0
8	55519146	55577210	2
8	55577211	55579889	0
8	55579890	55592891	2
8	55592892	55596146	3
8	55596147	55677481	1
8	55677482	55695512	0
8	55695513	55696788	2
8	55696789	55707120	0
8	55707121	55820690	2
8	55820691	55835132	0
8	55835133	55891967	1
8	55891968	55904377	0
8	55904378	55904637	1
8	55904638	55923803	0
8	55923804	55928788	2
8	55928789	55933304	0
8	55933305	56332120	1
8	56332121	56346633	0
8	56346634	56357314	1
8	56357315	56358257	3
8	56358258	56413488	1
8	56413489	56421823	0
8	56421824	56422275	1
8	56422276	56440608	0
8	56440609	56441890	2
8	56441891	56449204	0
8	56449205	56466249	2
8	56466250	56490435	0
8	56490436	56491270	1
8	56491271	56499588	0
8	56499589	56538578	2
8	56538579	56546067	0
8	56546068	56569878	1
8	56569879	56609013	0
8	56609014	56819094	1
8	56819095	56819657	0
8	56819658	56895654	2
8	56895655	57010005	0
8	57010006	57196542	1
8	57196543	57248744	0
8	57248745	57264960	1
8	57264961	57281002	3
8	57281003	57300008	2
8	57300009	57317159	0
8	57317160	57327536	1
8	57327537	57336461	0
8	57336462	57336924	2
8	57336925	57339494	0
8	57339495	57340412	2
8	57340413	57348128	0
8	57348129	57380910	2
8	57380911	57391257	0
8	57391258	57470950	2
8	57470951	57481571	0
8	57481572	57536190	2
8	57536191	57537319	0
8	57537320	57549688	2
8	57549689	57550145	0
8	57550146	57556256	1
8	57556257	57560409	0
8	57560410	57560965	2
8	57560966	57563407	0
8	57563408	57565156	1
8	57565157	57566234	0
8	57566235	57569758	1
8	57569759	57633838	0
8	57633839	57642858	2
8	57642859	57645754	0
8	57645755	57655939	1
8	57655940	57815193	0
8	57815194	57907350	1
8	57907351	57908730	3
8	57908731	57909695	1
8	57909696	57913139	3
8	57913140	57922288	1
8	57922289	57932076	3
8	57932077	57941292	1
8	57941293	57946904	3
8	57946905	57965629	1
8	57965630	57992240	3
8	57992241	57992721	1
8	57992722	57999465	3
8	57999466	58000568	1
8	58000569	58003533	0
8	58003534	58010295	1
8	58010296	58010837	0
8	58010838	58023679	1
8	58023680	58029747	0
8	58029748	58048290	1
8	58048291	58049226	0
8	58049227	58051545	2
8	58051546	58075365	0
8	58075366	58082310	1
8	58082311	58096075	0
8	58096076	58102123	2
8	58102124	58106173	0
8	58106174	58108976	2
8	58108977	58109082	3
8	58109083	58151669	2
8	58151670	58152153	0
8	58152154	58168179	1
8	58168180	58170916	0
8	58170917	58191453	2
8	58191454	58193416	0
8	58193417	58238316	1
8	58238317	58320864	0
8	58320865	58340342	2
8	58340343	58348446	0
8	58348447	58370534	2
8	58370535	58404667	0
8	58404668	58434336	2
8	58434337	58435659	0
8	58435660	58534368	1
8	58534369	58549734	0
8	58549735	58568858	2
8	58568859	58570775	0
8	58570776	58574128	1
8	58574129	58608707	0
8	58608708	58614648	1
8	58614649	58628835	0
8	58628836	58658969	1
8	58658970	58661990	0
8	58661991	58669858	2
8	58669859	58692591	0
8	58692592	58714916	1
8	58714917	58716354	3
8	58716355	58745981	2
8	58745982	58761561	0
8	58761562	58773709	1
8	58773710	58852909	0
8	58852910	58853188	2
8	58853189	58904151	0
8	58904152	58914841	2
8	58914842	58937749	0
8	58937750	58968378	1
8	58968379	58996885	0
8	58996886	59063350	2
8	59063351	59063395	3
8	59063396	59063399	2
8	59063400	59149885	1
8	59149886	59195352	0
8	59195353	59206052	1
8	59206053	59221651	0
8	59221652	59259637	2
8	59259638	59272062	0
8	59272063	59274910	2
8	59274911	59275567	0
8	59275568	59430346	1
8	59430347	59699386	0
8	59699387	59727349	2
8	59727350	59728731	0
8	59728732	59731276	2
8	59731277	59731910	0
8	59731911	59765605	1
8	59765606	59777377	0
8	59777378	59880243	1
8	59880244	59910822	0
8	59910823	59916607	1
8	59916608	59922948	0
8	59922949	59923075	2
8	59923076	59936658	0
8	59936659	59962011	2
8	59962012	59975086	0
8	59975087	60005039	2
8	60005040	60016875	0
8	60016876	60049106	2
8	60049107	60054211	0
8	60054212	60054385	2
8	60054386	60057400	0
8	60057401	60079597	2
8	60079598	60080336	0
8	60080337	60115840	2
8	60115841	60121712	0
8	60121713	60148926	1
8	60148927	60149232	0
8	60149233	60350512	2
8	60350513	60366122	0
8	60366123	60373161	1
8	60373162	60386873	0
8	60386874	60881360	1
8	60881361	60881485	3
8	60881486	61024993	1
8	61024994	61053265	0
8	61053266	61160848	1
8	61160849	61184114	0
8	61184115	61205533	2
8	61205534	61259475	0
8	61259476	61347787	2
8	61347788	61858198	0
8	61858199	61903491	2
8	61903492	62334820	0
8	62334821	62335831	2
8	62335832	62393175	0
8	62393176	62395337	1
8	62395338	62397946	0
8	62397947	62425070	1
8	62425071	62431865	0
8	62431866	62513686	1
8	62513687	62546105	0
8	62546106	62612038	1
8	62612039	62727643	0
8	62727644	62729574	1
8	62729575	62751295	0
8	62751296	62766716	1
8	62766717	62827454	0
8	62827455	62865441	2
8	62865442	62906865	0
8	62906866	63007634	1
8	63007635	63007740	3
8	63007741	63017300	1
8	63017301	63121331	0
8	63121332	63139300	2
8	63139301	63145999	0
8	63146000	63254405	2
8	63254406	63261088	0
8	63261089	63264969	1
8	63264970	63265299	0
8	63265300	63278575	1
8	63278576	63303027	0
8	63303028	63318358	2
8	63318359	63323349	0
8	63323350	63335232	2
8	63335233	63338148	0
8	63338149	63438903	1
8	63438904	63475261	0
8	63475262	63475367	2
8	63475368	63489529	0
8	63489530	63489657	2
8	63489658	63594038	0
8	63594039	63594144	2
8	63594145	63599163	0
8	63599164	63607754	1
8	63607755	63625219	0
8	63625220	63776400	1
8	63776401	63777521	3
8	63777522	63851981	1
8	63851982	63868123	0
8	63868124	63872749	1
8	63872750	63872964	0
8	63872965	63885240	2
8	63885241	63892368	0
8	63892369	64083221	1
8	64083222	64083378	0
8	64083379	64110037	2
8	64110038	64121898	3
8	64121899	64236958	1
8	64236959	64450112	0
8	64450113	64519761	1
8	64519762	64618348	0
8	64618349	64637670	2
8	64637671	64639355	3
8	64639356	64645665	1
8	64645666	64645815	3
8	64645816	64671158	1
8	64671159	64675914	3
8	64675915	64676304	2
8	64676305	64677203	0
8	64677204	64681962	2
8	64681963	64683447	0
8	64683448	64755145	1
8	64755146	64780826	0
8	64780827	64801350	2
8	64801351	64803925	0
8	64803926	64840163	1
8	64840164	64892385	0
8	64892386	65216059	2
8	65216060	65222947	0
8	65222948	65246523	1
8	65246524	65266166	0
8	65266167	65266562	2
8	65266563	65322939	0
8	65322940	65392313	2
8	65392314	65392440	3
8	65392441	65436328	2
8	65436329	65440728	0
8	65440729	65465999	1
8	65466000	65475908	0
8	65475909	65500802	2
8	65500803	65501238	0
8	65501239	65538505	1
8	65538506	65550675	0
8	65550676	65605823	2
8	65605824	65621895	0
8	65621896	65657646	2
8	65657647	65661194	0
8	65661195	65707957	2
8	65707958	65717510	0
8	65717511	65717625	1
8	65717626	65720874	0
8	65720875	65720989	1
8	65720990	65727704	0
8	65727705	65749431	2
8	65749432	65777279	0
8	65777280	65792249	2
8	65792250	65805509	0
8	65805510	65845080	2
8	65845081	65862385	0
8	65862386	65877331	2
8	65877332	65884727	0
8	65884728	65897591	2
8	65897592	65910182	0
8	65910183	65910523	1
8	65910524	65917838	0
8	65917839	65931888	2
8	65931889	65932739	3
8	65932740	65940143	1
8	65940144	65953765	0
8	65953766	65971839	2
8	65971840	65980960	0
8	65980961	66008534	2
8	66008535	66017771	0
8	66017772	66042649	1
8	66042650	66078446	0
8	66078447	66105264	1
8	66105265	66111070	0
8	66111071	66120198	2
8	66120199	66153591	0
8	66153592	66184266	2
8	66184267	66196010	0
8	66196011	66199591	1
8	66199592	66199704	0
8	66199705	66214553	2
8	66214554	66231451	3
8	66231452	66317975	1
8	66317976	66353246	0
8	66353247	66420585	1
8	66420586	66425783	3
8	66425784	66439772	1
8	66439773	66439862	0
8	66439863	66478031	2
8	66478032	66478160	3
8	66478161	66572824	2
8	66572825	66603859	0
8	66603860	66609968	2
8	66609969	66612848	3
8	66612849	66630084	2
8	66630085	66630426	3
8	66630427	66670358	1
8	66670359	66670481	0
8	66670482	66682453	2
8	66682454	66706607	0
8	66706608	66825565	2
8	66825566	66856933	0
8	66856934	67069996	2
8	67069997	67070310	3
8	67070311	67076683	1
8	67076684	67079925	0
8	67079926	67154109	1
8	67154110	67274357	0
8	67274358	67330438	2
8	67330439	67341832	0
8	67341833	67363862	1
8	67363863	67378343	0
8	67378344	67414715	1
8	67414716	67429196	0
8	67429197	67450241	1
8	67450242	67458921	0
8	67458922	67536382	1
8	67536383	67562481	0
8	67562482	67567416	2
8	67567417	67571498	0
8	67571499	67587537	1
8	67587538	67595716	0
8	67595717	67595824	1
8	67595825	67624917	0
8	67624918	67631928	2
8	67631929	67635477	0
8	67635478	67662800	1
8	67662801	67834324	0
8	67834325	68252217	1
8	68252218	68333688	0
8	68333689	68341382	1
8	68341383	68347559	0
8	68347560	68374001	1
8	68374002	68374364	3
8	68374365	68384717	2
8	68384718	68384845	0
8	68384846	68396326	2
8	68396327	68466662	0
8	68466663	68470029	1
8	68470030	68478393	0
8	68478394	68651893	2
8	68651894	69301731	0
8	69301732	70025929	2
8	70025930	70033347	0
8	70033348	70033610	1
8	70033611	70034678	3
8	70034679	70034734	1
8	70034735	70043422	0
8	70043423	70084993	2
8	70084994	70105251	0
8	70105252	70141656	2
8	70141657	70245430	0
8	70245431	70245524	2
8	70245525	70408184	0
8	70408185	70409779	1
8	70409780	70640443	0
8	70640444	70675588	2
8	70675589	70686842	0
8	70686843	70699560	1
8	70699561	70763612	0
8	70763613	70821873	1
8	70821874	70829884	0
8	70829885	70830015	1
8	70830016	70864382	0
8	70864383	70879928	1
8	70879929	70887868	0
8	70887869	71077844	2
8	71077845	71077950	3
8	71077951	71080167	2
8	71080168	71087593	0
8	71087594	71100872	1
8	71100873	71103971	0
8	71103972	71142785	1
8	71142786	71142914	3
8	71142915	71145068	1
8	71145069	71193044	0
8	71193045	71193150	2
8	71193151	71216610	0
8	71216611	71256445	2
8	71256446	71261823	3
8	71261824	71326939	1
8	71326940	71327154	3
8	71327155	71328451	1
8	71328452	71345835	0
8	71345836	71477887	2
8	71477888	71509633	0
8	71509634	71635462	1
8	71635463	71664147	0
8	71664148	71665579	2
8	71665580	71697122	0
8	71697123	71697858	1
8	71697859	71797232	0
8	71797233	71837393	1
8	71837394	71877848	0
8	71877849	71957105	2
8	71957106	72131528	0
8	72131529	72243034	1
8	72243035	72275643	0
8	72275644	72422915	1
8	72422916	72492565	0
8	72492566	72799199	1
8	72799200	72809936	0
8	72809937	72810044	1
8	72810045	72987576	0
8	72987577	72992609	1
8	72992610	72992648	0
8	72992649	73080478	2
8	73080479	73132655	0
8	73132656	73133889	2
8	73133890	73148875	0
8	73148876	73176923	2
8	73176924	73177808	0
8	73177809	73214259	1
8	73214260	73241792	0
8	73241793	73244007	2
8	73244008	73254049	0
8	73254050	73339207	2
8	73339208	73383693	0
8	73383694	73468949	2
8	73468950	73479017	0
8	73479018	73480588	2
8	73480589	73495767	0
8	73495768	73496355	1
8	73496356	73505291	0
8	73505292	73505395	2
8	73505396	73548464	0
8	73548465	73653257	2
8	73653258	73665591	0
8	73665592	73684867	2
8	73684868	73698101	0
8	73698102	73711290	2
8	73711291	73715381	0
8	73715382	73719847	1
8	73719848	73719953	0
8	73719954	73751019	2
8	73751020	73751373	3
8	73751374	73751796	2
8	73751797	73752035	3
8	73752036	73752428	2
8	73752429	73775677	1
8	73775678	73775730	0
8	73775731	73780100	2
8	73780101	73782692	0
8	73782693	73847827	2
8	73847828	73852994	0
8	73852995	73861999	2
8	73862000	73863110	0
8	73863111	73865233	2
8	73865234	73923073	0
8	73923074	73923390	1
8	73923391	73931660	0
8	73931661	74020030	2
8	74020031	74061715	0
8	74061716	74062056	1
8	74062057	74247897	0
8	74247898	74673221	1
8	74673222	74704057	0
8	74704058	74704467	2
8	74704468	74838316	0
8	74838317	75018227	2
8	75018228	75486320	0
8	75486321	75486465	2
8	75486466	75599738	0
8	75599739	75627275	2
8	75627276	75695020	0
8	75695021	75772547	2
8	75772548	75779521	0
8	75779522	75802450	2
8	75802451	75812410	0
8	75812411	75975916	2
8	75975917	75989526	0
8	75989527	76066481	2
8	76066482	76073304	0
8	76073305	76105067	2
8	76105068	76107324	0
8	76107325	76113365	2
8	76113366	76146688	0
8	76146689	76169718	1
8	76169719	76199097	0
8	76199098	76223981	2
8	76223982	76248977	0
8	76248978	76310975	1
8	76310976	76325665	0
8	76325666	76365718	1
8	76365719	76379217	0
8	76379218	76394652	2
8	76394653	76399775	0
8	76399776	76442013	1
8	76442014	76476851	0
8	76476852	76486137	2
8	76486138	76517162	0
8	76517163	76639923	2
8	76639924	76757495	0
8	76757496	76886814	2
8	76886815	76918655	0
8	76918656	76923566	1
8	76923567	76923707	3
8	76923708	76959423	1
8	76959424	76989832	0
8	76989833	77105891	1
8	77105892	77287349	0
8	77287350	77363793	1
8	77363794	77532796	0
8	77532797	77532925	1
8	77532926	77800030	0
8	77800031	77836619	1
8	77836620	77836771	3
8	77836772	77885075	1
8	77885076	77935077	0
8	77935078	78204252	1
8	78204253	78239898	0
8	78239899	78406488	1
8	78406489	78515512	0
8	78515513	78538871	2
8	78538872	78630125	0
8	78630126	78668542	2
8	78668543	78790844	0
8	78790845	78857282	2
8	78857283	78887201	0
8	78887202	78887328	1
8	78887329	78925685	0
8	78925686	78938922	2
8	78938923	78958481	0
8	78958482	78983947	1
8	78983948	78984256	0
8	78984257	79042689	2
8	79042690	79059457	0
8	79059458	79060211	2
8	79060212	79066932	0
8	79066933	79084180	2
8	79084181	79105659	0
8	79105660	79117470	2
8	79117471	79123085	0
8	79123086	79124246	1
8	79124247	79177946	0
8	79177947	79178049	2
8	79178050	79184320	0
8	79184321	79196796	1
8	79196797	79215360	0
8	79215361	79216568	1
8	79216569	79223373	0
8	79223374	79224539	1
8	79224540	79255359	0
8	79255360	79255653	1
8	79255654	79255931	3
8	79255932	79284451	2
8	79284452	79290511	0
8	79290512	79292770	2
8	79292771	79294509	0
8	79294510	79305494	1
8	79305495	79309980	0
8	79309981	79335229	2
8	79335230	79338920	0
8	79338921	79341555	2
8	79341556	79344070	3
8	79344071	79344837	1
8	79344838	79454478	0
8	79454479	79569192	2
8	79569193	79788439	0
8	79788440	79793531	1
8	79793532	80321775	0
8	80321776	80321781	2
8	80321782	80322092	3
8	80322093	80322122	1
8	80322123	80485338	0
8	80485339	80485443	2
8	80485444	80547591	0
8	80547592	80665684	1
8	80665685	80709225	0
8	80709226	80709503	1
8	80709504	80716823	0
8	80716824	80719010	1
8	80719011	80720262	3
8	80720263	80721102	2
8	80721103	80729617	0
8	80729618	80753246	1
8	80753247	80764602	0
8	80764603	80922547	1
8	80922548	80989050	0
8	80989051	81067168	2
8	81067169	81087137	0
8	81087138	81239290	2
8	81239291	81240759	0
8	81240760	81242015	2
8	81242016	81243622	0
8	81243623	81389720	1
8	81389721	82517358	0
8	82517359	82534547	1
8	82534548	82601011	0
8	82601012	82633985	1
8	82633986	82765659	0
8	82765660	82939647	2
8	82939648	82941058	0
8	82941059	82950887	1
8	82950888	83143232	0
8	83143233	83143363	2
8	83143364	83690871	0
8	83690872	83691176	2
8	83691177	83731505	0
8	83731506	83748287	2
8	83748288	83776798	0
8	83776799	83778992	2
8	83778993	83781463	0
8	83781464	83894281	1
8	83894282	84022493	0
8	84022494	84062974	1
8	84062975	84075038	0
8	84075039	84104400	2
8	84104401	84129853	0
8	84129854	84195514	1
8	84195515	84317657	0
8	84317658	84374954	1
8	84374955	84461119	0
8	84461120	84551562	2
8	84551563	84615570	0
8	84615571	84615691	1
8	84615692	84687136	0
8	84687137	84687665	1
8	84687666	84702360	0
8	84702361	84729695	1
8	84729696	84729825	0
8	84729826	84734753	2
8	84734754	84754313	0
8	84754314	84792649	2
8	84792650	84802143	0
8	84802144	84810775	2
8	84810776	84845262	0
8	84845263	85027810	2
8	85027811	85087677	0
8	85087678	85087828	2
8	85087829	85124573	0
8	85124574	85124686	2
8	85124687	85194916	0
8	85194917	85195638	2
8	85195639	85543898	0
8	85543899	85544060	2
8	85544061	86225355	0
8	86225356	86229043	1
8	86229044	86625595	0
8	86625596	86698258	1
8	86698259	86742055	0
8	86742056	86742414	2
8	86742415	86746168	0
8	86746169	86746362	2
8	86746363	86749244	0
8	86749245	86760321	2
8	86760322	86793747	0
8	86793748	86797739	2
8	86797740	87245587	0
8	87245588	87413055	1
8	87413056	87414591	0
8	87414592	87517699	2
8	87517700	87518351	3
8	87518352	87536020	1
8	87536021	87536174	0
8	87536175	87539298	2
8	87539299	87549041	0
8	87549042	87660302	1
8	87660303	87669258	0
8	87669259	87669387	2
8	87669388	87714964	0
8	87714965	87731007	2
8	87731008	87738822	0
8	87738823	87852365	1
8	87852366	87974774	0
8	87974775	87978967	2
8	87978968	87981114	0
8	87981115	88045830	2
8	88045831	88048862	0
8	88048863	88050592	1
8	88050593	88088270	0
8	88088271	88143884	2
8	88143885	88149724	0
8	88149725	88206828	1
8	88206829	88349794	0
8	88349795	88349898	1
8	88349899	88378926	0
8	88378927	88379057	1
8	88379058	88652052	0
8	88652053	88680056	1
8	88680057	88836276	0
8	88836277	88836406	1
8	88836407	88953012	0
8	88953013	88953133	1
8	88953134	89186759	0
8	89186760	89186883	2
8	89186884	89246193	0
8	89246194	89247137	2
8	89247138	89270694	0
8	89270695	89298112	2
8	89298113	89314879	3
8	89314880	89390578	1
8	89390579	89402864	0
8	89402865	89435513	1
8	89435514	89470283	0
8	89470284	89470354	1
8	89470355	89496633	0
8	89496634	89497750	1
8	89497751	89523113	0
8	89523114	89550251	2
8	89550252	89562566	0
8	89562567	89568714	2
8	89568715	89575955	0
8	89575956	89576026	1
8	89576027	89601649	0
8	89601650	89682459	1
8	89682460	89716912	0
8	89716913	89724996	2
8	89724997	89729506	0
8	89729507	89735122	2
8	89735123	89736162	3
8	89736163	89799087	2
8	89799088	89852080	0
8	89852081	89876709	2
8	89876710	90020751	0
8	90020752	90020892	1
8	90020893	90137372	0
8	90137373	90169135	1
8	90169136	90241514	0
8	90241515	90249344	1
8	90249345	90269313	0
8	90269314	90281773	1
8	90281774	90343132	0
8	90343133	90343208	1
8	90343209	90445152	0
8	90445153	90574267	2
8	90574268	90592808	0
8	90592809	90603903	1
8	90603904	90608939	0
8	90608940	90627822	2
8	90627823	90642986	0
8	90642987	90664517	1
8	90664518	90704725	0
8	90704726	90744326	2
8	90744327	90746231	0
8	90746232	90814830	1
8	90814831	91908574	0
8	91908575	91912729	1
8	91912730	91920013	0
8	91920014	91935366	2
8	91935367	92722598	0
8	92722599	92738297	2
8	92738298	92784354	0
8	92784355	92804690	2
8	92804691	92808396	0
8	92808397	92845930	2
8	92845931	92860467	0
8	92860468	92903753	2
8	92903754	92987379	0
8	92987380	93026047	2
8	93026048	93061189	0
8	93061190	93061319	1
8	93061320	93084511	0
8	93084512	93167253	2
8	93167254	93369064	0
8	93369065	93370458	2
8	93370459	94854661	0
8	94854662	94854820	2
8	94854821	95030277	0
8	95030278	95089813	1
8	95089814	95206757	0
8	95206758	95206856	2
8	95206857	95232903	0
8	95232904	95796316	2
8	95796317	95959824	0
8	95959825	95966953	1
8	95966954	95979417	0
8	95979418	95980245	2
8	95980246	96022955	0
8	96022956	96075689	1
8	96075690	96119600	0
8	96119601	96128351	2
8	96128352	96177226	0
8	96177227	96177673	1
8	96177674	96193459	0
8	96193460	96251112	2
8	96251113	96263327	0
8	96263328	96314274	1
8	96314275	96317847	0
8	96317848	96385193	1
8	96385194	96390158	0
8	96390159	96426722	1
8	96426723	96426860	3
8	96426861	96464312	2
8	96464313	96465379	3
8	96465380	96524134	2
8	96524135	96528193	0
8	96528194	96632737	2
8	96632738	96634868	0
8	96634869	96637220	2
8	96637221	96682468	0
8	96682469	96749164	2
8	96749165	96760502	0
8	96760503	96789995	2
8	96789996	96790152	3
8	96790153	96875634	2
8	96875635	96876008	3
8	96876009	96896680	2
8	96896681	96910307	0
8	96910308	96941596	1
8	96941597	96977418	0
8	96977419	96977859	1
8	96977860	97038838	0
8	97038839	97047822	1
8	97047823	97049595	0
8	97049596	97099985	1
8	97099986	97118800	0
8	97118801	97236669	1
8	97236670	97280991	0
8	97280992	97485623	1
8	97485624	97536518	0
8	97536519	97609785	1
8	97609786	97646511	0
8	97646512	97647022	2
8	97647023	97662125	0
8	97662126	97693701	1
8	97693702	97785284	0
8	97785285	97785754	1
8	97785755	97902351	0
8	97902352	97923266	1
8	97923267	98015668	0
8	98015669	98015797	1
8	98015798	98021664	0
8	98021665	98637729	1
8	98637730	98873396	0
8	98873397	99020643	2
8	99020644	99025204	0
8	99025205	99046741	2
8	99046742	99079102	0
8	99079103	99104471	2
8	99104472	99123330	0
8	99123331	99123587	1
8	99123588	99161348	0
8	99161349	99184107	2
8	99184108	99185195	3
8	99185196	99197289	1
8	99197290	99216861	0
8	99216862	99239320	2
8	99239321	99424572	0
8	99424573	99425360	2
8	99425361	99438460	0
8	99438461	99439248	2
8	99439249	99446459	0
8	99446460	99447247	2
8	99447248	99472585	0
8	99472586	99473301	2
8	99473302	99510440	0
8	99510441	99511339	1
8	99511340	99513301	0
8	99513302	99514425	2
8	99514426	99542403	0
8	99542404	99560560	2
8	99560561	99565419	0
8	99565420	99590970	1
8	99590971	99594642	0
8	99594643	99699661	1
8	99699662	99710269	0
8	99710270	99710429	1
8	99710430	99772174	0
8	99772175	99774914	1
8	99774915	99791979	0
8	99791980	99810226	1
8	99810227	99810365	0
8	99810366	99862853	2
8	99862854	99871147	0
8	99871148	99917230	1
8	99917231	99944034	0
8	99944035	99996406	1
8	99996407	100003842	0
8	100003843	100013216	1
8	100013217	100019536	0
8	100019537	100029814	2
8	100029815	100036944	0
8	100036945	100131518	1
8	100131519	100139032	0
8	100139033	100151028	2
8	100151029	100172102	0
8	100172103	100178567	2
8	100178568	100194997	0
8	100194998	100228986	2
8	100228987	100247631	0
8	100247632	100273349	1
8	100273350	100298553	0
8	100298554	100298684	1
8	100298685	100421980	0
8	100421981	100423916	1
8	100423917	100473461	0
8	100473462	100473594	2
8	100473595	100574892	0
8	100574893	100575266	1
8	100575267	100980381	0
8	100980382	101009940	1
8	101009941	101018700	0
8	101018701	101079298	1
8	101079299	101085543	0
8	101085544	101113347	1
8	101113348	101179037	0
8	101179038	101206100	2
8	101206101	101206585	3
8	101206586	101564675	2
8	101564676	101590735	0
8	101590736	101641232	1
8	101641233	101676763	0
8	101676764	101704776	2
8	101704777	101763831	3
8	101763832	101841500	1
8	101841501	101976977	0
8	101976978	101977109	1
8	101977110	102507547	0
8	102507548	102944837	1
8	102944838	103086628	0
8	103086629	103126022	2
8	103126023	103162698	0
8	103162699	103205518	1
8	103205519	103213934	3
8	103213935	103214175	1
8	103214176	103302990	0
8	103302991	103318908	2
8	103318909	103419273	0
8	103419274	103491696	2
8	103491697	103583887	0
8	103583888	103588473	1
8	103588474	103588914	0
8	103588915	103607314	2
8	103607315	103607438	3
8	103607439	103672544	2
8	103672545	103695629	0
8	103695630	103767993	2
8	103767994	103805730	3
8	103805731	103816509	1
8	103816510	103823194	0
8	103823195	103874983	1
8	103874984	103887863	0
8	103887864	103931672	2
8	103931673	103933994	0
8	103933995	103947190	1
8	103947191	104006224	0
8	104006225	104063397	1
8	104063398	104066076	0
8	104066077	104258309	1
8	104258310	104258527	3
8	104258528	104360092	1
8	104360093	104621862	0
8	104621863	104662381	2
8	104662382	104665044	0
8	104665045	104680892	1
8	104680893	104681394	0
8	104681395	104716065	2
8	104716066	104721138	3
8	104721139	104746558	2
8	104746559	104767786	0
8	104767787	104877315	1
8	104877316	104898023	0
8	104898024	104900655	1
8	104900656	104905584	0
8	104905585	104954234	1
8	104954235	105100536	0
8	105100537	105100652	1
8	105100653	105177374	0
8	105177375	105653066	2
8	105653067	105670182	0
8	105670183	105693542	2
8	105693543	105739621	0
8	105739622	105741996	1
8	105741997	105754842	0
8	105754843	105756516	1
8	105756517	105770546	0
8	105770547	106026513	1
8	106026514	106026674	3
8	106026675	106034634	2
8	106034635	106037089	3
8	106037090	106043556	2
8	106043557	106044428	3
8	106044429	106156004	1
8	106156005	106210561	0
8	106210562	106210679	1
8	106210680	106267952	0
8	106267953	106306420	2
8	106306421	106316582	3
8	106316583	106473470	1
8	106473471	106483797	0
8	106483798	106584111	1
8	106584112	106617048	0
8	106617049	106733261	1
8	106733262	106797341	0
8	106797342	106802395	1
8	106802396	106814567	0
8	106814568	106834436	2
8	106834437	106837035	0
8	106837036	106842055	1
8	106842056	106845251	0
8	106845252	106858296	2
8	106858297	106864678	0
8	106864679	106868794	2
8	106868795	106876512	0
8	106876513	106889915	1
8	106889916	106922976	0
8	106922977	106991087	2
8	106991088	107008526	0
8	107008527	107016402	2
8	107016403	107068478	0
8	107068479	107070912	2
8	107070913	107072356	0
8	107072357	107077680	1
8	107077681	107079142	0
8	107079143	107086983	1
8	107086984	107088067	0
8	107088068	107092117	2
8	107092118	107093011	0
8	107093012	107103274	2
8	107103275	107103978	0
8	107103979	107105054	1
8	107105055	107111010	0
8	107111011	107116780	1
8	107116781	107117469	0
8	107117470	107126121	2
8	107126122	107130702	0
8	107130703	107133247	2
8	107133248	107151460	0
8	107151461	107152867	2
8	107152868	107163124	0
8	107163125	107197986	1
8	107197987	107206399	0
8	107206400	107208674	1
8	107208675	107263652	0
8	107263653	107264722	2
8	107264723	107280097	0
8	107280098	107293144	1
8	107293145	107295804	0
8	107295805	107323230	1
8	107323231	107327418	0
8	107327419	107427104	1
8	107427105	107447936	0
8	107447937	107448208	2
8	107448209	107474310	0
8	107474311	107525896	2
8	107525897	107535282	3
8	107535283	107540625	2
8	107540626	107551694	1
8	107551695	107552461	0
8	107552462	107838466	1
8	107838467	107838596	3
8	107838597	107903512	1
8	107903513	107929760	0
8	107929761	107963566	1
8	107963567	107972304	0
8	107972305	107977248	2
8	107977249	107999642	0
8	107999643	108010254	1
8	108010255	108012636	0
8	108012637	108022459	2
8	108022460	108072452	0
8	108072453	108203171	2
8	108203172	108207652	0
8	108207653	108212296	2
8	108212297	108213203	0
8	108213204	108215757	1
8	108215758	108215812	0
8	108215813	108218994	2
8	108218995	108220384	0
8	108220385	108224742	2
8	108224743	108225021	0
8	108225022	108236162	2
8	108236163	108236752	0
8	108236753	108236836	1
8	108236837	108240054	3
8	108240055	108241063	1
8	108241064	108243131	0
8	108243132	108246848	2
8	108246849	108250665	0
8	108250666	108260645	2
8	108260646	108260967	0
8	108260968	108266192	2
8	108266193	108266343	0
8	108266344	108282917	1
8	108282918	108288399	0
8	108288400	108308977	1
8	108308978	108323892	0
8	108323893	108339986	1
8	108339987	108350933	0
8	108350934	108355669	1
8	108355670	108357627	0
8	108357628	108387081	1
8	108387082	108420220	0
8	108420221	108449428	1
8	108449429	108452685	0
8	108452686	108552769	1
8	108552770	108560969	0
8	108560970	108561317	2
8	108561318	108574386	0
8	108574387	108593154	2
8	108593155	108597297	0
8	108597298	108612453	2
8	108612454	108618534	0
8	108618535	108623627	2
8	108623628	108626819	0
8	108626820	108641167	2
8	108641168	108641850	0
8	108641851	108661636	2
8	108661637	108665290	0
8	108665291	108674097	2
8	108674098	108674261	0
8	108674262	108675951	1
8	108675952	108682611	0
8	108682612	108690365	2
8	108690366	108693058	0
8	108693059	108739618	2
8	108739619	108744553	3
8	108744554	108767284	2
8	108767285	108767673	1
8	108767674	108768837	0
8	108768838	108773414	2
8	108773415	108773792	0
8	108773793	108782931	1
8	108782932	108788540	0
8	108788541	108875817	1
8	108875818	108890927	0
8	108890928	108952323	1
8	108952324	108976462	0
8	108976463	108988124	2
8	108988125	108988588	0
8	108988589	108991562	2
8	108991563	108991952	0
8	108991953	109025744	2
8	109025745	109026903	0
8	109026904	109028022	2
8	109028023	109030877	0
8	109030878	109036022	2
8	109036023	109036028	0
8	109036029	109092756	2
8	109092757	109097893	3
8	109097894	109124760	1
8	109124761	109125432	3
8	109125433	109140789	2
8	109140790	109141592	0
8	109141593	109146357	1
8	109146358	109146809	3
8	109146810	109146916	1
8	109146917	109165214	2
8	109165215	109178407	0
8	109178408	109190547	2
8	109190548	109190722	0
8	109190723	109201739	2
8	109201740	109207703	0
8	109207704	109215737	2
8	109215738	109217374	0
8	109217375	109261357	2
8	109261358	109261361	0
8	109261362	109263192	1
8	109263193	109263311	0
8	109263312	109264080	2
8	109264081	109264199	3
8	109264200	109264984	2
8	109264985	109265674	0
8	109265675	109268077	2
8	109268078	109268566	3
8	109268567	109274497	1
8	109274498	109274624	0
8	109274625	109292471	1
8	109292472	109296736	0
8	109296737	109355850	1
8	109355851	109365000	0
8	109365001	109386510	2
8	109386511	109388253	0
8	109388254	109389549	1
8	109389550	109395831	0
8	109395832	109455626	2
8	109455627	109484308	0
8	109484309	109498566	2
8	109498567	109498714	3
8	109498715	109510164	2
8	109510165	109511656	0
8	109511657	109522244	2
8	109522245	109530639	0
8	109530640	109558352	2
8	109558353	109559640	0
8	109559641	109569776	2
8	109569777	109571375	0
8	109571376	109572269	2
8	109572270	109572433	0
8	109572434	109572606	2
8	109572607	109589704	0
8	109589705	109601478	2
8	109601479	109604859	0
8	109604860	109637250	2
8	109637251	109638283	0
8	109638284	109639170	2
8	109639171	109643935	0
8	109643936	109685632	2
8	109685633	109687587	0
8	109687588	109688066	2
8	109688067	109688770	3
8	109688771	109690676	1
8	109690677	109691520	0
8	109691521	109706406	2
8	109706407	109706611	0
8	109706612	109722475	1
8	109722476	109722555	0
8	109722556	109725789	2
8	109725790	109725991	3
8	109725992	109726194	2
8	109726195	109730900	3
8	109730901	109741470	2
8	109741471	109744695	0
8	109744696	109769025	2
8	109769026	109786813	0
8	109786814	109801811	1
8	109801812	109817363	0
8	109817364	109828992	2
8	109828993	109832587	0
8	109832588	109839299	2
8	109839300	109841727	0
8	109841728	109843541	1
8	109843542	109864476	0
8	109864477	109882699	2
8	109882700	109925573	0
8	109925574	110064360	2
8	110064361	110064750	0
8	110064751	110097379	1
8	110097380	110101177	0
8	110101178	110101314	1
8	110101315	110111120	0
8	110111121	110214718	2
8	110214719	110220651	0
8	110220652	110234756	2
8	110234757	110265316	0
8	110265317	110265385	1
8	110265386	110265822	3
8	110265823	110265828	1
8	110265829	110279977	0
8	110279978	110295065	2
8	110295066	110306029	0
8	110306030	110350623	2
8	110350624	110351064	3
8	110351065	110360664	2
8	110360665	110360802	0
8	110360803	110383269	1
8	110383270	110394201	0
8	110394202	110397568	2
8	110397569	110400679	0
8	110400680	110459321	1
8	110459322	110459381	0
8	110459382	110505250	2
8	110505251	110508211	0
8	110508212	110510704	2
8	110510705	110511770	0
8	110511771	110597487	2
8	110597488	110599387	0
8	110599388	110633705	1
8	110633706	110635708	0
8	110635709	110686415	2
8	110686416	110697483	0
8	110697484	110719727	1
8	110719728	110738659	0
8	110738660	110744814	2
8	110744815	110772623	0
8	110772624	110777945	2
8	110777946	110791696	0
8	110791697	110805301	2
8	110805302	110807621	0
8	110807622	110813543	2
8	110813544	110814010	3
8	110814011	110817929	2
8	110817930	110820271	0
8	110820272	110826118	2
8	110826119	110829264	0
8	110829265	110841121	2
8	110841122	110842669	0
8	110842670	110848800	2
8	110848801	110850032	0
8	110850033	110864801	1
8	110864802	110864973	0
8	110864974	110884417	2
8	110884418	110895750	0
8	110895751	110897453	1
8	110897454	110924069	0
8	110924070	110924512	2
8	110924513	110925022	0
8	110925023	110930306	1
8	110930307	110938163	0
8	110938164	110969183	2
8	110969184	110970158	0
8	110970159	110971272	1
8	110971273	110971763	3
8	110971764	110974697	1
8	110974698	110989938	0
8	110989939	110995638	2
8	110995639	110999946	0
8	110999947	111022793	2
8	111022794	111034277	0
8	111034278	111036662	1
8	111036663	111052895	0
8	111052896	111052955	2
8	111052956	111091501	0
8	111091502	111193253	2
8	111193254	111196466	0
8	111196467	111233615	1
8	111233616	111233824	0
8	111233825	111241869	2
8	111241870	111276352	0
8	111276353	111355090	2
8	111355091	111401356	0
8	111401357	111453997	2
8	111453998	111530798	0
8	111530799	111654006	1
8	111654007	111790109	0
8	111790110	111814298	2
8	111814299	111818191	3
8	111818192	111839908	2
8	111839909	111849956	3
8	111849957	111915889	2
8	111915890	112034640	0
8	112034641	112194295	1
8	112194296	112478558	0
8	112478559	112478671	2
8	112478672	113590996	0
8	113590997	113646771	1
8	113646772	113677282	0
8	113677283	113714595	2
8	113714596	113714717	3
8	113714718	113858729	2
8	113858730	113869977	0
8	113869978	113913371	2
8	113913372	113915623	3
8	113915624	113954565	1
8	113954566	113955959	3
8	113955960	113965064	1
8	113965065	113997360	0
8	113997361	114035859	2
8	114035860	114047931	0
8	114047932	114067629	1
8	114067630	114072688	0
8	114072689	114072791	1
8	114072792	114084829	0
8	114084830	114158125	2
8	114158126	114176972	0
8	114176973	114178054	1
8	114178055	114199185	0
8	114199186	114250805	1
8	114250806	114280488	0
8	114280489	114330105	1
8	114330106	114376660	0
8	114376661	114410932	2
8	114410933	114422919	0
8	114422920	114441031	2
8	114441032	114448040	0
8	114448041	114474619	1
8	114474620	114481980	0
8	114481981	114531743	1
8	114531744	114531849	3
8	114531850	114547081	1
8	114547082	114588485	0
8	114588486	114620721	1
8	114620722	114660741	0
8	114660742	114917822	2
8	114917823	114918623	3
8	114918624	114994026	1
8	114994027	115045815	0
8	115045816	115045881	1
8	115045882	115528142	0
8	115528143	115532154	1
8	115532155	115605871	0
8	115605872	115784408	2
8	115784409	115794535	0
8	115794536	115883226	1
8	115883227	116091742	0
8	116091743	116110809	1
8	116110810	116129770	3
8	116129771	116141415	1
8	116141416	116176093	2
8	116176094	116309880	0
8	116309881	117625421	1
8	117625422	117681236	0
8	117681237	117773277	1
8	117773278	117773737	3
8	117773738	117797845	2
8	117797846	117798943	0
8	117798944	117900460	1
8	117900461	118181775	0
8	118181776	118188314	2
8	118188315	118208154	0
8	118208155	118222527	2
8	118222528	118235394	0
8	118235395	118241657	2
8	118241658	118259728	0
8	118259729	118264020	1
8	118264021	118268234	0
8	118268235	118285415	2
8	118285416	118307379	0
8	118307380	118613752	2
8	118613753	118642670	0
8	118642671	118767115	2
8	118767116	118776740	0
8	118776741	118794981	2
8	118794982	118795199	0
8	118795200	118818184	1
8	118818185	118826464	0
8	118826465	118872995	2
8	118872996	118873653	3
8	118873654	118881823	1
8	118881824	118895257	0
8	118895258	118908253	1
8	118908254	118922365	0
8	118922366	118953633	1
8	118953634	118960998	0
8	118960999	118966044	1
8	118966045	118972752	0
8	118972753	119029119	1
8	119029120	119029570	3
8	119029571	119029734	1
8	119029735	119030057	3
8	119030058	119062025	1
8	119062026	119074435	0
8	119074436	119079413	1
8	119079414	119079773	0
8	119079774	119088622	2
8	119088623	119096027	0
8	119096028	119128846	2
8	119128847	119138810	0
8	119138811	119170456	2
8	119170457	119174100	0
8	119174101	119176565	1
8	119176566	119185134	0
8	119185135	119204670	2
8	119204671	119220903	0
8	119220904	119318767	1
8	119318768	119350722	0
8	119350723	119462612	1
8	119462613	119496767	0
8	119496768	119567042	1
8	119567043	119605147	0
8	119605148	119608433	2
8	119608434	119622046	0
8	119622047	119655262	2
8	119655263	119655266	0
8	119655267	119666931	1
8	119666932	119666970	3
8	119666971	119702454	2
8	119702455	119704711	0
8	119704712	119718181	1
8	119718182	119719880	0
8	119719881	119722131	2
8	119722132	119747417	0
8	119747418	119757347	1
8	119757348	119782593	0
8	119782594	119800012	1
8	119800013	119826566	0
8	119826567	119827627	2
8	119827628	119835632	0
8	119835633	119848330	2
8	119848331	119851223	0
8	119851224	119855245	2
8	119855246	119856287	0
8	119856288	119868833	1
8	119868834	119869624	0
8	119869625	119899561	2
8	119899562	119988741	0
8	119988742	119989530	1
8	119989531	120017522	0
8	120017523	120183831	2
8	120183832	120200111	0
8	120200112	120203313	1
8	120203314	120203449	0
8	120203450	120206174	2
8	120206175	120247119	0
8	120247120	120277941	2
8	120277942	120284643	0
8	120284644	120289062	2
8	120289063	120416601	0
8	120416602	120417057	1
8	120417058	120639993	0
8	120639994	120667109	2
8	120667110	120670864	0
8	120670865	120966922	1
8	120966923	120984429	0
8	120984430	121139365	2
8	121139366	121153498	0
8	121153499	121160082	1
8	121160083	121203224	0
8	121203225	121204090	1
8	121204091	121248166	0
8	121248167	121255351	1
8	121255352	121310246	0
8	121310247	121339674	2
8	121339675	121350105	0
8	121350106	121370923	1
8	121370924	121375306	0
8	121375307	121377875	2
8	121377876	121382434	0
8	121382435	121418312	2
8	121418313	121423694	0
8	121423695	121433223	2
8	121433224	121441285	0
8	121441286	121446798	2
8	121446799	121447000	0
8	121447001	121453999	1
8	121454000	121457695	0
8	121457696	121502335	1
8	121502336	121514154	0
8	121514155	121523441	1
8	121523442	121557060	0
8	121557061	121561209	1
8	121561210	121573580	3
8	121573581	121580164	1
8	121580165	121597317	0
8	121597318	121599577	2
8	121599578	121599900	3
8	121599901	121604025	2
8	121604026	121610785	0
8	121610786	121642940	2
8	121642941	121644968	0
8	121644969	121660755	1
8	121660756	121793300	0
8	121793301	121832321	2
8	121832322	121841663	0
8	121841664	121962668	1
8	121962669	121989227	0
8	121989228	122000163	1
8	122000164	122000387	0
8	122000388	122026445	2
8	122026446	122300964	0
8	122300965	122301062	2
8	122301063	122358241	0
8	122358242	122412873	2
8	122412874	122414816	0
8	122414817	122446090	2
8	122446091	122448118	0
8	122448119	122448543	1
8	122448544	122454326	0
8	122454327	122473284	1
8	122473285	122502216	0
8	122502217	122519598	2
8	122519599	122524322	0
8	122524323	122536245	2
8	122536246	122567212	0
8	122567213	122578690	2
8	122578691	122595400	0
8	122595401	122595828	1
8	122595829	122598399	0
8	122598400	122601895	1
8	122601896	122609166	3
8	122609167	122672748	2
8	122672749	122674068	0
8	122674069	122677274	2
8	122677275	122689427	0
8	122689428	122715109	2
8	122715110	122726461	3
8	122726462	122773527	1
8	122773528	122773589	0
8	122773590	122799268	2
8	122799269	122810147	0
8	122810148	122815833	2
8	122815834	122820853	0
8	122820854	122820984	2
8	122820985	122828683	0
8	122828684	122865386	1
8	122865387	122913673	0
8	122913674	122914671	1
8	122914672	123010291	0
8	123010292	123106393	2
8	123106394	123122458	0
8	123122459	123167712	2
8	123167713	123172534	0
8	123172535	123232411	2
8	123232412	123234712	0
8	123234713	123278678	1
8	123278679	123281470	0
8	123281471	123322571	1
8	123322572	123344923	0
8	123344924	123360190	1
8	123360191	123395811	0
8	123395812	123412110	2
8	123412111	123413967	3
8	123413968	123416323	1
8	123416324	123439381	3
8	123439382	123479019	1
8	123479020	123479588	0
8	123479589	123487224	1
8	123487225	123489579	0
8	123489580	123508344	1
8	123508345	123589619	0
8	123589620	123612685	1
8	123612686	123616234	0
8	123616235	123634988	2
8	123634989	123734428	0
8	123734429	123742098	2
8	123742099	123749280	0
8	123749281	123749669	2
8	123749670	123752323	0
8	123752324	123759258	2
8	123759259	123772023	0
8	123772024	123778282	2
8	123778283	123817834	0
8	123817835	123830525	2
8	123830526	123869960	0
8	123869961	123882654	2
8	123882655	123884712	3
8	123884713	123885082	1
