<CHROM>	<START>	<END>	<TSB>
9	0	653657	0
9	653658	746363	2
9	746364	756332	3
9	756333	783615	1
9	783616	787542	3
9	787543	789604	1
9	789605	789820	3
9	789821	808369	2
9	808370	818261	0
9	818262	828183	2
9	828184	828370	0
9	828371	837217	1
9	837218	840141	0
9	840142	842286	2
9	842287	846437	3
9	846438	869714	1
9	869715	874049	0
9	874050	900652	2
9	900653	900882	0
9	900883	906122	1
9	906123	909612	0
9	909613	929174	2
9	929175	929181	3
9	929182	929184	2
9	929185	938054	1
9	938055	939745	0
9	939746	946118	1
9	946119	947514	0
9	947515	949811	1
9	949812	950937	0
9	950938	961519	1
9	961520	988592	0
9	988593	1000720	2
9	1000721	1002252	3
9	1002253	1008820	1
9	1008821	1011349	0
9	1011350	1046539	1
9	1046540	1046545	0
9	1046546	1049872	2
9	1049873	1080272	0
9	1080273	1080381	2
9	1080382	1080744	0
9	1080745	1080850	1
9	1080851	1090525	0
9	1090526	1100626	2
9	1100627	1102364	0
9	1102365	1123145	1
9	1123146	1126642	0
9	1126643	1132814	1
9	1132815	1134907	0
9	1134908	1154629	2
9	1154630	1154985	0
9	1154986	1155441	2
9	1155442	1158750	0
9	1158751	1236541	2
9	1236542	1245408	0
9	1245409	1306945	1
9	1306946	1353304	0
9	1353305	1354582	1
9	1354583	1363019	0
9	1363020	1371008	1
9	1371009	1387105	0
9	1387106	1417036	1
9	1417037	1417523	0
9	1417524	1438642	2
9	1438643	1439056	0
9	1439057	1442074	1
9	1442075	1447445	0
9	1447446	1459769	1
9	1459770	1459999	0
9	1460000	1498342	2
9	1498343	1507359	0
9	1507360	1544458	2
9	1544459	1544717	0
9	1544718	1545645	1
9	1545646	1546745	0
9	1546746	1549769	1
9	1549770	1550466	0
9	1550467	1555599	2
9	1555600	1562772	0
9	1562773	1562880	1
9	1562881	1581973	0
9	1581974	1583100	1
9	1583101	1594121	0
9	1594122	1598653	2
9	1598654	1599146	0
9	1599147	1601414	2
9	1601415	1604644	0
9	1604645	1671025	1
9	1671026	1683845	0
9	1683846	1704672	1
9	1704673	1714516	3
9	1714517	1727632	2
9	1727633	1731078	0
9	1731079	1751426	1
9	1751427	1751488	3
9	1751489	1775968	1
9	1775969	1793137	0
9	1793138	1824432	1
9	1824433	1830309	0
9	1830310	1837691	2
9	1837692	1838809	0
9	1838810	1840894	2
9	1840895	1841042	3
9	1841043	1853744	1
9	1853745	1854325	3
9	1854326	1862897	2
9	1862898	1863294	3
9	1863295	1872449	1
9	1872450	1873690	0
9	1873691	1881422	1
9	1881423	1882619	0
9	1882620	1896621	1
9	1896622	1898559	3
9	1898560	1903857	2
9	1903858	1904043	0
9	1904044	1916185	1
9	1916186	1917843	0
9	1917844	1925289	1
9	1925290	1931714	0
9	1931715	1931877	2
9	1931878	1944015	0
9	1944016	1946343	2
9	1946344	1986573	0
9	1986574	1991078	2
9	1991079	2006561	0
9	2006562	2009713	1
9	2009714	2069102	0
9	2069103	2073214	1
9	2073215	2087435	0
9	2087436	2114427	1
9	2114428	2120742	0
9	2120743	2132570	1
9	2132571	2133669	0
9	2133670	2147797	2
9	2147798	2157898	0
9	2157899	2208935	2
9	2208936	2242472	0
9	2242473	2397998	2
9	2397999	2505671	0
9	2505672	2553418	2
9	2553419	2618883	0
9	2618884	2636041	2
9	2636042	2654882	0
9	2654883	2655636	2
9	2655637	2682141	0
9	2682142	2683138	2
9	2683139	2698517	0
9	2698518	2699271	2
9	2699272	2723736	0
9	2723737	2731913	2
9	2731914	2759879	0
9	2759880	2760633	2
9	2760634	2780473	0
9	2780474	2782259	1
9	2782260	2785785	0
9	2785786	2794152	2
9	2794153	2825054	0
9	2825055	2833131	1
9	2833132	2849454	0
9	2849455	2916358	1
9	2916359	2920320	0
9	2920321	2922090	1
9	2922091	2926286	0
9	2926287	2935262	1
9	2935263	2987925	0
9	2987926	2991070	1
9	2991071	3015398	0
9	3015399	3017531	1
9	3017532	3021138	0
9	3021139	3022922	2
9	3022923	3035082	0
9	3035083	3038104	2
9	3038105	3071121	0
9	3071122	3071874	2
9	3071875	3085487	0
9	3085488	3086929	2
9	3086930	3097685	0
9	3097686	3106904	2
9	3106905	3111135	0
9	3111136	3112721	2
9	3112722	3124562	0
9	3124563	3125641	2
9	3125642	3292693	0
9	3292694	3477007	2
9	3477008	3501031	0
9	3501032	3507128	1
9	3507129	3513621	0
9	3513622	4016911	1
9	4016912	4159019	0
9	4159020	4159545	1
9	4159546	4281479	0
9	4281480	4281607	1
9	4281608	4680918	0
9	4680919	4753249	1
9	4753250	4754861	0
9	4754862	4772980	1
9	4772981	5488197	0
9	5488198	5505950	1
9	5505951	5506042	0
9	5506043	5945826	2
9	5945827	6172255	0
9	6172256	6180129	2
9	6180130	6372192	0
9	6372193	6382210	1
9	6382211	6382521	3
9	6382522	6384370	1
9	6384371	6384504	3
9	6384505	6441917	1
9	6441918	6484467	0
9	6484468	6512655	2
9	6512656	6512870	3
9	6512871	6512871	2
9	6512872	6533637	1
9	6533638	6562286	0
9	6562287	6667062	2
9	6667063	6672121	0
9	6672122	6687803	1
9	6687804	6708009	0
9	6708010	6730698	2
9	6730699	6745698	0
9	6745699	6874247	2
9	6874248	6904732	3
9	6904733	7131243	2
9	7131244	7163049	0
9	7163050	7201939	1
9	7201940	7221576	0
9	7221577	7267028	1
9	7267029	7595442	0
9	7595443	7626256	1
9	7626257	8274677	0
9	8274678	8275516	2
9	8275517	8712894	0
9	8712895	8713396	2
9	8713397	9182397	0
9	9182398	9269695	2
9	9269696	9467903	0
9	9467904	9492562	2
9	9492563	9572071	0
9	9572072	9639042	1
9	9639043	9670360	0
9	9670361	9674095	1
9	9674096	9674200	3
9	9674201	9728530	1
9	9728531	9760353	0
9	9760354	9900758	2
9	9900759	9953918	0
9	9953919	10010309	1
9	10010310	10022836	0
9	10022837	10072277	2
9	10072278	10086251	3
9	10086252	10664750	1
9	10664751	10674250	3
9	10674251	10683937	2
9	10683938	10695590	0
9	10695591	10712321	2
9	10712322	10804609	0
9	10804610	11002082	2
9	11002083	11072822	0
9	11072823	11373004	1
9	11373005	11428722	0
9	11428723	11545495	2
9	11545496	11547529	0
9	11547530	11567788	1
9	11567789	11569802	0
9	11569803	11573943	1
9	11573944	11708295	0
9	11708296	11708455	1
9	11708456	11897466	0
9	11897467	11939929	1
9	11939930	12383942	0
9	12383943	12384073	1
9	12384074	12528244	0
9	12528245	12542231	1
9	12542232	12545013	0
9	12545014	12548571	2
9	12548572	12564918	0
9	12564919	12578456	2
9	12578457	12578968	0
9	12578969	12586257	1
9	12586258	12587098	3
9	12587099	12587247	1
9	12587248	12613896	2
9	12613897	12635588	0
9	12635589	12642345	1
9	12642346	12647257	0
9	12647258	12654168	1
9	12654169	12681533	0
9	12681534	12690627	1
9	12690628	12694695	0
9	12694696	12705322	1
9	12705323	12721813	0
9	12721814	12743251	1
9	12743252	12749850	0
9	12749851	12760777	1
9	12760778	12763817	0
9	12763818	12779201	1
9	12779202	12817844	0
9	12817845	12827131	2
9	12827132	12843564	0
9	12843565	12857390	2
9	12857391	12873695	0
9	12873696	12886362	2
9	12886363	12892857	0
9	12892858	12893217	1
9	12893218	12895263	0
9	12895264	12896600	1
9	12896601	12941403	0
9	12941404	12943068	2
9	12943069	13058474	0
9	13058475	13114877	2
9	13114878	13156864	0
9	13156865	13175215	2
9	13175216	13198889	0
9	13198890	13254712	1
9	13254713	13257460	0
9	13257461	13265680	1
9	13265681	13288665	0
9	13288666	13295380	1
9	13295381	13297756	0
9	13297757	13305628	2
9	13305629	13308176	0
9	13308177	13331989	1
9	13331990	13332202	3
9	13332203	13366130	1
9	13366131	13370144	0
9	13370145	13382474	1
9	13382475	13382555	0
9	13382556	13394167	2
9	13394168	13394337	3
9	13394338	13489369	1
9	13489370	13491935	0
9	13491936	13511715	2
9	13511716	13525393	0
9	13525394	13560874	1
9	13560875	13561583	3
9	13561584	13582812	2
9	13582813	13587584	0
9	13587585	13587695	2
9	13587696	13588523	0
9	13588524	13598563	2
9	13598564	13599617	0
9	13599618	13607453	1
9	13607454	13614895	0
9	13614896	13624777	1
9	13624778	13631835	0
9	13631836	13632896	2
9	13632897	13634124	0
9	13634125	13857027	1
9	13857028	13895400	0
9	13895401	13895503	2
9	13895504	13982327	0
9	13982328	14051626	2
9	14051627	14051730	3
9	14051731	14062137	2
9	14062138	14066154	0
9	14066155	14081452	1
9	14081453	14098866	0
9	14098867	14100040	1
9	14100041	14112310	0
9	14112311	14128548	2
9	14128549	14128700	0
9	14128701	14145060	2
9	14145061	14152608	3
9	14152609	14154130	1
9	14154131	14154207	0
9	14154208	14183669	2
9	14183670	14198090	0
9	14198091	14206108	2
9	14206109	14208415	0
9	14208416	14208759	1
9	14208760	14218800	0
9	14218801	14229233	2
9	14229234	14233426	0
9	14233427	14247829	2
9	14247830	14254673	0
9	14254674	14258143	2
9	14258144	14258432	3
9	14258433	14268743	1
9	14268744	14270301	3
9	14270302	14293444	2
9	14293445	14300398	3
9	14300399	14302058	1
9	14302059	14302352	0
9	14302353	14308734	2
9	14308735	14308980	0
9	14308981	14316108	2
9	14316109	14319106	0
9	14319107	14332739	1
9	14332740	14333232	0
9	14333233	14337038	1
9	14337039	14337532	0
9	14337533	14351064	2
9	14351065	14351200	0
9	14351201	14418492	2
9	14418493	14418615	0
9	14418616	14426288	1
9	14426289	14426470	0
9	14426471	14435731	2
9	14435732	14436109	0
9	14436110	14479546	2
9	14479547	14481064	0
9	14481065	14484020	1
9	14484021	14493387	0
9	14493388	14535772	2
9	14535773	14547847	0
9	14547848	14553919	2
9	14553920	14554448	0
9	14554449	14557300	1
9	14557301	14563311	0
9	14563312	14580283	1
9	14580284	14580407	3
9	14580408	14601407	1
9	14601408	14657262	0
9	14657263	14676560	2
9	14676561	14677176	3
9	14677177	14681592	1
9	14681593	14694945	0
9	14694946	14695050	2
9	14695051	14701466	0
9	14701467	14725749	2
9	14725750	14726156	0
9	14726157	14729156	1
9	14729157	14730282	0
9	14730283	14735639	1
9	14735640	14735712	0
9	14735713	14739850	2
9	14739851	14740180	0
9	14740181	14777886	1
9	14777887	14778169	3
9	14778170	14788521	2
9	14788522	14788813	3
9	14788814	14812721	2
9	14812722	14813962	0
9	14813963	14823239	1
9	14823240	14826693	0
9	14826694	14827661	1
9	14827662	14832130	0
9	14832131	14837445	2
9	14837446	14840113	0
9	14840114	14853289	2
9	14853290	14853880	3
9	14853881	14860060	2
9	14860061	14869833	1
9	14869834	14955298	0
9	14955299	14970639	2
9	14970640	15260657	0
9	15260658	15261422	2
9	15261423	15297529	0
9	15297530	15320430	1
9	15320431	15340718	3
9	15340719	15344087	1
9	15344088	15364251	3
9	15364252	15397142	1
9	15397143	15398261	3
9	15398262	15399610	1
9	15399611	15413681	3
9	15413682	15433689	1
9	15433690	15438359	3
9	15438360	15455799	1
9	15455800	15464300	3
9	15464301	15496088	1
9	15496089	15527140	0
9	15527141	15555204	2
9	15555205	15562278	3
9	15562279	15564765	1
9	15564766	15565097	3
9	15565098	15603448	2
9	15603449	15616468	0
9	15616469	15616830	2
9	15616831	15723719	0
9	15723720	15723849	2
9	15723850	15848981	0
9	15848982	15864695	2
9	15864696	15868285	0
9	15868286	16098622	1
9	16098623	16099788	3
9	16099789	16167480	1
9	16167481	16195051	3
9	16195052	16206704	1
9	16206705	16492165	2
9	16492166	16710978	0
9	16710979	16813425	1
9	16813426	16822172	0
9	16822173	16826692	2
9	16826693	16887737	0
9	16887738	16898858	2
9	16898859	16910829	0
9	16910830	16917478	1
9	16917479	16959478	0
9	16959479	17174854	1
9	17174855	17230453	0
9	17230454	17306773	1
9	17306774	17307021	0
9	17307022	17332729	2
9	17332730	17344024	0
9	17344025	17359342	2
9	17359343	17362223	0
9	17362224	17404474	1
9	17404475	17411981	0
9	17411982	17442645	2
9	17442646	17474617	0
9	17474618	17504145	2
9	17504146	17520007	0
9	17520008	17623966	1
9	17623967	17642147	0
9	17642148	17650459	1
9	17650460	17660928	0
9	17660929	17711702	1
9	17711703	17711738	0
9	17711739	17717668	2
9	17717669	17879154	0
9	17879155	17954083	1
9	17954084	18086982	0
9	18086983	18182197	2
9	18182198	18219712	0
9	18219713	18269036	2
9	18269037	18272048	0
9	18272049	18303215	2
9	18303216	18368414	0
9	18368415	18415474	2
9	18415475	18463735	0
9	18463736	18665703	1
9	18665704	19694434	0
9	19694435	19695210	1
9	19695211	19804852	0
9	19804853	19909649	1
9	19909650	19928725	0
9	19928726	19957044	1
9	19957045	19957046	0
9	19957047	19972787	2
9	19972788	19977300	0
9	19977301	19995648	2
9	19995649	20024914	0
9	20024915	20029092	2
9	20029093	20032251	0
9	20032252	20033720	2
9	20033721	20033778	0
9	20033779	20058835	1
9	20058836	20069805	0
9	20069806	20097834	1
9	20097835	20107699	0
9	20107700	20131957	2
9	20131958	20145767	0
9	20145768	20151528	1
9	20151529	20170581	0
9	20170582	20172987	1
9	20172988	20208531	0
9	20208532	20212938	2
9	20212939	20297044	0
9	20297045	20313469	1
9	20313470	20353462	0
9	20353463	20353686	1
9	20353687	20450906	0
9	20450907	20472656	2
9	20472657	20480201	0
9	20480202	20571479	2
9	20571480	20582904	0
9	20582905	20583061	1
9	20583062	20596360	0
9	20596361	20596757	1
9	20596758	20660320	0
9	20660321	20662311	1
9	20662312	20741775	0
9	20741776	20768794	1
9	20768795	20832684	0
9	20832685	20837350	1
9	20837351	20852298	0
9	20852299	20853209	1
9	20853210	20875283	0
9	20875284	20883812	1
9	20883813	21299954	0
9	21299955	21301485	2
9	21301486	21316502	0
9	21316503	21316564	1
9	21316565	21316652	0
9	21316653	21316710	1
9	21316711	21357762	0
9	21357763	21358217	1
9	21358218	21520443	0
9	21520444	21520570	1
9	21520571	21576844	0
9	21576845	21577236	2
9	21577237	21680575	0
9	21680576	21740726	2
9	21740727	21786256	0
9	21786257	21814518	2
9	21814519	22549511	0
9	22549512	23037379	1
9	23037380	23094247	0
9	23094248	23094330	2
9	23094331	23098132	0
9	23098133	23098215	2
9	23098216	23144400	0
9	23144401	23147887	2
9	23147888	23178842	0
9	23178843	23178934	2
9	23178935	23190098	0
9	23190099	23201480	1
9	23201481	23219167	0
9	23219168	23237312	1
9	23237313	23262150	0
9	23262151	23262283	1
9	23262284	23312583	0
9	23312584	23338720	2
9	23338721	23338801	3
9	23338802	23362338	2
9	23362339	23375838	0
9	23375839	23414281	2
9	23414282	23419223	0
9	23419224	23422850	2
9	23422851	23424230	0
9	23424231	23498687	1
9	23498688	23620008	0
9	23620009	23632331	2
9	23632332	23640592	0
9	23640593	23652377	2
9	23652378	23658572	0
9	23658573	23672584	2
9	23672585	23674429	3
9	23674430	23684238	2
9	23684239	23698259	0
9	23698260	23698369	2
9	23698370	23703475	0
9	23703476	23720119	1
9	23720120	23720818	0
9	23720819	23721471	1
9	23721472	23733037	0
9	23733038	23734461	1
9	23734462	23744286	0
9	23744287	23801129	1
9	23801130	23813744	0
9	23813745	23814811	2
9	23814812	23821967	0
9	23821968	23824077	2
9	23824078	23830183	0
9	23830184	23830199	2
9	23830200	23831425	3
9	23831426	23832818	1
9	23832819	23833085	0
9	23833086	24394702	1
9	24394703	24698852	0
9	24698853	25196629	1
9	25196630	25370875	0
9	25370876	25371531	2
9	25371532	25530867	0
9	25530868	25532805	1
9	25532806	25551717	0
9	25551718	25649037	2
9	25649038	25698422	0
9	25698423	25698529	2
9	25698530	25721545	0
9	25721546	25730909	2
9	25730910	25737598	0
9	25737599	25737668	2
9	25737669	25757340	0
9	25757341	25757423	2
9	25757424	25766729	0
9	25766730	25771277	1
9	25771278	25828867	0
9	25828868	25842350	1
9	25842351	26167172	0
9	26167173	26175991	2
9	26175992	26177572	3
9	26177573	26249976	2
9	26249977	26250151	3
9	26250152	26342168	1
9	26342169	26405943	0
9	26405944	26411490	1
9	26411491	26416290	3
9	26416291	26416743	1
9	26416744	26420526	0
9	26420527	26500715	1
9	26500716	26585032	0
9	26585033	26668211	2
9	26668212	26675389	0
9	26675390	27022104	1
9	27022105	27096295	0
9	27096296	27178088	2
9	27178089	27421166	0
9	27421167	27656470	1
9	27656471	27656613	3
9	27656614	28148853	1
9	28148854	28446005	0
9	28446006	28446142	2
9	28446143	28562776	0
9	28562777	28562909	2
9	28562910	28664147	0
9	28664148	28664253	2
9	28664254	28871188	0
9	28871189	28871292	2
9	28871293	28993896	0
9	28993897	28999526	1
9	28999527	29732607	0
9	29732608	29732711	2
9	29732712	30292377	0
9	30292378	30292483	2
9	30292484	30858676	0
9	30858677	30858799	2
9	30858800	31098258	0
9	31098259	31104194	1
9	31104195	32404007	0
9	32404008	32405072	2
9	32405073	33046876	0
9	33046877	33047183	1
9	33047184	33049904	3
9	33049905	33050680	1
9	33050681	33063855	0
9	33063856	33135992	1
9	33135993	33214206	0
9	33214207	33221962	1
9	33221963	33222261	0
9	33222262	33225496	2
9	33225497	33245535	3
9	33245536	33246812	2
9	33246813	33420482	0
9	33420483	33447905	2
9	33447906	33486105	0
9	33486106	33488685	2
9	33488686	33539515	0
9	33539516	33539637	1
9	33539638	33647487	0
9	33647488	33647627	1
9	33647628	33912593	0
9	33912594	33912696	1
9	33912697	34447054	0
9	34447055	34818408	2
9	34818409	34818471	3
9	34818472	34915528	2
9	34915529	35478538	0
9	35478539	35480124	1
9	35480125	35692374	0
9	35692375	35903028	1
9	35903029	35934454	0
9	35934455	35934937	1
9	35934938	35944083	0
9	35944084	35966925	2
9	35966926	35970031	0
9	35970032	35980719	1
9	35980720	35985441	0
9	35985442	36040650	1
9	36040651	36081482	0
9	36081483	36135226	1
9	36135227	36135282	0
9	36135283	36529613	2
9	36529614	36640749	0
9	36640750	36646853	1
9	36646854	36649269	0
9	36649270	36653944	1
9	36653945	36654399	0
9	36654400	36660073	2
9	36660074	36672360	0
9	36672361	36690993	2
9	36690994	36699427	0
9	36699428	36702782	2
9	36702783	36707326	0
9	36707327	36712999	2
9	36713000	36739069	0
9	36739070	36746344	2
9	36746345	36746462	3
9	36746463	36751928	2
9	36751929	36762171	0
9	36762172	36770977	1
9	36770978	36790930	0
9	36790931	36802417	2
9	36802418	36861833	0
9	36861834	37005073	2
9	37005074	37006687	0
9	37006688	37033721	1
9	37033722	37038749	0
9	37038750	37082229	2
9	37082230	37335148	0
9	37335149	37335270	2
9	37335271	37335524	0
9	37335525	37335648	1
9	37335649	37962139	0
9	37962140	37962245	2
9	37962246	37981047	0
9	37981048	37981532	2
9	37981533	38256690	0
9	38256691	38257034	2
9	38257035	38282393	0
9	38282394	38322681	2
9	38322682	38359087	0
9	38359088	38468465	1
9	38468466	38494487	0
9	38494488	38502647	1
9	38502648	38502742	0
9	38502743	38512871	2
9	38512872	38534588	0
9	38534589	38547595	2
9	38547596	38562175	0
9	38562176	38605690	1
9	38605691	38607841	0
9	38607842	38660423	2
9	38660424	38661710	0
9	38661711	38685335	1
9	38685336	38711708	0
9	38711709	38750940	2
9	38750941	38755388	0
9	38755389	38770738	2
9	38770739	38773238	0
9	38773239	38779837	1
9	38779838	38781783	0
9	38781784	38790199	1
9	38790200	38791668	0
9	38791669	38802126	1
9	38802127	38805862	0
9	38805863	38913670	1
9	38913671	38921965	0
9	38921966	38925050	2
9	38925051	38929910	0
9	38929911	38938505	1
9	38938506	38944524	0
9	38944525	38985125	2
9	38985126	38989748	0
9	38989749	39011698	2
9	39011699	39016483	0
9	39016484	39162962	1
9	39162963	39250428	0
9	39250429	39419609	2
9	39419610	39448032	0
9	39448033	39493181	2
9	39493182	39528672	0
9	39528673	39640462	2
9	39640463	39646579	3
9	39646580	39653619	2
9	39653620	39664868	1
9	39664869	39664969	0
9	39664970	39672888	2
9	39672889	39673428	0
9	39673429	39766888	1
9	39766889	39834831	0
9	39834832	39951084	1
9	39951085	39991828	0
9	39991829	40098230	1
9	40098231	40098613	0
9	40098614	40113563	2
9	40113564	40113944	0
9	40113945	40125287	1
9	40125288	40125428	0
9	40125429	40137255	2
9	40137256	40141379	0
9	40141380	40150819	1
9	40150820	40171121	0
9	40171122	40182867	1
9	40182868	40211410	0
9	40211411	40222896	1
9	40222897	40277480	3
9	40277481	40384277	1
9	40384278	40404373	0
9	40404374	40857245	1
9	40857246	40922764	0
9	40922765	40922906	1
9	40922907	41034626	0
9	41034627	41070647	1
9	41070648	41092806	0
9	41092807	41122501	1
9	41122502	41123226	0
9	41123227	41123332	1
9	41123333	41169632	0
9	41169633	41180695	2
9	41180696	41232896	0
9	41232897	41234224	2
9	41234225	41234232	0
9	41234233	41243733	2
9	41243734	41302747	0
9	41302748	41302953	1
9	41302954	41463828	0
9	41463829	41642318	2
9	41642319	41647424	0
9	41647425	41651393	2
9	41651394	41651437	3
9	41651438	41662127	2
9	41662128	41761407	1
9	41761408	41814905	0
9	41814906	41824618	2
9	41824619	41826722	0
9	41826723	41826912	1
9	41826913	41828081	3
9	41828082	41829948	1
9	41829949	41830231	0
9	41830232	41854277	1
9	41854278	41902302	0
9	41902303	41921336	1
9	41921337	41921466	3
9	41921467	41945093	1
9	41945094	41957594	0
9	41957595	42021846	1
9	42021847	42096541	0
9	42096542	42097636	1
9	42097637	42200276	0
9	42200277	42326696	2
9	42326697	42326747	0
9	42326748	42328397	2
9	42328398	42384431	0
9	42384432	42424723	2
9	42424724	42494351	0
9	42494352	42494761	1
9	42494762	42504733	0
9	42504734	42579935	2
9	42579936	42591932	0
9	42591933	42605495	2
9	42605496	42608056	3
9	42608057	42636665	2
9	42636666	42697190	0
9	42697191	42727254	2
9	42727255	42727867	0
9	42727868	42760713	2
9	42760714	42768218	0
9	42768219	42800957	2
9	42800958	42825062	0
9	42825063	42879420	2
9	42879421	42931344	0
9	42931345	43014442	2
9	43014443	43019616	0
9	43019617	43039174	1
9	43039175	43059437	0
9	43059438	43111315	2
9	43111316	44944358	0
9	44944359	44945703	2
9	44945704	44945870	0
9	44945871	44948990	2
9	44948991	44975932	0
9	44975933	44987156	2
9	44987157	45113552	0
9	45113553	45127810	2
9	45127811	45127928	3
9	45127929	45172373	2
9	45172374	45262372	0
9	45262373	45264364	1
9	45264365	45306235	0
9	45306236	45309704	2
9	45309705	45320928	0
9	45320929	45371309	1
9	45371310	45371428	0
9	45371429	45382118	2
9	45382119	45388979	0
9	45388980	45431190	1
9	45431191	45545138	0
9	45545139	45547366	1
9	45547367	45587222	0
9	45587223	45587385	1
9	45587386	45714881	0
9	45714882	45840305	2
9	45840306	45992952	0
9	45992953	46012593	2
9	46012594	46046630	0
9	46046631	46060654	2
9	46060655	46060760	3
9	46060761	46128155	2
9	46128156	46133999	0
9	46134000	46145110	1
9	46145111	46198633	0
9	46198634	46235934	1
9	46235935	46242746	0
9	46242747	46252247	1
9	46252248	46256388	0
9	46256389	46268530	1
9	46268531	46269250	0
9	46269251	46305022	2
9	46305023	46309387	0
9	46309388	46354470	2
9	46354471	46383685	0
9	46383686	46397264	2
9	46397265	46506545	0
9	46506546	46507054	2
9	46507055	46622667	0
9	46622668	46880230	2
9	46880231	46880336	3
9	46880337	46899003	2
9	46899004	47115617	0
9	47115618	47115994	1
9	47115995	47374591	0
9	47374592	47410545	2
9	47410546	47448734	0
9	47448735	47598152	1
9	47598153	47802313	0
9	47802314	47802750	2
9	47802751	47880072	0
9	47880073	47880215	2
9	47880216	47903198	0
9	47903199	47933397	2
9	47933398	48033524	0
9	48033525	48051479	1
9	48051480	48076923	0
9	48076924	48077375	2
9	48077376	48126806	0
9	48126807	48139071	2
9	48139072	48141389	0
9	48141390	48215400	2
9	48215401	48215614	3
9	48215615	48229386	1
9	48229387	48229429	0
9	48229430	48229440	2
9	48229441	48233917	3
9	48233918	48234900	2
9	48234901	48237570	0
9	48237571	48253209	1
9	48253210	48253408	0
9	48253409	48340235	2
9	48340236	48391953	0
9	48391954	48392085	2
9	48392086	48452531	0
9	48452532	48458931	1
9	48458932	48510973	0
9	48510974	48511167	2
9	48511168	48568407	0
9	48568408	48584829	2
9	48584830	48590097	0
9	48590098	48669822	1
9	48669823	48669899	0
9	48669900	48717791	2
9	48717792	48763740	0
9	48763741	48764303	1
9	48764304	48773412	0
9	48773413	48858463	2
9	48858464	48861250	0
9	48861251	48880510	1
9	48880511	49053756	0
9	49053757	49092096	2
9	49092097	49344779	0
9	49344780	49416898	2
9	49416899	49419338	0
9	49419339	49588538	1
9	49588539	49592873	0
9	49592874	49615310	1
9	49615311	49690084	0
9	49690085	49850796	2
9	49850797	50078325	0
9	50078326	50084216	2
9	50084217	50126724	0
9	50126725	50134105	2
9	50134106	50154043	0
9	50154044	50154465	2
9	50154466	50301204	0
9	50301205	50314145	1
9	50314146	50317786	0
9	50317787	50317911	1
9	50317912	50321575	0
9	50321576	50321726	1
9	50321727	50425747	0
9	50425748	50425853	1
9	50425854	50436077	0
9	50436078	50733473	1
9	50733474	52090286	0
9	52090287	52090427	2
9	52090428	52574952	0
9	52574953	52575145	1
9	52575146	53031960	0
9	53031961	53032062	2
9	53032063	53338027	0
9	53338028	53339404	1
9	53339405	54099594	0
9	54099595	54099916	1
9	54099917	54836693	0
9	54836694	54872408	2
9	54872409	54876139	0
9	54876140	54960323	2
9	54960324	54960438	0
9	54960439	55262295	1
9	55262296	55307666	0
9	55307667	55338029	1
9	55338030	55342500	0
9	55342501	55345692	2
9	55345693	55359465	0
9	55359466	55361605	2
9	55361606	55365201	0
9	55365202	55580325	1
9	55580326	55793549	0
9	55793550	55833948	2
9	55833949	55834325	3
9	55834326	55883719	2
9	55883720	55896999	3
9	55897000	55897222	2
9	55897223	55942965	1
9	55942966	55948301	0
9	55948302	55949641	1
9	55949642	55970979	0
9	55970980	55970992	1
9	55970993	55973117	3
9	55973118	55975481	2
9	55975482	55975665	0
9	55975666	56044462	1
9	56044463	56126745	0
9	56126746	56427506	1
9	56427507	56450404	0
9	56450405	56450643	2
9	56450644	56469029	0
9	56469030	56469564	2
9	56469565	56486294	0
9	56486295	56487873	2
9	56487874	56492401	0
9	56492402	56532298	1
9	56532299	56553756	0
9	56553757	56573661	2
9	56573662	56579199	0
9	56579200	56589660	1
9	56589661	56589787	0
9	56589788	56593087	2
9	56593088	56617366	0
9	56617367	56630458	2
9	56630459	56641327	3
9	56641328	56707808	1
9	56707809	56720981	0
9	56720982	56723818	2
9	56723819	56733582	0
9	56733583	56859914	1
9	56859915	56901532	0
9	56901533	57238780	2
9	57238781	58182251	0
9	58182252	58184498	1
9	58184499	58350244	0
9	58350245	58422512	1
9	58422513	58422568	3
9	58422569	58530705	1
9	58530706	58570592	0
9	58570593	58601120	2
9	58601121	58947005	0
9	58947006	58949766	1
9	58949767	58949844	0
9	58949845	58958559	2
9	58958560	58961104	0
9	58961105	58978714	1
9	58978715	58979186	3
9	58979187	58986827	2
9	58986828	58995076	0
9	58995077	58995203	1
9	58995204	59008774	0
9	59008775	59040613	2
9	59040614	59320274	0
9	59320275	59493965	2
9	59493966	59502230	0
9	59502231	59544341	1
9	59544342	59544442	3
9	59544443	59548681	1
9	59548682	59566855	3
9	59566856	59573227	2
9	59573228	59579647	0
9	59579648	59658768	2
9	59658769	59664807	0
9	59664808	59701500	2
9	59701501	59701599	3
9	59701600	59818167	2
9	59818168	59823176	0
9	59823177	59823658	2
9	59823659	59828082	0
9	59828083	59916144	2
9	59916145	59924429	0
9	59924430	59930582	1
9	59930583	59930742	0
9	59930743	59944428	2
9	59944429	59947762	0
9	59947763	59956998	1
9	59956999	59964917	0
9	59964918	59979797	1
9	59979798	59979884	3
9	59979885	59986294	2
9	59986295	59986481	3
9	59986482	60000129	2
9	60000130	60001908	0
9	60001909	60038193	1
9	60038194	60056888	0
9	60056889	60093005	1
9	60093006	60098185	0
9	60098186	60129132	1
9	60129133	60129152	0
9	60129153	60139444	2
9	60139445	60185450	0
9	60185451	60237032	2
9	60237033	60249332	0
9	60249333	60256419	2
9	60256420	60264073	0
9	60264074	60312540	2
9	60312541	60315580	0
9	60315581	60343646	1
9	60343647	60350010	0
9	60350011	60413994	1
9	60413995	60414180	0
9	60414181	60433082	2
9	60433083	60434923	0
9	60434924	60509052	1
9	60509053	60509186	3
9	60509187	60530804	1
9	60530805	60535231	0
9	60535232	60584839	1
9	60584840	60585258	3
9	60585259	60611795	1
9	60611796	60613165	0
9	60613166	60670735	1
9	60670736	60699844	0
9	60699845	60700503	2
9	60700504	60711713	0
9	60711714	60802775	2
9	60802776	60930873	0
9	60930874	60935779	2
9	60935780	60968308	0
9	60968309	61075624	2
9	61075625	61077433	0
9	61077434	61108759	1
9	61108760	61120927	0
9	61120928	61144808	2
9	61144809	61190564	0
9	61190565	61250588	2
9	61250589	61251172	3
9	61251173	61301807	2
9	61301808	61303965	0
9	61303966	61307276	1
9	61307277	61336339	0
9	61336340	61336852	1
9	61336853	61340247	0
9	61340248	61408481	2
9	61408482	61412089	0
9	61412090	61470132	1
9	61470133	61475515	0
9	61475516	61502467	1
9	61502468	61506954	0
9	61506955	61550460	2
9	61550461	61575354	0
9	61575355	61736748	2
9	61736749	61736761	0
9	61736762	61741821	1
9	61741822	61743924	3
9	61743925	61744059	2
9	61744060	61755788	0
9	61755789	61805121	2
9	61805122	61827137	0
9	61827138	61905697	2
9	61905698	61907756	0
9	61907757	61961207	1
9	61961208	62093948	0
9	62093949	62094056	1
9	62094057	62166190	0
9	62166191	62194683	2
9	62194684	62295704	0
9	62295705	62305361	2
9	62305362	62319310	0
9	62319311	62324961	2
9	62324962	62383830	0
9	62383831	62405670	2
9	62405671	63038434	0
9	63038435	64068051	2
9	64068052	64123130	0
9	64123131	64237956	2
9	64237957	64417485	0
9	64417486	64417812	2
9	64417813	64436879	0
9	64436880	64436967	2
9	64436968	64447247	0
9	64447248	64450277	2
9	64450278	64452863	0
9	64452864	64456983	2
9	64456984	64457163	0
9	64457164	64515240	1
9	64515241	64546223	0
9	64546224	64579891	1
9	64579892	64582735	2
9	64582736	64585592	0
9	64585593	64586653	1
9	64586654	64709878	0
9	64709879	64744263	2
9	64744264	64862876	0
9	64862877	65006513	2
9	65006514	65028249	0
9	65028250	65034523	2
9	65034524	65037491	0
9	65037492	65098547	1
9	65098548	65119027	0
9	65119028	65167931	1
9	65167932	65168226	0
9	65168227	65188172	2
9	65188173	65357486	0
9	65357487	65387989	2
9	65387990	65437165	0
9	65437166	65526259	1
9	65526260	65526492	0
9	65526493	65582790	2
9	65582791	65826627	0
9	65826628	65826854	1
9	65826855	65903545	0
9	65903546	65970814	2
9	65970815	65978049	0
9	65978050	65987548	1
9	65987549	65999946	0
9	65999947	66036096	2
9	66036097	66060372	0
9	66060373	66068163	2
9	66068164	66071541	0
9	66071542	66107997	2
9	66107998	66113110	0
9	66113111	66121455	1
9	66121456	66164623	0
9	66164624	66166176	2
9	66166177	66166319	0
9	66166320	66325292	1
9	66325293	66374310	0
9	66374311	66374470	1
9	66374471	66429922	0
9	66429923	66433272	1
9	66433273	66442052	0
9	66442053	66444065	1
9	66444066	66451591	0
9	66451592	66453624	1
9	66453625	66461458	0
9	66461459	66463518	1
9	66463519	66482174	0
9	66482175	66509894	1
9	66509895	66534144	0
9	66534145	66563706	1
9	66563707	66563725	0
9	66563726	66657866	2
9	66657867	66706048	0
9	66706049	66810034	2
9	66810035	67035466	0
9	67035467	67035642	1
9	67035643	67447952	0
9	67447953	67450427	2
9	67450428	67571336	0
9	67571337	67573398	1
9	67573399	67723369	0
9	67723370	67979807	2
9	67979808	68011726	0
9	68011727	68187657	2
9	68187658	68191290	0
9	68191291	68211187	2
9	68211188	68211289	3
9	68211290	68211589	2
9	68211590	68300220	1
9	68300221	68303520	0
9	68303521	68307508	1
9	68307509	68310273	0
9	68310274	68312031	2
9	68312032	68333978	0
9	68333979	68366209	1
9	68366210	68366271	3
9	68366272	68372218	1
9	68372219	68381514	0
9	68381515	68381645	2
9	68381646	68437515	0
9	68437516	68458259	1
9	68458260	68477743	0
9	68477744	68505241	1
9	68505242	68518572	0
9	68518573	68548626	1
9	68548627	68614151	0
9	68614152	68737031	2
9	68737032	68756813	0
9	68756814	68756938	2
9	68756939	69531479	0
9	69531480	70596593	1
9	70596594	70859701	0
9	70859702	70860909	2
9	70860910	71042438	0
9	71042439	71190865	1
9	71190866	71332990	0
9	71332991	71345733	2
9	71345734	71345860	3
9	71345861	72154156	2
9	72154157	72154299	3
9	72154300	72252706	2
9	72252707	72253385	0
9	72253386	72444837	2
9	72444838	72623153	0
9	72623154	72694263	1
9	72694264	72823348	0
9	72823349	72996047	1
9	72996048	73164844	0
9	73164845	73184887	2
9	73184888	73196042	0
9	73196043	73264476	1
9	73264477	73264675	3
9	73264676	73264676	1
9	73264677	73268628	2
9	73268629	73273680	0
9	73273681	73284485	1
9	73284486	73284991	3
9	73284992	73291809	1
9	73291810	73465049	0
9	73465050	73465138	2
9	73465139	73787265	0
9	73787266	73842085	1
9	73842086	73856771	0
9	73856772	73856961	2
9	73856962	73874251	0
9	73874252	73874441	2
9	73874442	73889836	0
9	73889837	73890026	2
9	73890027	73894011	0
9	73894012	73894201	2
9	73894202	73897878	0
9	73897879	73926509	1
9	73926510	73926566	0
9	73926567	73950574	2
9	73950575	73955214	0
9	73955215	74044016	2
9	74044017	74078432	0
9	74078433	74198197	1
9	74198198	74231749	0
9	74231750	74237921	1
9	74237922	74240239	0
9	74240240	74286144	2
9	74286145	74288086	0
9	74288087	74292682	1
9	74292683	74298816	0
9	74298817	74302728	2
9	74302729	74415544	0
9	74415545	74442935	2
9	74442936	74448380	0
9	74448381	74465154	1
9	74465155	74594464	0
9	74594465	74595272	1
9	74595273	75310798	0
9	75310799	75310940	1
9	75310941	75495812	0
9	75495813	75703223	1
9	75703224	75703748	0
9	75703749	75723523	2
9	75723524	75729113	0
9	75729114	75739423	2
9	75739424	75766768	0
9	75766769	75771082	1
9	75771083	75820768	0
9	75820769	75851469	2
9	75851470	75860675	0
9	75860676	75863166	2
9	75863167	75863387	0
9	75863388	75867466	1
9	75867467	75868545	3
9	75868546	75871833	2
9	75871834	75889067	3
9	75889068	75937122	2
9	75937123	75945959	0
9	75945960	75953605	2
9	75953606	75957314	0
9	75957315	75968099	2
9	75968100	75973960	0
9	75973961	75979295	2
9	75979296	75991139	0
9	75991140	76018856	2
9	76018857	76018989	0
9	76018990	76084042	1
9	76084043	76084332	0
9	76084333	76109098	2
9	76109099	76117166	0
9	76117167	76142225	2
9	76142226	76142451	3
9	76142452	76164854	1
9	76164855	76164930	0
9	76164931	76168936	2
9	76168937	76170035	0
9	76170036	76176847	1
9	76176848	76176918	0
9	76176919	76204420	2
9	76204421	76221794	0
9	76221795	76251299	2
9	76251300	76264858	0
9	76264859	76294549	2
9	76294550	76295713	0
9	76295714	76304957	1
9	76304958	76313219	0
9	76313220	76313683	1
9	76313684	76329880	0
9	76329881	76343521	2
9	76343522	76349929	0
9	76349930	76362398	2
9	76362399	76367191	0
9	76367192	76367613	2
9	76367614	76416060	0
9	76416061	76418342	2
9	76418343	76439170	0
9	76439171	76443063	1
9	76443064	76447249	0
9	76447250	76450458	1
9	76450459	76454643	0
9	76454644	76457881	1
9	76457882	76457909	0
9	76457910	76457983	1
9	76457984	76459209	0
9	76459210	76494126	1
9	76494127	76504313	0
9	76504314	76510530	1
9	76510531	76526322	0
9	76526323	76549419	1
9	76549420	76549838	3
9	76549839	76622442	1
9	76622443	76622798	0
9	76622799	76631364	1
9	76631365	76633475	0
9	76633476	76640186	1
9	76640187	76640317	0
9	76640318	76646393	2
9	76646394	76648461	0
9	76648462	76665485	1
9	76665486	76665544	0
9	76665545	76668443	2
9	76668444	76668552	0
9	76668553	76676922	1
9	76676923	76677402	0
9	76677403	76687984	1
9	76687985	76688192	0
9	76688193	76695171	2
9	76695172	76696467	3
9	76696468	76705508	1
9	76705509	76705600	0
9	76705601	76708853	2
9	76708854	76709612	0
9	76709613	76713916	1
9	76713917	76715111	0
9	76715112	76726162	1
9	76726163	76729573	3
9	76729574	76730811	1
9	76730812	76731063	0
9	76731064	76739275	2
9	76739276	76741014	0
9	76741015	76756188	1
9	76756189	76764588	0
9	76764589	76778720	1
9	76778721	76783964	0
9	76783965	76808714	1
9	76808715	76850980	0
9	76850981	76858697	2
9	76858698	76865752	0
9	76865753	76923142	2
9	76923143	76926737	0
9	76926738	76934267	2
9	76934268	76939060	0
9	76939061	76940319	1
9	76940320	76941530	0
9	76941531	76962898	2
9	76962899	76963182	0
9	76963183	76967876	1
9	76967877	76968105	0
9	76968106	76974251	2
9	76974252	76993558	3
9	76993559	77033009	2
9	77033010	77037014	0
9	77037015	77049103	2
9	77049104	77055481	0
9	77055482	77060877	2
9	77060878	78433144	0
9	78433145	78434141	2
9	78434142	78511401	0
9	78511402	78541989	2
9	78541990	78578499	0
9	78578500	78578636	2
9	78578637	78815458	0
9	78815459	78958137	1
9	78958138	79351643	0
9	79351644	79351805	1
9	79351806	79568632	0
9	79568633	79664040	1
9	79664041	79682332	0
9	79682333	79683373	1
9	79683374	79757813	0
9	79757814	79757915	2
9	79757916	79763282	0
9	79763283	79880455	2
9	79880456	79887840	0
9	79887841	79947043	1
9	79947044	79956647	0
9	79956648	79988511	2
9	79988512	80115075	0
9	80115076	80164625	2
9	80164626	80247377	0
9	80247378	80250977	2
9	80250978	80453137	0
9	80453138	80454169	1
9	80454170	80454591	3
9	80454592	80454612	2
9	80454613	80803073	0
9	80803074	80821095	1
9	80821096	80870559	0
9	80870560	80870672	1
9	80870673	80950713	0
9	80950714	81009796	1
9	81009797	81034847	0
9	81034848	81092773	1
9	81092774	81106653	0
9	81106654	81112810	2
9	81112811	81115175	0
9	81115176	81116048	1
9	81116049	81124802	0
9	81124803	81188824	1
9	81188825	81515397	0
9	81515398	81533339	1
9	81533340	81592639	0
9	81592640	81670460	1
9	81670461	81766934	0
9	81766935	81781282	1
9	81781283	81784740	0
9	81784741	81786122	1
9	81786123	81843602	0
9	81843603	82101523	1
9	82101524	82183048	0
9	82183049	82183512	1
9	82183513	82406825	0
9	82406826	82653496	2
9	82653497	83548942	0
9	83548943	83550498	1
9	83550499	83550807	3
9	83550808	83606120	1
9	83606121	83630061	0
9	83630062	83748687	2
9	83748688	83755513	0
9	83755514	83875559	1
9	83875560	83875874	3
9	83875875	84001893	2
9	84001894	84001968	0
9	84001969	84007703	1
9	84007704	84007796	0
9	84007797	84036037	2
9	84036038	84038713	0
9	84038714	84052613	1
9	84052614	84056250	0
9	84056251	84056684	1
9	84056685	84125118	0
9	84125119	84178126	2
9	84178127	84206730	0
9	84206731	84207086	2
9	84207087	84212361	0
9	84212362	84212831	1
9	84212832	84277022	0
9	84277023	84299335	1
9	84299336	84302411	0
9	84302412	84302776	1
9	84302777	84305620	0
9	84305621	84305994	2
9	84305995	84319651	0
9	84319652	84320085	1
9	84320086	84322268	0
9	84322269	84322702	2
9	84322703	84388902	0
9	84388903	84391627	2
9	84391628	84435550	0
9	84435551	84472633	2
9	84472634	84510962	0
9	84510963	84657557	1
9	84657558	85175942	0
9	85175943	85176068	2
9	85176069	85284333	0
9	85284334	85503042	1
9	85503043	85586985	0
9	85586986	85902467	1
9	85902468	85902543	3
9	85902544	85902635	1
9	85902636	85916689	0
9	85916690	86040860	1
9	86040861	86042041	3
9	86042042	86042448	1
9	86042449	86051401	3
9	86051402	86107227	2
9	86107228	86112892	0
9	86112893	86137316	1
9	86137317	86166031	0
9	86166032	86173495	2
9	86173496	86200501	0
9	86200502	86222668	1
9	86222669	86224511	0
9	86224512	86231282	2
9	86231283	86231987	3
9	86231988	86274540	2
9	86274541	86275633	0
9	86275634	86287057	2
9	86287058	86311030	0
9	86311031	86377032	2
9	86377033	86383199	0
9	86383200	86405359	1
9	86405360	86463093	0
9	86463094	86524542	2
9	86524543	86545919	0
9	86545920	86559740	2
9	86559741	86565503	0
9	86565504	86565668	2
9	86565669	86590883	0
9	86590884	86640611	1
9	86640612	86647221	0
9	86647222	86647625	2
9	86647626	86659782	0
9	86659783	86672270	2
9	86672271	86691865	0
9	86691866	86698183	2
9	86698184	86709945	0
9	86709946	86742100	2
9	86742101	86755106	3
9	86755107	86785209	2
9	86785210	86802866	0
9	86802867	86928858	2
9	86928859	86956218	0
9	86956219	86960168	2
9	86960169	86998017	0
9	86998018	87008134	1
9	87008135	87033277	0
9	87033278	87036682	1
9	87036683	87057885	0
9	87057886	87075583	1
9	87075584	87075682	0
9	87075683	87077100	2
9	87077101	87176228	0
9	87176229	87180331	2
9	87180332	87190527	0
9	87190528	87190631	1
9	87190632	87192981	0
9	87192982	87237967	1
9	87237968	87238373	0
9	87238374	87263965	2
9	87263966	87320049	0
9	87320050	87324249	1
9	87324250	87356455	0
9	87356456	87736614	2
9	87736615	87753646	0
9	87753647	87757834	2
9	87757835	87765858	0
9	87765859	87768604	1
9	87768605	87773409	0
9	87773410	87776875	1
9	87776876	87792434	0
9	87792435	87792528	1
9	87792529	87804747	0
9	87804748	87807911	2
9	87807912	87816716	0
9	87816717	87826673	1
9	87826674	87854803	0
9	87854804	87859976	2
9	87859977	87862405	0
9	87862406	87870831	2
9	87870832	87878083	0
9	87878084	87914480	2
9	87914481	87925490	0
9	87925491	87925593	2
9	87925594	87938282	0
9	87938283	87984915	2
9	87984916	88001299	0
9	88001300	88063001	2
9	88063002	88066298	3
9	88066299	88125713	2
9	88125714	88140417	0
9	88140418	88145889	2
9	88145890	88146954	0
9	88146955	88244912	1
9	88244913	88249133	0
9	88249134	88267353	2
9	88267354	88287675	0
9	88287676	88392744	2
9	88392745	88422036	0
9	88422037	88457527	2
9	88457528	88469374	0
9	88469375	88508818	2
9	88508819	88516713	0
9	88516714	88607343	2
9	88607344	88607928	0
9	88607929	88678912	1
9	88678913	88713182	0
9	88713183	88795486	2
9	88795487	88796558	3
9	88796559	88808463	2
9	88808464	88814195	0
9	88814196	88852605	2
9	88852606	88853384	0
9	88853385	88867726	1
9	88867727	88903878	0
9	88903879	88988550	2
9	88988551	88991783	0
9	88991784	88991914	2
9	88991915	89007173	0
9	89007174	89026686	2
9	89026687	89298003	0
9	89298004	89304511	1
9	89304512	89660154	0
9	89660155	89739161	2
9	89739162	89788625	0
9	89788626	89788728	1
9	89788729	89999369	0
9	89999370	90000200	1
9	90000201	90039603	0
9	90039604	90470956	2
9	90470957	90473068	0
9	90473069	90473766	2
9	90473767	90475190	3
9	90475191	90475192	2
9	90475193	90509631	0
9	90509632	90512210	1
9	90512211	90531594	0
9	90531595	90595846	1
9	90595847	90626742	0
9	90626743	90742616	1
9	90742617	90799684	0
9	90799685	90811235	2
9	90811236	91207393	0
9	91207394	91217256	2
9	91217257	91361581	0
9	91361582	91439469	1
9	91439470	91507589	0
9	91507590	91542981	2
9	91542982	91547899	0
9	91547900	91548816	2
9	91548817	91553462	0
9	91553463	91566449	1
9	91566450	91643195	0
9	91643196	91720248	2
9	91720249	91731113	0
9	91731114	91756770	2
9	91756771	91765561	0
9	91765562	91816149	2
9	91816150	91845985	0
9	91845986	91880592	2
9	91880593	91890304	0
9	91890305	91910939	2
9	91910940	91912047	0
9	91912048	91935290	2
9	91935291	91942502	0
9	91942503	91952728	2
9	91952729	91956975	0
9	91956976	91964844	2
9	91964845	91966439	0
9	91966440	91988890	1
9	91988891	91989908	0
9	91989909	91996478	1
9	91996479	92001839	0
9	92001840	92003557	1
9	92003558	92007294	0
9	92007295	92049457	1
9	92049458	92053291	0
9	92053292	92053668	1
9	92053669	92073638	0
9	92073639	92087504	2
9	92087505	92087606	3
9	92087607	92108975	2
9	92108976	92120304	0
9	92120305	92136374	2
9	92136375	92374572	0
9	92374573	92419220	2
9	92419221	92507609	0
9	92507610	92601218	1
9	92601219	92601357	3
9	92601358	92750162	1
9	92750163	92815626	0
9	92815627	92815934	1
9	92815935	93007040	0
9	93007041	93042558	1
9	93042559	93045012	0
9	93045013	93053639	1
9	93053640	93054319	0
9	93054320	93060065	1
9	93060066	93067046	0
9	93067047	93077528	1
9	93077529	93115230	0
9	93115231	93123439	2
9	93123440	93129470	0
9	93129471	93135650	2
9	93135651	93136556	0
9	93136557	93147426	2
9	93147427	93147828	0
9	93147829	93153215	2
9	93153216	93158258	0
9	93158259	93176404	2
9	93176405	93190234	0
9	93190235	93193747	2
9	93193748	93209841	0
9	93209842	93213315	1
9	93213316	93216946	0
9	93216947	93218464	1
9	93218465	93396232	0
9	93396233	93423961	2
9	93423962	93424045	3
9	93424046	93472388	1
9	93472389	93477229	3
9	93477230	93477234	1
9	93477235	93486329	2
9	93486330	93497850	0
9	93497851	93498194	1
9	93498195	93498476	0
9	93498477	93510492	2
9	93510493	93512842	0
9	93512843	93512929	1
9	93512930	93527125	0
9	93527126	93539297	2
9	93539298	93540667	0
9	93540668	93545832	1
9	93545833	93546091	0
9	93546092	93550965	1
9	93550966	93554525	0
9	93554526	93560009	2
9	93560010	93563043	0
9	93563044	93647478	1
9	93647479	93675382	0
9	93675383	93685334	2
9	93685335	93690997	0
9	93690998	93700504	1
9	93700505	93708682	0
9	93708683	93769400	2
9	93769401	93774117	0
9	93774118	93830692	2
9	93830693	93834142	0
9	93834143	93838862	1
9	93838863	93844276	0
9	93844277	93886141	1
9	93886142	93886262	3
9	93886263	93914848	2
9	93914849	93915006	0
9	93915007	93917145	1
9	93917146	93917522	0
9	93917523	93945321	2
9	93945322	93948097	0
9	93948098	93949789	1
9	93949790	93949911	0
9	93949912	94018046	1
9	94018047	94018206	0
9	94018207	94050571	2
9	94050572	94051384	3
9	94051385	94053724	1
9	94053725	94092830	3
9	94092831	94161834	2
9	94161835	94162210	3
9	94162211	94174242	1
9	94174243	94223387	0
9	94223388	94234474	2
9	94234475	94242579	0
9	94242580	94279032	1
9	94279033	94279268	3
9	94279269	94282304	1
9	94282305	94282507	0
9	94282508	94314101	2
9	94314102	94315550	0
9	94315551	94324868	1
9	94324869	94326546	0
9	94326547	94344218	2
9	94344219	94350574	0
9	94350575	94368380	2
9	94368381	94376172	0
9	94376173	94389172	2
9	94389173	94396918	0
9	94396919	94402574	2
9	94402575	94418789	0
9	94418790	94431935	1
9	94431936	94500430	0
9	94500431	94501126	1
9	94501127	95421518	0
9	95421519	95421614	1
9	95421615	95742925	0
9	95742926	95761079	2
9	95761080	95976956	0
9	95976957	95981415	2
9	95981416	95993501	0
9	95993502	96084651	1
9	96084652	97128043	0
9	97128044	97128173	2
9	97128174	97178859	0
9	97178860	97229713	1
9	97229714	97231744	0
9	97231745	97262306	2
9	97262307	97271332	0
9	97271333	97347334	1
9	97347335	97357489	0
9	97357490	97358436	1
9	97358437	97500295	0
9	97500296	97580430	1
9	97580431	97626417	0
9	97626418	97739758	1
9	97739759	98122914	0
9	98122915	98271963	2
9	98271964	98293595	0
9	98293596	98315250	1
9	98315251	98315846	3
9	98315847	98390812	2
9	98390813	98420374	0
9	98420375	98441731	2
9	98441732	98442043	0
9	98442044	98455190	1
9	98455191	98493412	0
9	98493413	98520035	2
9	98520036	98591226	0
9	98591227	98690911	1
9	98690912	98742358	0
9	98742359	98755037	1
9	98755038	98948372	0
9	98948373	98948496	1
9	98948497	99093458	0
9	99093459	99093865	2
9	99093866	99304407	0
9	99304408	99304513	1
9	99304514	100241671	0
9	100241672	100241833	2
9	100241834	100550030	0
9	100550031	100602386	2
9	100602387	100604769	3
9	100604770	100824254	2
9	100824255	102319961	0
9	102319962	102597411	1
9	102597412	102782438	0
9	102782439	102916974	1
9	102916975	102917098	3
9	102917099	103208948	1
9	103208949	103220205	0
9	103220206	103226868	2
9	103226869	103520491	0
9	103520492	103821449	2
9	103821450	103823927	0
9	103823928	103827362	1
9	103827363	103956676	0
9	103956677	104006781	1
9	104006782	104060815	0
9	104060816	104060921	2
9	104060922	104165361	0
9	104165362	104165853	1
9	104165854	104251999	0
9	104252000	104408347	2
9	104408348	104607116	0
9	104607117	104607245	1
9	104607246	104733728	0
9	104733729	104755661	2
9	104755662	104784299	0
9	104784300	104784417	1
9	104784418	104887667	0
9	104887668	105108729	1
9	105108730	105109318	3
9	105109319	105143025	1
9	105143026	105177905	0
9	105177906	105207845	1
9	105207846	105230576	0
9	105230577	105235124	1
9	105235125	105246707	0
9	105246708	105381251	1
9	105381252	105381300	0
9	105381301	105384228	1
9	105384229	105391410	0
9	105391411	105450631	2
9	105450632	105456423	0
9	105456424	105492705	1
9	105492706	105533134	0
9	105533135	105567477	1
9	105567478	105584063	0
9	105584064	105687909	1
9	105687910	105690453	0
9	105690454	105710711	1
9	105710712	105722897	0
9	105722898	105733007	2
9	105733008	105766165	0
9	105766166	105772711	1
9	105772712	105782278	0
9	105782279	105791233	1
9	105791234	105805419	0
9	105805420	105812117	1
9	105812118	105815528	3
9	105815529	105816650	1
9	105816651	105817905	2
9	105817906	105833502	0
9	105833503	105862548	2
9	105862549	105880177	0
9	105880178	105882060	1
9	105882061	105945259	0
9	105945260	105963936	1
9	105963937	105969177	0
9	105969178	105972343	1
9	105972344	105972657	3
9	105972658	105974474	1
9	105974475	106007569	0
9	106007570	106018503	1
9	106018504	106024642	0
9	106024643	106026680	1
9	106026681	106027361	0
9	106027362	106052078	1
9	106052079	106081216	0
9	106081217	106093753	1
9	106093754	106097496	0
9	106097497	106100340	1
9	106100341	106107255	0
9	106107256	106121730	1
9	106121731	106123590	0
9	106123591	106136680	2
9	106136681	106321096	0
9	106321097	106442201	1
9	106442202	106480299	0
9	106480300	106506908	1
9	106506909	106525841	0
9	106525842	106526699	1
9	106526700	106543721	0
9	106543722	106580905	1
9	106580906	106639571	0
9	106639572	107343696	1
9	107343697	107625180	0
9	107625181	107626082	1
9	107626083	107692768	0
9	107692769	107817476	2
9	107817477	107833328	0
9	107833329	107997998	1
9	107997999	108073666	0
9	108073667	108074013	1
9	108074014	108329667	0
9	108329668	108747772	2
9	108747773	108805785	0
9	108805786	108812224	2
9	108812225	109016111	0
9	109016112	109260605	2
9	109260606	109308358	0
9	109308359	109321448	1
9	109321449	109322602	0
9	109322603	109325547	2
9	109325548	109331026	0
9	109331027	109338630	2
9	109338631	109389734	0
9	109389735	109435065	2
9	109435066	109460769	0
9	109460770	109461251	1
9	109461252	110167446	0
9	110167447	110720919	2
9	110720920	110726815	3
9	110726816	110757800	1
9	110757801	110856807	0
9	110856808	110868766	2
9	110868767	110873957	0
9	110873958	110915941	1
9	110915942	110916578	3
9	110916579	111039342	2
9	111039343	111047469	0
9	111047470	111069239	1
9	111069240	111081717	0
9	111081718	111081823	1
9	111081824	111083743	0
9	111083744	111158191	2
9	111158192	111160710	0
9	111160711	111220350	1
9	111220351	111247700	0
9	111247701	111252709	1
9	111252710	111254243	3
9	111254244	111349663	1
9	111349664	111386453	0
9	111386454	111398866	2
9	111398867	111407189	0
9	111407190	111410272	1
9	111410273	111411126	3
9	111411127	111440922	1
9	111440923	111441025	0
9	111441026	111464747	2
9	111464748	111515704	0
9	111515705	111518478	2
9	111518479	111574477	0
9	111574478	111575666	2
9	111575667	111656364	0
9	111656365	111659555	1
9	111659556	111860075	0
9	111860076	111860183	2
9	111860184	111864787	0
9	111864788	111864912	1
9	111864913	112183208	0
9	112183209	112183350	1
9	112183351	112301509	0
9	112301510	112302583	1
9	112302584	112614687	0
9	112614688	112614793	2
9	112614794	112829870	0
9	112829871	112830787	1
9	112830788	112843663	0
9	112843664	112844990	2
9	112844991	113103716	0
9	113103717	113109771	1
9	113109772	113200254	0
9	113200255	113299835	2
9	113299836	113313450	0
9	113313451	113329534	1
9	113329535	113344499	0
9	113344500	113370075	1
9	113370076	113378365	0
9	113378366	113392419	2
9	113392420	113399123	0
9	113399124	113422879	2
9	113422880	113430033	3
9	113430034	113440094	1
9	113440095	113461704	3
9	113461705	113501631	1
9	113501632	113519241	3
9	113519242	113541386	1
9	113541387	113561568	3
9	113561569	113587178	1
9	113587179	113621667	3
9	113621668	113659035	1
9	113659036	113676686	3
9	113676687	113729878	1
9	113729879	113776549	3
9	113776550	113819935	1
9	113819936	113848165	3
9	113848166	113866730	1
9	113866731	113885567	3
9	113885568	113936358	1
9	113936359	113982469	3
9	113982470	114050819	1
9	114050820	114067746	3
9	114067747	114067932	1
9	114067933	114109920	0
9	114109921	114124794	2
9	114124795	114137791	0
9	114137792	114149277	2
