<CHROM>	<START>	<END>	<TSB>
MT	0	66	0
MT	67	1023	2
MT	1024	1024	0
MT	1025	1091	2
MT	1092	1092	0
MT	1093	2662	2
MT	2663	2663	0
MT	2664	2737	2
MT	2738	2738	0
MT	2739	3692	2
MT	3693	3693	0
MT	3694	3759	2
MT	3760	3761	3
MT	3762	3829	1
MT	3830	3833	0
MT	3834	3901	2
MT	3902	3902	0
MT	3903	4940	2
MT	4941	4941	0
MT	4942	5006	2
MT	5007	5008	0
MT	5009	5076	1
MT	5077	5079	0
MT	5080	5150	1
MT	5151	5183	0
MT	5184	5250	1
MT	5251	5254	0
MT	5255	5319	1
MT	5320	5321	0
MT	5322	6863	2
MT	6864	6865	3
MT	6866	6931	1
MT	6932	6935	0
MT	6936	7002	2
MT	7003	7004	0
MT	7005	7687	2
MT	7688	7691	0
MT	7692	7754	2
MT	7755	7756	0
MT	7757	9380	2
MT	9381	9381	0
MT	9382	9448	2
MT	9449	9449	0
MT	9450	9796	2
MT	9797	9798	0
MT	9799	9865	2
MT	9866	9868	0
MT	9869	11535	2
MT	11536	11536	0
MT	11537	11603	2
MT	11604	11604	0
MT	11605	11733	2
MT	11734	11734	0
MT	11735	13541	2
MT	13542	13563	3
MT	13564	14059	1
MT	14060	14060	0
MT	14061	14128	1
MT	14129	14134	0
MT	14135	15276	2
MT	15277	15278	0
MT	15279	15344	2
MT	15345	15346	0
MT	15347	15413	1
