<CHROM>	<START>	<END>	<TSB>
X	0	96055	0
X	96056	96608	1
X	96609	137612	0
X	137613	142213	1
X	142214	484502	0
X	484503	488123	2
X	488124	645175	0
X	645176	647886	1
X	647887	698880	0
X	698881	715905	2
X	715906	899437	0
X	899438	918815	2
X	918816	922047	3
X	922048	1000952	2
X	1000953	1036151	0
X	1036152	1126100	1
X	1126101	1126160	0
X	1126161	1138661	2
X	1138662	1139754	0
X	1139755	1155711	2
X	1155712	1161977	0
X	1161978	1167571	2
X	1167572	1172206	0
X	1172207	1196727	2
X	1196728	1197224	3
X	1197225	1212970	2
X	1212971	1217662	3
X	1217663	1227390	2
X	1227391	1227394	3
X	1227395	1239071	1
X	1239072	1239929	0
X	1239930	1292353	1
X	1292354	1336292	0
X	1336293	1336627	1
X	1336628	1340820	0
X	1340821	1340958	1
X	1340959	1386153	0
X	1386154	1386848	2
X	1386849	1399388	0
X	1399389	1401288	1
X	1401289	1473348	0
X	1473349	1489518	1
X	1489519	1492812	0
X	1492813	1504146	1
X	1504147	1508664	0
X	1508665	1530634	1
X	1530635	1540396	0
X	1540397	1572573	1
X	1572574	1572783	0
X	1572784	1575060	2
X	1575061	1576571	0
X	1576572	1576748	2
X	1576749	1619030	0
X	1619031	1634448	1
X	1634449	1640298	0
X	1640299	1641809	1
X	1641810	1669928	0
X	1669929	1845136	1
X	1845137	1873304	0
X	1873305	1916686	1
X	1916687	2214439	0
X	2214440	2388010	2
X	2388011	2393872	0
X	2393873	2432838	1
X	2432839	2488881	0
X	2488882	2489189	2
X	2489190	2688634	0
X	2688635	2688777	2
X	2688778	3181350	0
X	3181351	3181453	1
X	3181454	3428902	0
X	3428903	3429004	2
X	3429005	3429463	0
X	3429464	3429571	2
X	3429572	3450555	0
X	3450556	3450842	1
X	3450843	3605240	0
X	3605241	3605472	1
X	3605473	4032893	0
X	4032894	4033894	2
X	4033895	4205488	0
X	4205489	4271572	2
X	4271573	4337748	0
X	4337749	4477060	1
X	4477061	4488019	0
X	4488020	4488875	1
X	4488876	4541490	0
X	4541491	4541634	2
X	4541635	4730255	0
X	4730256	4730357	1
X	4730358	4755171	0
X	4755172	4762465	2
X	4762466	4828214	0
X	4828215	4828816	1
X	4828817	5083615	0
X	5083616	5100282	2
X	5100283	5360615	0
X	5360616	5418458	2
X	5418459	5422129	3
X	5422130	5560968	2
X	5560969	5694364	0
X	5694365	5821422	2
X	5821423	5823347	0
X	5823348	5890941	2
X	5890942	5907264	0
X	5907265	6011001	2
X	6011002	6030793	0
X	6030794	6099591	1
X	6099592	6381317	0
X	6381318	6383092	2
X	6383093	7712071	0
X	7712072	7712973	2
X	7712974	7871596	0
X	7871597	7872296	2
X	7872297	8899831	0
X	8899832	9080252	2
X	9080253	9081238	3
X	9081239	9104563	2
X	9104564	9113730	3
X	9113731	9238692	2
X	9238693	9280862	0
X	9280863	9301898	1
X	9301899	9479530	0
X	9479531	9493166	1
X	9493167	9529747	0
X	9529748	9532019	2
X	9532020	9537020	3
X	9537021	9538413	2
X	9538414	9539786	0
X	9539787	9539896	2
X	9539897	9588823	0
X	9588824	9696709	1
X	9696710	9705279	0
X	9705280	9727064	1
X	9727065	9795792	0
X	9795793	9839179	1
X	9839180	9840753	3
X	9840754	10036326	1
X	10036327	10036803	0
X	10036804	10126238	2
X	10126239	10129655	0
X	10129656	10146291	2
X	10146292	10147143	3
X	10147144	10150898	2
X	10150899	10183066	0
X	10183067	10210916	1
X	10210917	10442875	0
X	10442876	10443892	1
X	10443893	10687730	0
X	10687731	10729611	2
X	10729612	10788539	0
X	10788540	10789497	1
X	10789498	10796748	0
X	10796749	10796854	2
X	10796855	10928221	0
X	10928222	10928324	1
X	10928325	12060881	0
X	12060882	12065772	1
X	12065773	12208781	0
X	12208782	12306129	1
X	12306130	12306189	0
X	12306190	12307266	2
X	12307267	12311275	0
X	12311276	12311414	2
X	12311415	12369693	0
X	12369694	12371605	2
X	12371606	12386525	0
X	12386526	12447576	2
X	12447577	12453832	0
X	12453833	12566643	1
X	12566644	12566916	3
X	12566917	12747880	2
X	12747881	12788696	0
X	12788697	12993054	1
X	12993055	12993226	3
X	12993227	13030173	1
X	13030174	13327890	0
X	13327891	13337137	2
X	13337138	13359428	0
X	13359429	13392584	1
X	13392585	13430299	0
X	13430300	13430472	1
X	13430473	13436416	0
X	13436417	13472828	1
X	13472829	13480309	0
X	13480310	13499322	1
X	13499323	13502708	3
X	13502709	13609676	1
X	13609677	13685095	0
X	13685096	13685655	2
X	13685656	13753474	0
X	13753475	13754034	1
X	13754035	13776112	0
X	13776113	13777407	1
X	13777408	13802415	0
X	13802416	13803249	1
X	13803250	13841392	0
X	13841393	13842226	2
X	13842227	13883184	0
X	13883185	13884145	2
X	13884146	13915421	0
X	13915422	13918088	1
X	13918089	13931468	0
X	13931469	13939718	1
X	13939719	14210894	0
X	14210895	14211013	2
X	14211014	14213727	0
X	14213728	14222496	1
X	14222497	14244048	0
X	14244049	14252028	2
X	14252029	14254682	0
X	14254683	14266296	2
X	14266297	14285869	0
X	14285870	14298479	2
X	14298480	14299446	0
X	14299447	14305824	2
X	14305825	14314412	0
X	14314413	14338273	2
X	14338274	14348908	0
X	14348909	14353578	2
X	14353579	14362858	0
X	14362859	14373725	2
X	14373726	14405122	0
X	14405123	14412123	2
X	14412124	14412227	3
X	14412228	14413847	2
X	14413848	14421107	0
X	14421108	14433980	2
X	14433981	14473992	0
X	14473993	14488681	2
X	14488682	14510229	0
X	14510230	14510895	2
X	14510896	14529700	0
X	14529701	14537528	2
X	14537529	14538045	0
X	14538046	14538246	1
X	14538247	14551042	0
X	14551043	14572439	2
X	14572440	14573985	0
X	14573986	14578372	2
X	14578373	14580036	0
X	14580037	14583564	1
X	14583565	14594575	0
X	14594576	14603414	1
X	14603415	14603537	0
X	14603538	14608053	2
X	14608054	14608074	3
X	14608075	14608085	2
X	14608086	14616676	1
X	14616677	14617580	0
X	14617581	14622849	1
X	14622850	14626162	0
X	14626163	14648230	1
X	14648231	14648702	3
X	14648703	14659571	1
X	14659572	14662355	0
X	14662356	14677231	1
X	14677232	14678896	0
X	14678897	14708677	1
X	14708678	14729548	0
X	14729549	14742569	1
X	14742570	14745853	0
X	14745854	14745989	2
X	14745990	14753694	0
X	14753695	14772741	2
X	14772742	14773418	0
X	14773419	14775907	1
X	14775908	14776291	0
X	14776292	14782200	1
X	14782201	14791608	0
X	14791609	14806382	1
X	14806383	14824186	0
X	14824187	14831043	2
X	14831044	14831923	0
X	14831924	14833621	2
X	14833622	14834229	0
X	14834230	14837648	2
X	14837649	14838512	3
X	14838513	14848216	1
X	14848217	14849442	0
X	14849443	14864743	1
X	14864744	14868022	0
X	14868023	14896411	1
X	14896412	14898294	0
X	14898295	14908492	2
X	14908493	14910242	3
X	14910243	14923836	1
X	14923837	14924934	0
X	14924935	14929096	1
X	14929097	14929321	0
X	14929322	14945191	2
X	14945192	14995410	0
X	14995411	14996452	1
X	14996453	15077954	0
X	15077955	15087034	2
X	15087035	15096357	0
X	15096358	15097907	1
X	15097908	15124594	0
X	15124595	15125910	2
X	15125911	15185449	0
X	15185450	15255306	2
X	15255307	15255417	3
X	15255418	15268752	2
X	15268753	15268854	3
X	15268855	15334262	2
X	15334263	15390050	0
X	15390051	15390156	2
X	15390157	15395783	0
X	15395784	15398608	1
X	15398609	15435408	0
X	15435409	15445682	1
X	15445683	15478063	0
X	15478064	15542883	2
X	15542884	15583570	0
X	15583571	15712985	1
X	15712986	15861365	0
X	15861366	15863379	2
X	15863380	15869063	0
X	15869064	16076867	1
X	16076868	16093776	0
X	16093777	16094384	2
X	16094385	16169121	0
X	16169122	16174185	2
X	16174186	16297625	0
X	16297626	16300924	1
X	16300925	16326596	0
X	16326597	16333143	2
X	16333144	16368960	0
X	16368961	16372254	1
X	16372255	16599036	0
X	16599037	16600918	2
X	16600919	16606595	0
X	16606596	16610872	1
X	16610873	16640235	0
X	16640236	16641783	1
X	16641784	16766564	0
X	16766565	16768534	1
X	16768535	16914119	0
X	16914120	16916041	1
X	16916042	17038261	0
X	17038262	17039553	2
X	17039554	17078386	0
X	17078387	17079427	2
X	17079428	17089849	0
X	17089850	17090851	1
X	17090852	17118814	0
X	17118815	17129379	1
X	17129380	17180472	0
X	17180473	17192349	2
X	17192350	17208621	0
X	17208622	17209537	1
X	17209538	17511020	0
X	17511021	17512999	1
X	17513000	17603087	0
X	17603088	17619821	1
X	17619822	17643613	0
X	17643614	17654818	2
X	17654819	17853112	0
X	17853113	17856503	1
X	17856504	17958841	0
X	17958842	18099864	1
X	18099865	18100289	3
X	18100290	18133180	1
X	18133181	18184990	0
X	18184991	18234637	1
X	18234638	18244253	0
X	18244254	18245161	1
X	18245162	18349772	0
X	18349773	18351514	2
X	18351515	18376928	0
X	18376929	18379886	1
X	18379887	18564670	0
X	18564671	18566671	2
X	18566672	18569018	3
X	18569019	18569072	2
X	18569073	18620749	0
X	18620750	18630486	2
X	18630487	18658474	0
X	18658475	18672324	1
X	18672325	19008108	0
X	19008109	19008213	2
X	19008214	19248514	0
X	19248515	19255825	1
X	19255826	19349558	0
X	19349559	19378484	1
X	19378485	19419112	0
X	19419113	19461463	1
X	19461464	19463169	0
X	19463170	19486517	2
X	19486518	19487417	0
X	19487418	19508437	1
X	19508438	19508544	0
X	19508545	19562180	2
X	19562181	19563515	0
X	19563516	19572951	1
X	19572952	19651537	0
X	19651538	19654387	1
X	19654388	19720747	0
X	19720748	19721325	1
X	19721326	19733595	0
X	19733596	19740475	1
X	19740476	19753623	0
X	19753624	19789498	2
X	19789499	19884031	0
X	19884032	19922021	1
X	19922022	19932888	0
X	19932889	19933992	2
X	19933993	19958601	0
X	19958602	19994506	1
X	19994507	20002271	0
X	20002272	20003075	1
X	20003076	20023744	0
X	20023745	20064101	2
X	20064102	20066564	3
X	20066565	20072618	1
X	20072619	20157039	0
X	20157040	20199179	2
X	20199180	20199661	3
X	20199662	20296819	2
X	20296820	20297347	0
X	20297348	20299212	1
X	20299213	20323379	0
X	20323380	20388347	2
X	20388348	20388412	3
X	20388413	20477273	2
X	20477274	20493677	0
X	20493678	20494993	2
X	20494994	20524556	0
X	20524557	20623408	2
X	20623409	20724924	0
X	20724925	20725268	2
X	20725269	20726571	3
X	20726572	20726595	2
X	20726596	20871336	0
X	20871337	20873729	2
X	20873730	20873793	0
X	20873794	21001260	2
X	21001261	21089120	0
X	21089121	21091715	2
X	21091716	21103198	3
X	21103199	21148054	2
X	21148055	21254912	0
X	21254913	21336582	2
X	21336583	21345479	0
X	21345480	21381868	2
X	21381869	21398983	0
X	21398984	21400613	2
X	21400614	21421919	0
X	21421920	21430795	1
X	21430796	21433583	0
X	21433584	21439283	1
X	21439284	21439476	0
X	21439477	21445087	1
X	21445088	21447359	0
X	21447360	21471496	1
X	21471497	21531524	0
X	21531525	21531688	2
X	21531689	21736417	0
X	21736418	21737052	2
X	21737053	21798480	0
X	21798481	21802164	1
X	21802165	21812467	0
X	21812468	21984151	1
X	21984152	22001854	0
X	22001855	22002126	1
X	22002127	22002912	0
X	22002913	22027713	2
X	22027714	22376724	0
X	22376725	22379591	2
X	22379592	22434313	0
X	22434314	22437188	1
X	22437189	22676823	0
X	22676824	22679567	1
X	22679568	22866301	0
X	22866302	22931167	1
X	22931168	22996806	0
X	22996807	22999722	1
X	22999723	23342421	0
X	23342422	23358118	2
X	23358119	23584422	0
X	23584423	23700511	2
X	23700512	23729336	0
X	23729337	23793236	2
X	23793237	24120291	0
X	24120292	24248351	1
X	24248352	24389643	0
X	24389644	24393847	2
X	24393848	24933000	0
X	24933001	24942364	2
X	24942365	24953462	0
X	24953463	25076360	1
X	25076361	25083662	3
X	25083663	25488661	1
X	25488662	25637802	0
X	25637803	25655695	2
X	25655696	25853932	0
X	25853933	26814635	2
X	26814636	26848834	0
X	26848835	26849376	1
X	26849377	26886188	0
X	26886189	26887456	2
X	26887457	26911207	0
X	26911208	26911749	2
X	26911750	26937451	0
X	26937452	26937557	1
X	26937558	26976059	0
X	26976060	27013179	2
X	27013180	27027423	0
X	27027424	27054752	2
X	27054753	27091776	0
X	27091777	27116547	2
X	27116548	27128608	0
X	27128609	27146665	2
X	27146666	27195531	0
X	27195532	27210092	1
X	27210093	27757205	0
X	27757206	27757336	2
X	27757337	27884123	0
X	27884124	27942042	2
X	27942043	27952202	0
X	27952203	27994052	2
X	27994053	28001620	3
X	28001621	28015344	1
X	28015345	28015345	0
X	28015346	28056108	2
X	28056109	28059448	0
X	28059449	28204209	1
X	28204210	28259791	0
X	28259792	28278661	1
X	28278662	29020555	0
X	29020556	29241664	2
X	29241665	29294658	0
X	29294659	29295181	1
X	29295182	29333110	0
X	29333111	29334042	2
X	29334043	29403769	0
X	29403770	29420190	1
X	29420191	29420584	0
X	29420585	29462396	2
X	29462397	29605435	0
X	29605436	29605686	2
X	29605687	29798203	0
X	29798204	29798303	1
X	29798304	29911823	0
X	29911824	29911938	2
X	29911939	29956574	0
X	29956575	30037805	1
X	30037806	30042341	0
X	30042342	30055802	1
X	30055803	30074161	0
X	30074162	30103860	1
X	30103861	30104192	3
X	30104193	30108293	1
X	30108294	30108536	0
X	30108537	30219216	1
X	30219217	30220624	0
X	30220625	30220727	2
X	30220728	30227249	0
X	30227250	30289991	2
X	30289992	30293587	0
X	30293588	30340975	1
X	30340976	30361965	0
X	30361966	30395347	1
X	30395348	30456349	0
X	30456350	30456726	1
X	30456727	30470373	0
X	30470374	30470479	2
X	30470480	30474782	0
X	30474783	30533835	2
X	30533836	30547534	0
X	30547535	30570123	2
X	30570124	30572749	0
X	30572750	30597260	1
X	30597261	30739411	0
X	30739412	30740611	2
X	30740612	30998414	0
X	30998415	31038440	2
X	31038441	31181108	0
X	31181109	31181229	2
X	31181230	31427827	0
X	31427828	31427970	2
X	31427971	31558178	0
X	31558179	31558621	1
X	31558622	31590106	0
X	31590107	31590898	2
X	31590899	31611964	0
X	31611965	31612239	1
X	31612240	31645871	0
X	31645872	31705864	1
X	31705865	31708431	3
X	31708432	31786731	1
X	31786732	31792191	0
X	31792192	31826665	2
X	31826666	31834338	0
X	31834339	31834441	2
X	31834442	31864109	0
X	31864110	31912924	2
X	31912925	31913079	0
X	31913080	31931224	1
X	31931225	31943578	0
X	31943579	31943704	1
X	31943705	31946659	0
X	31946660	31947000	1
X	31947001	31984330	0
X	31984331	31984485	1
X	31984486	31999007	0
X	31999008	31999687	1
X	31999688	32049397	0
X	32049398	32317412	2
X	32317413	32402660	0
X	32402661	32403190	1
X	32403191	32451391	0
X	32451392	32463282	1
X	32463283	32535153	0
X	32535154	32537255	1
X	32537256	32552024	0
X	32552025	32602654	2
X	32602655	32602754	3
X	32602755	32889990	2
X	32889991	32891488	0
X	32891489	32892960	2
X	32892961	32894325	0
X	32894326	32911364	2
X	32911365	32930965	0
X	32930966	32931854	1
X	32931855	32948654	0
X	32948655	33011262	1
X	33011263	33368299	0
X	33368300	33461565	1
X	33461566	33524528	0
X	33524529	33652740	1
X	33652741	33709824	0
X	33709825	33710117	2
X	33710118	33821255	0
X	33821256	33963655	2
X	33963656	33986580	3
X	33986581	33992113	1
X	33992114	33998204	0
X	33998205	33998389	1
X	33998390	34021348	0
X	34021349	34151699	2
X	34151700	34171321	0
X	34171322	34293464	1
X	34293465	34297400	0
X	34297401	34393952	1
X	34393953	34394416	3
X	34394417	34422607	1
X	34422608	34530493	0
X	34530494	34531831	1
X	34531832	34637457	0
X	34637458	34638514	2
X	34638515	34655678	0
X	34655679	34655815	1
X	34655816	34700407	0
X	34700408	34713173	2
X	34713174	34714309	3
X	34714310	34823861	1
X	34823862	34824155	3
X	34824156	34858805	1
X	34858806	34877864	0
X	34877865	35222745	1
X	35222746	35257217	0
X	35257218	35259980	2
X	35259981	35263574	0
X	35263575	35328814	1
X	35328815	35372698	0
X	35372699	35488089	1
X	35488090	35498515	0
X	35498516	35513333	1
X	35513334	35517304	0
X	35517305	35623205	1
X	35623206	36521305	0
X	36521306	36521492	2
X	36521493	36576912	0
X	36576913	36577058	1
X	36577059	36618072	0
X	36618073	36618879	2
X	36618880	36907848	0
X	36907849	37150553	2
X	37150554	37151590	0
X	37151591	37153527	1
X	37153528	37224837	0
X	37224838	37224979	2
X	37224980	37234292	0
X	37234293	37276706	1
X	37276707	37324398	0
X	37324399	37325245	1
X	37325246	37410809	0
X	37410810	37464428	2
X	37464429	37516929	0
X	37516930	37570820	2
X	37570821	37585678	0
X	37585679	37585808	1
X	37585809	37610758	0
X	37610759	37706483	2
X	37706484	37706563	3
X	37706564	37854467	2
X	37854468	38005792	0
X	38005793	38005897	1
X	38005898	38299503	0
X	38299504	38299575	1
X	38299576	38407846	0
X	38407847	38407976	1
X	38407977	38841004	0
X	38841005	38841180	1
X	38841181	39446522	0
X	39446523	39446911	1
X	39446912	39554909	0
X	39554910	39556024	2
X	39556025	39681908	0
X	39681909	39733517	2
X	39733518	39734819	0
X	39734820	39734992	2
X	39734993	39865464	0
X	39865465	39866426	2
X	39866427	40026649	0
X	40026650	40044064	2
X	40044065	40064808	0
X	40064809	40065871	1
X	40065872	40067205	3
X	40067206	40123557	1
X	40123558	40157044	0
X	40157045	40196811	2
X	40196812	40263550	0
X	40263551	40263675	1
X	40263676	40276758	0
X	40276759	40281522	2
X	40281523	40297702	0
X	40297703	40298649	2
X	40298650	40335616	0
X	40335617	40337328	2
X	40337329	40373520	0
X	40373521	40374467	2
X	40374468	40450364	0
X	40450365	40483424	2
X	40483425	40517515	0
X	40517516	40523504	1
X	40523505	40572007	0
X	40572008	40572726	2
X	40572727	40582253	0
X	40582254	40585195	1
X	40585196	40594664	0
X	40594665	40603144	1
X	40603145	40605509	0
X	40605510	40606467	2
X	40606468	40882468	0
X	40882469	40883382	2
X	40883383	40913441	0
X	40913442	40913578	2
X	40913579	41205936	0
X	41205937	41206039	2
X	41206040	41576045	0
X	41576046	41731099	2
X	41731100	41742295	0
X	41742296	41742933	1
X	41742934	41782207	0
X	41782208	41782896	2
X	41782897	41823353	0
X	41823354	41866667	1
X	41866668	41914344	0
X	41914345	41929589	1
X	41929590	41955616	0
X	41955617	41960679	2
X	41960680	42021198	0
X	42021199	42028104	1
X	42028105	42146835	0
X	42146836	42156544	1
X	42156545	42214754	0
X	42214755	42225045	1
X	42225046	42225370	0
X	42225371	42233400	2
X	42233401	42305371	0
X	42305372	42318550	1
X	42318551	42374060	0
X	42374061	42397469	1
X	42397470	42397612	3
X	42397613	42417349	2
X	42417350	42433427	0
X	42433428	42433957	2
X	42433958	42494254	0
X	42494255	42606586	1
X	42606587	42628235	0
X	42628236	42629444	1
X	42629445	42762227	0
X	42762228	42763881	2
X	42763882	43263488	0
X	43263489	43616850	1
X	43616851	43693209	0
X	43693210	43725655	1
X	43725656	44820818	0
X	44820819	44837932	2
X	44837933	45421403	0
X	45421404	45447898	2
X	45447899	45695311	0
X	45695312	45741132	1
X	45741133	45865952	0
X	45865953	45866280	2
X	45866281	46222152	0
X	46222153	46222634	1
X	46222635	46627304	0
X	46627305	46640393	2
X	46640394	46988615	0
X	46988616	46988746	1
X	46988747	46990997	0
X	46990998	46991103	1
X	46991104	47174188	0
X	47174189	47174324	1
X	47174325	47263243	0
X	47263244	47264781	2
X	47264782	47272329	0
X	47272330	47777133	2
X	47777134	47778275	3
X	47778276	49504205	2
X	49504206	49595716	0
X	49595717	49596264	2
X	49596265	49972328	0
X	49972329	50042054	2
X	50042055	50163121	0
X	50163122	50201494	1
X	50201495	50230566	3
X	50230567	50238629	1
X	50238630	50361246	0
X	50361247	50423267	2
X	50423268	50571862	0
X	50571863	50574714	2
X	50574715	50756884	0
X	50756885	50761009	2
X	50761010	50827561	0
X	50827562	50833149	1
X	50833150	50857914	0
X	50857915	50859760	2
X	50859761	50865482	0
X	50865483	50866477	1
X	50866478	50886682	0
X	50886683	50888012	1
X	50888013	50915585	0
X	50915586	50917148	1
X	50917149	50966206	0
X	50966207	50967243	1
X	50967244	51378213	0
X	51378214	51562980	1
X	51562981	51565261	3
X	51565262	52876770	1
X	52876771	52996955	0
X	52996956	52997062	2
X	52997063	53718603	0
X	53718604	53719748	2
X	53719749	53848508	0
X	53848509	53848768	2
X	53848769	54350690	0
X	54350691	54351702	1
X	54351703	54438527	0
X	54438528	54438970	2
X	54438971	54488779	0
X	54488780	54491139	1
X	54491140	54564016	0
X	54564017	54565269	1
X	54565270	54782266	0
X	54782267	54889919	2
X	54889920	55009465	0
X	55009466	55012135	1
X	55012136	55810892	0
X	55810893	55810998	1
X	55810999	56057203	0
X	56057204	56058311	2
X	56058312	56177663	0
X	56177664	56178655	2
X	56178656	56346819	0
X	56346820	56347520	1
X	56347521	56396802	0
X	56396803	56399324	2
X	56399325	56478946	0
X	56478947	56496919	1
X	56496920	56567842	0
X	56567843	56571427	1
X	56571428	56619983	0
X	56619984	56621011	1
X	56621012	56659403	0
X	56659404	56805935	1
X	56805936	56862091	0
X	56862092	56863119	1
X	56863120	56871491	0
X	56871492	56872606	1
X	56872607	56885989	0
X	56885990	56888243	1
X	56888244	57558001	0
X	57558002	57558146	2
X	57558147	57569037	0
X	57569038	57570135	2
X	57570136	57681439	0
X	57681440	57681540	2
X	57681541	57939184	0
X	57939185	57939962	2
X	57939963	57972963	0
X	57972964	57973097	2
X	57973098	58016231	0
X	58016232	58028140	2
X	58028141	58034617	0
X	58034618	58348534	1
X	58348535	58378114	0
X	58378115	58468933	2
X	58468934	58469933	0
X	58469934	58471621	1
X	58471622	58486552	0
X	58486553	58553555	1
X	58553556	58604554	0
X	58604555	58605108	2
X	58605109	58646430	0
X	58646431	58649963	1
X	58649964	58696580	0
X	58696581	58702711	2
X	58702712	58708502	0
X	58708503	58758958	2
X	58758959	58804689	0
X	58804690	58853263	1
X	58853264	58917488	0
X	58917489	58940684	1
X	58940685	58941500	0
X	58941501	58941599	2
X	58941600	58982022	0
X	58982023	58982975	1
X	58982976	58995459	0
X	58995460	59046067	2
X	59046068	59101843	0
X	59101844	59157863	1
X	59157864	59158047	0
X	59158048	59262938	2
X	59262939	59303719	0
X	59303720	59303844	1
X	59303845	59310852	0
X	59310853	59310977	2
X	59310978	59422715	0
X	59422716	59429362	1
X	59429363	59469801	0
X	59469802	59469884	1
X	59469885	59540710	0
X	59540711	59541246	2
X	59541247	59559751	0
X	59559752	59560092	2
X	59560093	59587274	0
X	59587275	59594160	2
X	59594161	59701176	0
X	59701177	59703869	2
X	59703870	59763208	0
X	59763209	59765901	1
X	59765902	59844455	0
X	59844456	59846147	1
X	59846148	59891579	0
X	59891580	59892328	1
X	59892329	59920868	0
X	59920869	60077511	1
X	60077512	60136045	0
X	60136046	60136166	2
X	60136167	60295749	0
X	60295750	60316438	1
X	60316439	60328326	0
X	60328327	60415617	1
X	60415618	60478374	0
X	60478375	60478835	2
X	60478836	60525710	0
X	60525711	60546486	1
X	60546487	60551684	0
X	60551685	60551834	1
X	60551835	60552238	3
X	60552239	60552957	1
X	60552958	60615680	0
X	60615681	60844830	2
X	60844831	60851960	0
X	60851961	60873685	1
X	60873686	60995949	0
X	60995950	61048962	2
X	61048963	61049097	3
X	61049098	61065626	2
X	61065627	61109983	0
X	61109984	61110770	1
X	61110771	61138372	0
X	61138373	61144583	2
X	61144584	61144926	0
X	61144927	61170210	1
X	61170211	61182296	0
X	61182297	61295684	1
X	61295685	61296343	0
X	61296344	61402978	2
X	61402979	61543904	0
X	61543905	61549689	2
X	61549690	61983516	0
X	61983517	61989028	2
X	61989029	62185122	0
X	62185123	62185890	1
X	62185891	62228227	0
X	62228228	62269266	1
X	62269267	62335673	0
X	62335674	62336817	1
X	62336818	63104769	0
X	63104770	63273923	2
X	63273924	63603040	0
X	63603041	63889576	1
X	63889577	63889682	3
X	63889683	63890726	1
X	63890727	63892222	3
X	63892223	63976631	1
X	63976632	63991209	0
X	63991210	63991353	2
X	63991354	64040950	0
X	64040951	64054700	2
X	64054701	64124572	0
X	64124573	64196050	2
X	64196051	64213650	0
X	64213651	64213779	1
X	64213780	64257349	0
X	64257350	64270155	2
X	64270156	64321140	0
X	64321141	64321626	1
X	64321627	64580847	0
X	64580848	64585831	1
X	64585832	64925049	0
X	64925050	64951075	2
X	64951076	65078671	0
X	65078672	65480170	2
X	65480171	65481927	0
X	65481928	65514189	1
X	65514190	65515061	3
X	65515062	65527623	1
X	65527624	65582819	0
X	65582820	65606047	2
X	65606048	65614428	0
X	65614429	65637960	2
X	65637961	65668203	0
X	65668204	65674448	2
X	65674449	65683230	0
X	65683231	65698697	1
X	65698698	65712151	3
X	65712152	65721746	1
X	65721747	65721777	0
X	65721778	65824137	2
X	65824138	65826572	0
X	65826573	65835359	2
X	65835360	65860170	0
X	65860171	65910320	2
X	65910321	65932986	0
X	65932987	66107897	1
X	66107898	66107958	3
X	66107959	66107971	1
X	66107972	66108038	3
X	66108039	66112054	1
X	66112055	66112160	3
X	66112161	66196185	1
X	66196186	66210079	0
X	66210080	66215706	1
X	66215707	66227051	0
X	66227052	66356948	1
X	66356949	66357004	0
X	66357005	66373681	2
X	66373682	66385556	0
X	66385557	66392113	2
X	66392114	66392540	0
X	66392541	66399821	1
X	66399822	66404758	0
X	66404759	66428385	2
X	66428386	66429456	0
X	66429457	66451874	2
X	66451875	66501818	0
X	66501819	66509923	2
X	66509924	66528583	0
X	66528584	66544780	1
X	66544781	66554096	0
X	66554097	66571950	2
X	66571951	66572535	0
X	66572536	66575950	2
X	66575951	66576113	3
X	66576114	66577172	2
X	66577173	66640980	0
X	66640981	66716541	2
X	66716542	66771347	0
X	66771348	66816144	2
X	66816145	66819954	0
X	66819955	66833277	2
X	66833278	66844316	0
X	66844317	66846967	1
X	66846968	66907140	0
X	66907141	66911261	1
X	66911262	66911429	0
X	66911430	66915291	2
X	66915292	66936165	0
X	66936166	66939719	1
X	66939720	66970149	0
X	66970150	67184152	2
X	67184153	67188807	3
X	67188808	67200909	2
X	67200910	67232079	0
X	67232080	67238700	2
X	67238701	67245412	0
X	67245413	67280754	1
X	67280755	67283892	0
X	67283893	67284113	1
X	67284114	67298523	0
X	67298524	67303017	1
X	67303018	67350371	0
X	67350372	67355160	1
X	67355161	67385287	0
X	67385288	67592921	1
X	67592922	67601300	0
X	67601301	67672594	1
X	67672595	67673814	3
X	67673815	67738453	1
X	67738454	67822111	0
X	67822112	67827458	2
X	67827459	67828017	3
X	67828018	67852569	2
X	67852570	67871949	0
X	67871950	67874252	2
X	67874253	67875657	0
X	67875658	67876249	2
X	67876250	67883138	0
X	67883139	67890373	2
X	67890374	67896972	0
X	67896973	67904180	1
X	67904181	67911074	0
X	67911075	67911666	1
X	67911667	67928229	0
X	67928230	67938217	1
X	67938218	67938865	3
X	67938866	67957181	1
X	67957182	67957734	3
X	67957735	67963074	1
X	67963075	68023292	0
X	68023293	68024823	2
X	68024824	68163826	0
X	68163827	68165233	1
X	68165234	68173985	0
X	68173986	68176664	1
X	68176665	68187702	0
X	68187703	68219984	1
X	68219985	68228992	0
X	68228993	68229273	2
X	68229274	68250747	0
X	68250748	68250886	2
X	68250887	68260927	0
X	68260928	68261070	1
X	68261071	68321265	0
X	68321266	68321347	1
X	68321348	68326872	0
X	68326873	68335459	2
X	68335460	68361967	0
X	68361968	68437885	2
X	68437886	68454572	0
X	68454573	68456386	2
X	68456387	68456490	3
X	68456491	68491971	2
X	68491972	68495465	0
X	68495466	68499325	1
X	68499326	68522141	0
X	68522142	68522710	1
X	68522711	68541119	0
X	68541120	68542700	1
X	68542701	68570837	0
X	68570838	68575871	1
X	68575872	68589421	3
X	68589422	68636427	1
X	68636428	68643547	0
X	68643548	68665129	2
X	68665130	68680564	0
X	68680565	68681531	1
X	68681532	68704237	0
X	68704238	68704956	2
X	68704957	68723259	0
X	68723260	68848769	1
X	68848770	68969605	0
X	68969606	68969817	2
X	68969818	68983265	0
X	68983266	68985380	1
X	68985381	68988373	0
X	68988374	69004269	1
X	69004270	69015879	0
X	69015880	69016109	2
X	69016110	69023970	0
X	69023971	69024076	1
X	69024077	69037376	0
X	69037377	69037531	2
X	69037532	69081481	0
X	69081482	69081616	1
X	69081617	69088074	0
X	69088075	69112928	1
X	69112929	69126596	0
X	69126597	69126675	1
X	69126676	69203281	0
X	69203282	69216520	1
X	69216521	69295550	0
X	69295551	69436856	1
X	69436857	69516736	0
X	69516737	69546795	2
X	69546796	69574122	0
X	69574123	69701754	1
X	69701755	69859463	0
X	69859464	69884110	2
X	69884111	69885675	3
X	69885676	69941745	2
X	69941746	69942531	0
X	69942532	69944655	2
X	69944656	70121929	0
X	70121930	70152731	1
X	70152732	70154104	0
X	70154105	70184550	2
X	70184551	70189185	0
X	70189186	70192808	2
X	70192809	70197802	0
X	70197803	70256427	2
X	70256428	70324682	0
X	70324683	70324788	1
X	70324789	70425291	0
X	70425292	70425378	1
X	70425379	70443460	0
X	70443461	70468513	1
X	70468514	70474537	0
X	70474538	70570103	1
X	70570104	70571852	0
X	70571853	70572439	1
X	70572440	70643140	0
X	70643141	70643287	2
X	70643288	70817431	0
X	70817432	70850979	2
X	70850980	70878715	3
X	70878716	70997328	1
X	70997329	71038487	0
X	71038488	71079697	1
X	71079698	71083454	0
X	71083455	71083518	2
X	71083519	71089730	3
X	71089731	71094200	1
X	71094201	71099096	3
X	71099097	71198352	2
X	71198353	71199171	0
X	71199172	71201537	1
X	71201538	71220365	0
X	71220366	71242374	2
X	71242375	71267000	0
X	71267001	71267600	1
X	71267601	71271438	0
X	71271439	71287416	2
X	71287417	71289288	0
X	71289289	71300602	1
X	71300603	71304143	0
X	71304144	71304394	1
X	71304395	71325880	0
X	71325881	71343082	1
X	71343083	71363529	0
X	71363530	71364788	2
X	71364789	71448418	0
X	71448419	71547008	1
X	71547009	71645178	0
X	71645179	71646177	1
X	71646178	71663819	0
X	71663820	71690119	1
X	71690120	71801137	0
X	71801138	71801775	2
X	71801776	71880202	0
X	71880203	71880877	2
X	71880878	71948251	0
X	71948252	71950119	1
X	71950120	72007918	0
X	72007919	72008022	1
X	72008023	72033484	0
X	72033485	72046975	2
X	72046976	72111262	0
X	72111263	72202327	2
X	72202328	72202420	3
X	72202421	72212263	2
X	72212264	72238711	0
X	72238712	72281010	2
X	72281011	72355031	0
X	72355032	72397656	2
X	72397657	72486379	0
X	72486380	72492361	1
X	72492362	72565319	0
X	72565320	72566024	2
X	72566025	72723615	0
X	72723616	72774645	2
X	72774646	72860407	0
X	72860408	72901239	1
X	72901240	72901244	3
X	72901245	72970571	2
X	72970572	73040900	0
X	73040901	73043714	1
X	73043715	73457113	0
X	73457114	73459286	2
X	73459287	73506493	0
X	73506494	73507636	2
X	73507637	73695213	0
X	73695214	73696106	1
X	73696107	73774338	0
X	73774339	73861620	1
X	73861621	74085873	0
X	74085874	74094439	1
X	74094440	74103041	0
X	74103042	74103147	1
X	74103148	74166869	0
X	74166870	74263781	2
X	74263782	74292909	0
X	74292910	74307757	1
X	74307758	74312659	0
X	74312660	74316633	2
X	74316634	74585253	0
X	74585254	74585825	1
X	74585826	74632636	0
X	74632637	74697304	2
X	74697305	75541618	0
X	75541619	75549214	2
X	75549215	75549453	3
X	75549454	75552820	2
X	75552821	75643972	0
X	75643973	75644075	2
X	75644076	75858644	0
X	75858645	75859921	2
X	75859922	75939717	0
X	75939718	75941324	1
X	75941325	76108134	0
X	76108135	76197420	2
X	76197421	76353758	0
X	76353759	76454482	1
X	76454483	76560663	0
X	76560664	76869970	1
X	76869971	76952419	0
X	76952420	77246797	2
X	77246798	77278341	0
X	77278342	77279291	2
X	77279292	77306793	0
X	77306794	77311230	2
X	77311231	77377779	0
X	77377780	77443898	2
X	77443899	77453355	0
X	77453356	77469156	1
X	77469157	77533337	0
X	77533338	77597164	2
X	77597165	77646556	0
X	77646557	77678043	2
X	77678044	77683126	0
X	77683127	77749686	1
X	77749687	78047919	0
X	78047920	78049152	2
X	78049153	78181640	0
X	78181641	78182531	2
X	78182532	78203202	0
X	78203203	78288996	1
X	78288997	78289169	3
X	78289170	78361941	1
X	78361942	78433173	0
X	78433174	78433320	2
X	78433321	78451591	0
X	78451592	79017590	2
X	79017591	79075118	0
X	79075119	79075241	1
X	79075242	79622111	0
X	79622112	79719478	2
X	79719479	79946459	0
X	79946460	79946791	1
X	79946792	80048784	0
X	80048785	80049665	2
X	80049666	80862487	0
X	80862488	80862593	2
X	80862594	81648466	0
X	81648467	81648533	1
X	81648534	82129320	0
X	82129321	82130156	2
X	82130157	82134802	0
X	82134803	82146441	1
X	82146442	82161819	0
X	82161820	82162295	2
X	82162296	82362631	0
X	82362632	82362981	2
X	82362982	82475107	0
X	82475108	82477136	2
X	82477137	82507390	0
X	82507391	82507797	2
X	82507798	83190333	0
X	83190334	83190967	2
X	83190968	83908026	0
X	83908027	83908130	1
X	83908131	84109218	0
X	84109219	84110272	2
X	84110273	85638572	0
X	85638573	85639720	2
X	85639721	86058392	0
X	86058393	86483891	2
X	86483892	86484952	3
X	86484953	86599780	2
X	86599781	86599882	3
X	86599883	86747034	2
X	86747035	86932380	0
X	86932381	86933453	2
X	86933454	87641086	0
X	87641087	87641194	1
X	87641195	88347596	0
X	88347597	88350391	1
X	88350392	88609124	0
X	88609125	88609182	2
X	88609183	88991956	0
X	88991957	88992170	2
X	88992171	89502472	0
X	89502473	89511797	1
X	89511798	89570828	0
X	89570829	89570957	2
X	89570958	89573803	0
X	89573804	89575836	1
X	89575837	89628723	0
X	89628724	89650239	2
X	89650240	89737132	0
X	89737133	89781884	2
X	89781885	89838067	0
X	89838068	89870098	1
X	89870099	90129742	0
X	90129743	90135367	1
X	90135368	90841388	0
X	90841389	90841499	2
X	90841500	90904212	0
X	90904213	90906324	1
X	90906325	91539209	0
X	91539210	91539315	2
X	91539316	91718080	0
X	91718081	91718210	1
X	91718211	92036764	0
X	92036765	92038209	2
X	92038210	92178014	0
X	92178015	92179729	2
X	92179730	92221684	0
X	92221685	92221857	1
X	92221858	92301981	0
X	92301982	92302358	2
X	92302359	92395249	0
X	92395250	92902642	2
X	92902643	92923882	3
X	92923883	93229867	2
X	93229868	93293756	0
X	93293757	93294112	1
X	93294113	93318924	0
X	93318925	93325125	2
X	93325126	93740257	0
X	93740258	93740387	1
X	93740388	93995933	0
X	93995934	93995994	1
X	93995995	94225338	0
X	94225339	94225897	1
X	94225898	95615790	0
X	95615791	95615913	2
X	95615914	95671837	0
X	95671838	95671968	1
X	95671969	96717187	0
X	96717188	96717694	1
X	96717695	96771945	0
X	96771946	96873522	1
X	96873523	97055919	0
X	97055920	97056026	2
X	97056027	97057135	0
X	97057136	97072632	2
X	97072633	97092386	0
X	97092387	97099307	1
X	97099308	97106559	0
X	97106560	97132193	2
X	97132194	97135498	0
X	97135499	97185852	1
X	97185853	97253584	0
X	97253585	97279054	2
X	97279055	97279474	3
X	97279475	97302234	1
X	97302235	97341150	0
X	97341151	97354757	1
X	97354758	97357632	0
X	97357633	97380388	1
X	97380389	97406700	3
X	97406701	97483841	1
X	97483842	97503348	0
X	97503349	97514195	2
X	97514196	97515970	0
X	97515971	97567655	2
X	97567656	97607717	0
X	97607718	97655682	2
X	97655683	97660220	0
X	97660221	97675021	1
X	97675022	97692327	0
X	97692328	97692429	2
X	97692430	97717918	0
X	97717919	97721958	1
X	97721959	97722800	0
X	97722801	97761851	1
X	97761852	97766177	0
X	97766178	97768890	2
X	97768891	97768994	0
X	97768995	97780662	1
X	97780663	97780783	0
X	97780784	97787039	2
X	97787040	97791253	0
X	97791254	97795543	2
X	97795544	97796465	3
X	97796466	97796752	2
X	97796753	97860627	0
X	97860628	97870910	2
X	97870911	97898881	0
X	97898882	97903297	2
X	97903298	97925987	0
X	97925988	97928022	1
X	97928023	97929039	0
X	97929040	97931975	1
X	97931976	97936997	0
X	97936998	97942096	2
X	97942097	97980658	0
X	97980659	97985550	1
X	97985551	98012155	0
X	98012156	98012271	1
X	98012272	98014438	0
X	98014439	98016676	2
X	98016677	98095512	0
X	98095513	98095633	2
X	98095634	98135948	0
X	98135949	98157087	1
X	98157088	98168454	0
X	98168455	98199731	1
X	98199732	98201642	0
X	98201643	98214021	2
X	98214022	98337871	0
X	98337872	98338470	1
X	98338471	98383834	0
X	98383835	98390370	2
X	98390371	98411380	0
X	98411381	98423261	2
X	98423262	98426359	0
X	98426360	98426477	1
X	98426478	98482600	0
X	98482601	98485744	2
X	98485745	98535373	0
X	98535374	98552524	1
X	98552525	98569413	0
X	98569414	98572094	1
X	98572095	98591187	0
X	98591188	98640761	1
X	98640762	98671627	0
X	98671628	98673641	1
X	98673642	98689464	0
X	98689465	98695165	2
X	98695166	98709839	0
X	98709840	98772849	2
X	98772850	98817591	0
X	98817592	98854543	2
X	98854544	98934225	0
X	98934226	98934365	2
X	98934366	98950526	0
X	98950527	98952043	2
X	98952044	98981036	0
X	98981037	98982062	2
X	98982063	98985957	0
X	98985958	98986499	2
X	98986500	99018998	0
X	99018999	99021501	1
X	99021502	99025899	0
X	99025900	99039259	1
X	99039260	99069096	0
X	99069097	99069335	1
X	99069336	99131940	0
X	99131941	99133529	2
X	99133530	99171175	0
X	99171176	99173708	1
X	99173709	99204427	0
X	99204428	99207351	1
X	99207352	99219012	0
X	99219013	99220956	1
X	99220957	99228456	0
X	99228457	99235643	2
X	99235644	99235858	3
X	99235859	99247761	2
X	99247762	99273159	0
X	99273160	99274798	2
X	99274799	100010688	0
X	100010689	100012652	2
X	100012653	100058130	0
X	100058131	100060549	2
X	100060550	100082402	0
X	100082403	100093726	1
X	100093727	100110515	0
X	100110516	100131040	1
X	100131041	100170556	0
X	100170557	100170783	1
X	100170784	100185765	0
X	100185766	100201030	2
X	100201031	100205100	0
X	100205101	100205202	1
X	100205203	100220892	0
X	100220893	100231699	1
X	100231700	100270673	0
X	100270674	100270876	2
X	100270877	100298512	0
X	100298513	100300884	1
X	100300885	100306913	0
X	100306914	100319495	1
X	100319496	100319861	3
X	100319862	100322818	2
X	100322819	100329231	0
X	100329232	100378100	1
X	100378101	100384223	0
X	100384224	100414936	2
X	100414937	100437830	0
X	100437831	100437944	1
X	100437945	100449453	0
X	100449454	100452145	1
X	100452146	100522648	0
X	100522649	100522839	2
X	100522840	100961810	0
X	100961811	101600493	2
X	101600494	101601931	3
X	101601932	101822666	2
X	101822667	101822770	3
X	101822771	102271751	2
X	102271752	102365763	0
X	102365764	102459655	2
X	102459656	102568458	0
X	102568459	102569783	1
X	102569784	102663403	0
X	102663404	102669038	1
X	102669039	102669989	0
X	102669990	102687767	2
X	102687768	102771708	0
X	102771709	102773014	2
X	102773015	102804518	0
X	102804519	102838572	2
X	102838573	102878956	0
X	102878957	102931384	1
X	102931385	102935523	0
X	102935524	102941989	2
X	102941990	103089282	0
X	103089283	103176836	2
X	103176837	103183829	0
X	103183830	103298421	2
X	103298422	103319338	0
X	103319339	103407131	2
X	103407132	103436727	0
X	103436728	103443347	1
X	103443348	103459778	0
X	103459779	103474836	2
X	103474837	103480601	0
X	103480602	103528954	1
X	103528955	103608583	0
X	103608584	103660379	1
X	103660380	103668453	0
X	103668454	103724079	1
X	103724080	103731855	0
X	103731856	103775627	2
X	103775628	103852570	0
X	103852571	103852712	2
X	103852713	104043192	0
X	104043193	104111966	2
X	104111967	104132139	0
X	104132140	104154185	2
X	104154186	104217923	0
X	104217924	104276859	1
X	104276860	104355314	0
X	104355315	104453471	2
X	104453472	104455284	0
X	104455285	104456755	1
X	104456756	104490089	0
X	104490090	104494199	1
X	104494200	104501293	0
X	104501294	104501419	1
X	104501420	104607029	0
X	104607030	104639247	2
X	104639248	104656810	0
X	104656811	104665095	1
X	104665096	104665343	0
X	104665344	104765266	2
X	104765267	104766955	0
X	104766956	104902237	1
X	104902238	104902890	3
X	104902891	105117498	1
X	105117499	105118818	0
X	105118819	105322690	2
X	105322691	105356291	0
X	105356292	105359983	1
X	105359984	105572165	0
X	105572166	105572749	1
X	105572750	105710354	0
X	105710355	105808181	1
X	105808182	105855606	0
X	105855607	105862897	2
X	105862898	105930396	0
X	105930397	105931011	1
X	105931012	105942797	0
X	105942798	106006425	1
X	106006426	106046346	0
X	106046347	106046501	1
X	106046502	106104374	0
X	106104375	106104499	1
X	106104500	106289369	0
X	106289370	106435895	2
X	106435896	106435974	3
X	106435975	106448638	2
X	106448639	106466697	0
X	106466698	106571485	1
X	106571486	106714866	0
X	106714867	106719792	2
X	106719793	106889123	0
X	106889124	106992919	1
X	106992920	107116497	0
X	107116498	107164982	2
X	107164983	107260896	0
X	107260897	107368312	2
X	107368313	107368329	0
X	107368330	107371048	1
X	107371049	107380772	0
X	107380773	107405487	1
X	107405488	107430765	0
X	107430766	107507474	1
X	107507475	107587668	0
X	107587669	107590260	2
X	107590261	107671270	0
X	107671271	107672533	2
X	107672534	107697438	0
X	107697439	107698437	1
X	107698438	107727811	0
X	107727812	107735349	2
X	107735350	107740262	3
X	107740263	107822017	0
X	107822018	107822176	2
X	107822177	107822523	3
X	107822524	107823592	2
X	107823593	107885062	0
X	107885063	107939129	2
X	107939130	107942688	3
X	107942689	107942693	2
X	107942694	108024922	1
X	108024923	108046579	3
X	108046580	108230989	1
X	108230990	108231121	0
X	108231122	108246924	2
X	108246925	108436346	0
X	108436347	108436477	2
X	108436478	108633649	0
X	108633650	108640048	2
X	108640049	108815594	0
X	108815595	108873458	1
X	108873459	108984020	0
X	108984021	109041270	1
X	109041271	109451584	0
X	109451585	109451970	2
X	109451971	109520304	0
X	109520305	109520357	1
X	109520358	109596282	0
X	109596283	109597408	1
X	109597409	109679055	0
X	109679056	109679188	2
X	109679189	110210203	0
X	110210204	110210641	1
X	110210642	110291620	0
X	110291621	110292017	2
X	110292018	110641151	0
X	110641152	110870285	2
X	110870286	111002590	0
X	111002591	111072379	1
X	111072380	111092812	0
X	111092813	111174208	1
X	111174209	111247039	0
X	111247040	111248271	1
X	111248272	111280547	0
X	111280548	111321357	2
X	111321358	111326763	0
X	111326764	111327188	1
X	111327189	111554750	0
X	111554751	111557409	1
X	111557410	111573912	0
X	111573913	111574037	1
X	111574038	111589252	0
X	111589253	111683889	2
X	111683890	111691853	0
X	111691854	111700279	1
X	111700280	111788218	0
X	111788219	111788670	1
X	111788671	111803260	0
X	111803261	111803784	2
X	111803785	111828100	0
X	111828101	111828537	1
X	111828538	111848634	3
X	111848635	111874815	2
X	111874816	111874958	3
X	111874959	111888923	2
X	111888924	111894506	3
X	111894507	111912460	2
X	111912461	111915615	0
X	111915616	111920450	1
X	111920451	111958837	0
X	111958838	111958895	2
X	111958896	112120226	0
X	112120227	112124055	2
X	112124056	112132300	0
X	112132301	112132430	1
X	112132431	112314689	0
X	112314690	112375094	2
X	112375095	112376256	0
X	112376257	112380533	1
X	112380534	112716577	0
X	112716578	112716683	2
X	112716684	113072170	0
X	113072171	113072876	2
X	113072877	113216364	0
X	113216365	113217653	2
X	113217654	113427438	0
X	113427439	113427644	1
X	113427645	113942307	0
X	113942308	114107319	1
X	114107320	114482004	0
X	114482005	114587222	2
X	114587223	114663689	0
X	114663690	114663790	2
X	114663791	114673181	0
X	114673182	114673365	2
X	114673366	114680225	0
X	114680226	114693806	1
X	114693807	114757064	0
X	114757065	114785472	1
X	114785473	114786777	3
X	114786778	114815909	1
X	114815910	114872760	0
X	114872761	114874623	1
X	114874624	114965765	0
X	114965766	115005276	2
X	115005277	115087942	0
X	115087943	115088212	2
X	115088213	115131907	0
X	115131908	115314852	2
X	115314853	115348858	0
X	115348859	115408679	2
X	115408680	115433257	0
X	115433258	115436690	2
X	115436691	115565265	0
X	115565266	115598807	2
X	115598808	115600744	0
X	115600745	115600816	2
X	115600817	115651480	0
X	115651481	115655186	2
X	115655187	115675425	0
X	115675426	115725923	1
X	115725924	115832882	0
X	115832883	115844035	2
X	115844036	115881664	3
X	115881665	115888680	2
X	115888681	115916683	0
X	115916684	115916823	2
X	115916824	115936706	0
X	115936707	115937862	2
X	115937863	115977508	0
X	115977509	116011203	2
X	116011204	116020857	0
X	116020858	116020993	2
X	116020994	116031801	0
X	116031802	116034965	2
X	116034966	116060927	0
X	116060928	116113873	1
X	116113874	116114157	3
X	116114158	116125068	2
X	116125069	116128796	0
X	116128797	116144626	1
X	116144627	116153253	0
X	116153254	116230113	1
X	116230114	116292028	0
X	116292029	116293658	2
X	116293659	116327092	0
X	116327093	116330302	1
X	116330303	116335306	0
X	116335307	116353234	1
X	116353235	116372837	0
X	116372838	116394943	2
X	116394944	116395514	0
X	116395515	116410695	1
X	116410696	116424221	0
X	116424222	116427682	1
X	116427683	116428631	3
X	116428632	116433760	2
X	116433761	116441823	0
X	116441824	116444079	1
X	116444080	116472092	0
X	116472093	116477853	1
X	116477854	116482943	0
X	116482944	116487392	1
X	116487393	116507486	0
X	116507487	116513868	1
X	116513869	116537992	0
X	116537993	116541963	2
X	116541964	116560234	0
X	116560235	116562772	2
X	116562773	116568913	0
X	116568914	116577420	2
X	116577421	116584580	0
X	116584581	116588363	2
X	116588364	116627643	0
X	116627644	116635719	1
X	116635720	116641861	0
X	116641862	116644712	1
X	116644713	116677937	0
X	116677938	116679352	2
X	116679353	116688161	0
X	116688162	116695056	1
X	116695057	116711547	0
X	116711548	116712322	1
X	116712323	116749713	0
X	116749714	116754715	1
X	116754716	116789933	0
X	116789934	116790454	2
X	116790455	116800206	0
X	116800207	116805514	1
X	116805515	116850458	0
X	116850459	116854939	2
X	116854940	116871845	0
X	116871846	116880096	2
X	116880097	116890560	0
X	116890561	116895883	1
X	116895884	116911327	0
X	116911328	116917642	2
X	116917643	116931585	0
X	116931586	116931723	1
X	116931724	116963345	0
X	116963346	116970693	2
X	116970694	116971021	3
X	116971022	117035006	1
X	117035007	117057421	0
X	117057422	117057604	2
X	117057605	117094442	3
X	117094443	117151724	1
X	117151725	117153145	3
X	117153146	117260520	1
X	117260521	117287482	0
X	117287483	117326686	1
X	117326687	117350887	0
X	117350888	117362502	2
X	117362503	117375523	0
X	117375524	117382785	1
X	117382786	117548918	0
X	117548919	117549049	2
X	117549050	117556989	0
X	117556990	117620632	2
X	117620633	117621285	3
X	117621286	117756124	2
X	117756125	117874307	0
X	117874308	117874423	2
X	117874424	118534005	0
X	118534006	118534562	1
X	118534563	119699939	0
X	119699940	119700304	2
X	119700305	119908940	0
X	119908941	119909884	1
X	119909885	120238532	0
X	120238533	120504094	2
X	120504095	120634966	0
X	120634967	120749511	1
X	120749512	120897905	0
X	120897906	120934698	2
X	120934699	120935402	0
X	120935403	120936157	1
X	120936158	120937240	3
X	120937241	120938198	2
X	120938199	120974855	0
X	120974856	121105675	2
X	121105676	121161956	0
X	121161957	121162059	1
X	121162060	121358793	0
X	121358794	121361673	2
X	121361674	121403647	0
X	121403648	122290205	1
X	122290206	122469077	0
X	122469078	122471626	2
X	122471627	123006990	0
X	123006991	123007122	2
X	123007123	123264995	0
X	123264996	123265692	1
X	123265693	123294742	0
X	123294743	123296154	1
X	123296155	123695284	0
X	123695285	123698903	1
X	123698904	123977983	0
X	123977984	123979940	2
X	123979941	124788550	0
X	124788551	124789210	1
X	124789211	124938503	0
X	124938504	124939336	1
X	124939337	125329939	0
X	125329940	125330043	1
X	125330044	125584063	0
X	125584064	125585455	2
X	125585456	126731795	0
X	126731796	126736016	2
X	126736017	126891291	0
X	126891292	126892208	2
X	126892209	126904785	0
X	126904786	126907406	2
X	126907407	126994945	0
X	126994946	127066345	1
X	127066346	127074468	0
X	127074469	127074722	1
X	127074723	127089588	0
X	127089589	127140360	2
X	127140361	127203821	0
X	127203822	127213389	1
X	127213390	127287977	0
X	127287978	127317221	2
X	127317222	127326857	0
X	127326858	127341517	2
X	127341518	127352343	0
X	127352344	127388243	1
X	127388244	127414082	0
X	127414083	127414225	2
X	127414226	127439266	0
X	127439267	127464631	2
X	127464632	127487348	0
X	127487349	127487444	2
X	127487445	127537536	0
X	127537537	127584085	2
X	127584086	127587406	0
X	127587407	127589558	2
X	127589559	127590648	0
X	127590649	127630198	1
X	127630199	127650224	0
X	127650225	127689254	1
X	127689255	127694962	0
X	127694963	127706376	2
X	127706377	127717981	0
X	127717982	127779823	1
X	127779824	127807447	0
X	127807448	127845821	2
X	127845822	127852143	0
X	127852144	127858196	1
X	127858197	127888436	0
X	127888437	127896867	2
X	127896868	127999181	0
X	127999182	127999301	2
X	127999302	128077585	0
X	128077586	128109113	1
X	128109114	128271072	0
X	128271073	128593037	1
X	128593038	128751898	0
X	128751899	128787159	2
X	128787160	128868572	0
X	128868573	128869214	1
X	128869215	128992852	0
X	128992853	128993811	2
X	128993812	129013262	0
X	129013263	129021623	1
X	129021624	129069894	0
X	129069895	129085137	1
X	129085138	129169386	0
X	129169387	129170318	1
X	129170319	129289759	0
X	129289760	129290688	1
X	129290689	129470473	0
X	129470474	129471172	2
X	129471173	129753050	0
X	129753051	129753181	2
X	129753182	129756640	0
X	129756641	129760144	1
X	129760145	130008354	0
X	130008355	130009144	1
X	130009145	130026057	0
X	130026058	130026877	1
X	130026878	130028908	0
X	130028909	130033579	1
X	130033580	130033977	0
X	130033978	130035118	1
X	130035119	130036500	0
X	130036501	130037009	1
X	130037010	130039657	0
X	130039658	130040798	1
X	130040799	130042180	0
X	130042181	130042689	1
X	130042690	130045336	0
X	130045337	130046477	1
X	130046478	130047859	0
X	130047860	130048368	1
X	130048369	130050393	0
X	130050394	130055676	1
X	130055677	130143722	0
X	130143723	130144453	2
X	130144454	130310883	0
X	130310884	130374289	2
X	130374290	130377225	0
X	130377226	130423769	1
X	130423770	130504696	0
X	130504697	130518326	1
X	130518327	130648536	0
X	130648537	130737054	1
X	130737055	130775531	0
X	130775532	130775670	2
X	130775671	130942974	0
X	130942975	130943480	2
X	130943481	130968383	0
X	130968384	131261490	1
X	131261491	131319192	0
X	131319193	131363968	1
X	131363969	131370204	0
X	131370205	131421174	1
X	131421175	131542771	0
X	131542772	131593004	1
X	131593005	131644702	0
X	131644703	131755282	1
X	131755283	131765914	0
X	131765915	131766837	1
X	131766838	131862542	0
X	131862543	131863205	1
X	131863206	131868988	0
X	131868989	131991649	1
X	131991650	131991755	3
X	131991756	132236796	1
X	132236797	132421789	0
X	132421790	132421875	1
X	132421876	132421940	0
X	132421941	132422031	1
X	132422032	132422070	0
X	132422071	132422165	1
X	132422166	132422209	0
X	132422210	132422280	1
X	132422281	132422582	0
X	132422583	132422659	1
X	132422660	132449944	0
X	132449945	132450450	1
X	132450451	132468211	0
X	132468212	132478429	2
X	132478430	132656670	0
X	132656671	132699125	2
X	132699126	132703261	0
X	132703262	132703767	2
X	132703768	132706376	0
X	132706377	132706479	2
X	132706480	132736094	0
X	132736095	132768152	2
X	132768153	132801378	0
X	132801379	132801468	1
X	132801469	132801523	0
X	132801524	132801591	1
X	132801592	132802621	0
X	132802622	132802699	1
X	132802700	132805561	0
X	132805562	132805641	1
X	132805642	132806301	0
X	132806302	132806371	1
X	132806372	132806592	0
X	132806593	132806686	1
X	132806687	132821345	0
X	132821346	132985666	1
X	132985667	132989122	0
X	132989123	133015578	1
X	133015579	133020188	0
X	133020189	133083803	2
X	133083804	133100420	0
X	133100421	133127906	1
X	133127907	133163163	0
X	133163164	133163782	2
X	133163783	133232850	0
X	133232851	133233032	2
X	133233033	133347811	0
X	133347812	133352662	1
X	133352663	133368483	0
X	133368484	133368977	2
X	133368978	133395233	0
X	133395234	133395339	2
X	133395340	133414028	0
X	133414029	133415238	1
X	133415239	133428142	0
X	133428143	133430648	1
X	133430649	133446665	0
X	133446666	133448093	1
X	133448094	133464366	0
X	133464367	133470552	2
X	133470553	133494942	0
X	133494943	133496211	2
X	133496212	133502867	0
X	133502868	133515527	2
X	133515528	133519183	0
X	133519184	133531911	1
X	133531912	133550346	0
X	133550347	133553675	1
X	133553676	133556224	0
X	133556225	133574452	1
X	133574453	133589663	0
X	133589664	133602954	1
X	133602955	133631946	0
X	133631947	133643902	1
X	133643903	133677077	0
X	133677078	133686767	1
X	133686768	133689087	0
X	133689088	133709290	1
X	133709291	133763917	0
X	133763918	133765808	2
X	133765809	133791536	0
X	133791537	133815425	2
X	133815426	133857771	0
X	133857772	133871712	1
X	133871713	133878249	0
X	133878250	133878957	1
X	133878958	133882386	0
X	133882387	133890485	1
X	133890486	134036141	0
X	134036142	134051517	2
X	134051518	134102617	0
X	134102618	134102901	2
X	134102902	134122634	0
X	134122635	134140922	2
X	134140923	134151055	0
X	134151056	134152251	1
X	134152252	134157902	0
X	134157903	134158007	1
X	134158008	134184558	0
X	134184559	134185262	2
X	134185263	134258123	0
X	134258124	134309615	2
X	134309616	134320771	0
X	134320772	134325670	2
X	134325671	134345294	0
X	134345295	134356559	1
X	134356560	134408464	0
X	134408465	134420727	1
X	134420728	134420754	0
X	134420755	134485373	2
X	134485374	134555477	0
X	134555478	134614926	2
X	134614927	134619225	0
X	134619226	134685839	1
X	134685840	134798967	0
X	134798968	134799530	2
X	134799531	134854734	0
X	134854735	134864447	2
X	134864448	134906782	0
X	134906783	134930981	2
X	134930982	134935424	0
X	134935425	134949605	2
X	134949606	135126967	0
X	135126968	135138304	2
X	135138305	135146784	0
X	135146785	135275302	1
X	135275303	135305323	0
X	135305324	135314741	1
X	135314742	135540040	0
X	135540041	135543956	1
X	135543957	135622359	0
X	135622360	135623007	1
X	135623008	135677758	0
X	135677759	135678702	2
X	135678703	136124024	0
X	136124025	136134744	2
X	136134745	136154058	0
X	136154059	136154788	1
X	136154789	136290231	0
X	136290232	136290932	2
X	136290933	136489269	0
X	136489270	136489375	1
X	136489376	136826037	0
X	136826038	136826711	1
X	136826712	136856785	0
X	136856786	137076562	2
X	137076563	137276509	0
X	137276510	137565452	1
X	137565453	137566151	3
X	137566152	137800389	1
X	137800390	137876158	0
X	137876159	137876670	2
X	137876671	138352296	0
X	138352297	138396833	2
X	138396834	138409254	0
X	138409255	138514444	1
X	138514445	138565834	0
X	138565835	138742463	1
X	138742464	138742574	3
X	138742575	138751202	1
X	138751203	138779380	0
X	138779381	138785705	1
X	138785706	138922098	0
X	138922099	138922916	2
X	138922917	139274805	0
X	139274806	139275464	1
X	139275465	139309327	0
X	139309328	139310676	1
X	139310677	139531706	0
X	139531707	139592576	2
X	139592577	139593985	3
X	139593986	139710658	2
X	139710659	139891554	0
X	139891555	139892350	1
X	139892351	139965507	0
X	139965508	140255885	2
X	140255886	140606823	0
X	140606824	140615469	2
X	140615470	140818859	0
X	140818860	140819636	2
X	140819637	141113773	0
X	141113774	141113879	2
X	141113880	141794025	0
X	141794026	141795522	1
X	141795523	142445037	0
X	142445038	142446106	2
X	142446107	142476950	0
X	142476951	142477484	2
X	142477485	142600181	0
X	142600182	142600800	1
X	142600801	142619393	0
X	142619394	142624651	2
X	142624652	142706336	0
X	142706337	142718573	1
X	142718574	143531905	0
X	143531906	143533199	2
X	143533200	144268481	0
X	144268482	144268676	1
X	144268677	144682337	0
X	144682338	144682455	1
X	144682456	144806984	0
X	144806985	144812550	1
X	144812551	144880002	0
X	144880003	144880721	1
X	144880722	145246458	0
X	145246459	145271218	2
X	145271219	145402690	0
X	145402691	145402765	1
X	145402766	145403180	0
X	145403181	145403256	1
X	145403257	145410174	0
X	145410175	145410250	1
X	145410251	145410564	0
X	145410565	145410640	1
X	145410641	145421498	0
X	145421499	145421575	1
X	145421576	145422219	0
X	145422220	145422300	1
X	145422301	145423751	0
X	145423752	145423846	1
X	145423847	145425424	0
X	145425425	145425501	1
X	145425502	145431382	0
X	145431383	145431459	1
X	145431460	145432855	0
X	145432856	145432931	1
X	145432932	145433304	0
X	145433305	145433380	1
X	145433381	145437181	0
X	145437182	145437257	1
X	145437258	145445016	0
X	145445017	145445096	1
X	145445097	145446768	0
X	145446769	145446844	1
X	145446845	145878612	0
X	145878613	145887894	2
X	145887895	145949524	0
X	145949525	145951347	2
X	145951348	146092922	0
X	146092923	146093005	1
X	146093006	146115929	0
X	146115930	146116050	1
X	146116051	146126502	0
X	146126503	146127224	1
X	146127225	146218016	0
X	146218017	146236056	1
X	146236057	146236932	0
X	146236933	146256049	2
X	146256050	146383478	0
X	146383479	146384466	1
X	146384467	146589417	0
X	146589418	146591664	1
X	146591665	146662029	0
X	146662030	146662146	1
X	146662147	146667104	0
X	146667105	146667183	1
X	146667184	146667402	0
X	146667403	146667482	1
X	146667483	146688130	0
X	146688131	146688214	1
X	146688215	147121403	0
X	147121404	147121503	2
X	147121504	147240299	0
X	147240300	147278048	2
X	147278049	147309661	0
X	147309662	147332416	2
X	147332417	147419921	0
X	147419922	147420602	1
X	147420603	147928405	0
X	147928406	148429993	2
X	148429994	148480787	0
X	148480788	148480788	2
X	148480789	148482534	3
X	148482535	148482553	2
X	148482554	148517644	0
X	148517645	148518325	2
X	148518326	149025974	0
X	149025975	149046661	1
X	149046662	149048370	0
X	149048371	149054728	1
X	149054729	149054729	0
X	149054730	149063742	1
X	149063743	149064039	0
X	149064040	149068625	2
X	149068626	149075390	0
X	149075391	149076108	1
X	149076109	149143029	0
X	149143030	149167755	2
X	149167756	149296373	0
X	149296374	149301290	2
X	149301291	149319176	0
X	149319177	149320637	1
X	149320638	149368898	0
X	149368899	149373484	2
X	149373485	149447773	0
X	149447774	149448030	1
X	149448031	149491736	0
X	149491737	149499270	2
X	149499271	149558142	0
X	149558143	149559390	1
X	149559391	149570856	0
X	149570857	149572959	1
X	149572960	149620970	0
X	149620971	149638673	2
X	149638674	149670255	0
X	149670256	149677371	2
X	149677372	149691395	0
X	149691396	149692749	1
X	149692750	149693160	0
X	149693161	149694114	2
X	149694115	149696995	0
X	149696996	149715049	2
X	149715050	150032513	0
X	150032514	150038084	2
X	150038085	150060038	0
X	150060039	150078691	1
X	150078692	150213243	0
X	150213244	150214211	1
X	150214212	150261605	0
X	150261606	150501557	1
X	150501558	150508710	0
X	150508711	150508852	2
X	150508853	150624085	0
X	150624086	150624471	1
X	150624472	150696425	0
X	150696426	150709917	2
X	150709918	150732950	0
X	150732951	150733201	2
X	150733202	150769951	0
X	150769952	150774917	1
X	150774918	150775078	0
X	150775079	150807140	2
X	150807141	150831860	0
X	150831861	150874808	2
X	150874809	150880863	0
X	150880864	150882787	1
X	150882788	150906276	0
X	150906277	150910837	2
X	150910838	150916677	0
X	150916678	150935509	1
X	150935510	150946612	3
X	150946613	150960166	1
X	150960167	150967917	0
X	150967918	150978990	1
X	150978991	150990733	0
X	150990734	151003266	1
X	151003267	151008121	0
X	151008122	151014214	2
X	151014215	151018599	0
X	151018600	151019454	1
X	151019455	151050832	0
X	151050833	151051375	1
X	151051376	151057571	0
X	151057572	151067679	2
X	151067680	151067830	3
X	151067831	151074274	2
X	151074275	151103753	0
X	151103754	151106035	1
X	151106036	151117100	0
X	151117101	151127516	2
X	151127517	151128034	3
X	151128035	151143175	2
X	151143176	151151862	0
X	151151863	151153477	1
X	151153478	151154977	0
X	151154978	151180575	1
X	151180576	151197271	0
X	151197272	151209459	2
X	151209460	151216505	0
X	151216506	151286773	2
X	151286774	151322980	0
X	151322981	151323393	2
X	151323394	151351895	0
X	151351896	151355819	2
X	151355820	151369408	0
X	151369409	151373444	1
X	151373445	151384673	0
X	151384674	151393977	2
X	151393978	151395434	0
X	151395435	151396483	2
X	151396484	151397574	0
X	151397575	151428504	1
X	151428505	151428576	0
X	151428577	151450113	2
X	151450114	151489822	0
X	151489823	151489945	2
X	151489946	151494205	0
X	151494206	151508672	2
X	151508673	151510537	0
X	151510538	151515196	2
X	151515197	151515245	0
X	151515246	151524007	1
X	151524008	151524169	3
X	151524170	151528200	2
X	151528201	151530388	0
X	151530389	151560824	1
X	151560825	151597275	0
X	151597276	151623855	1
X	151623856	151632452	0
X	151632453	151633520	1
X	151633521	151635987	3
X	151635988	151651126	1
X	151651127	151656054	0
X	151656055	151661250	1
X	151661251	151661456	0
X	151661457	151670514	1
X	151670515	151687777	0
X	151687778	151712636	1
X	151712637	151768775	0
X	151768776	151778519	1
X	151778520	151782966	0
X	151782967	151784567	1
X	151784568	151789928	0
X	151789929	151844687	1
X	151844688	151905094	0
X	151905095	151925386	2
X	151925387	151925524	0
X	151925525	151954173	1
X	151954174	151954565	3
X	151954566	151987206	2
X	151987207	152007756	0
X	152007757	152031050	1
X	152031051	152038996	0
X	152038997	152045805	2
X	152045806	152054450	0
X	152054451	152056759	2
X	152056760	152056940	0
X	152056941	152061967	1
X	152061968	152062340	3
X	152062341	152065516	1
X	152065517	152065607	0
X	152065608	152073999	2
X	152074000	152079863	0
X	152079864	152087032	2
X	152087033	152087442	0
X	152087443	152094270	2
X	152094271	152095243	0
X	152095244	152102360	2
X	152102361	152115817	0
X	152115818	152131601	2
X	152131602	152138216	0
X	152138217	152139630	1
X	152139631	152151074	0
X	152151075	152162956	1
X	152162957	152165533	0
X	152165534	152175360	1
X	152175361	152201096	0
X	152201097	152216594	1
X	152216595	152220799	3
X	152220800	152239497	2
X	152239498	152258661	0
X	152258662	152261043	1
X	152261044	152266520	0
X	152266521	152267833	1
X	152267834	152275358	0
X	152275359	152282345	2
X	152282346	152284723	0
X	152284724	152285661	1
X	152285662	152340656	0
X	152340657	152341851	2
X	152341852	152386339	0
X	152386340	152387669	1
