<CHROM>	<START>	<END>	<TSB>
Y	0	408215	0
Y	408216	408319	2
Y	408320	415176	0
Y	415177	425424	2
Y	425425	459841	0
Y	459842	480214	2
Y	480215	514082	0
Y	514083	514933	2
Y	514934	530399	0
Y	530400	624016	2
Y	624017	664106	0
Y	664107	664957	1
Y	664958	670825	0
Y	670826	672876	1
Y	672877	679685	0
Y	679686	680194	1
Y	680195	754470	0
Y	754471	754979	2
Y	754980	760497	0
Y	760498	761504	2
Y	761505	788866	0
Y	788867	809231	2
Y	809232	869687	0
Y	869688	889338	2
Y	889339	924166	0
Y	924167	940942	1
Y	940943	941445	3
Y	941446	1103420	1
Y	1103421	1116307	0
Y	1116308	1135704	1
Y	1135705	1156133	0
Y	1156134	1300941	1
Y	1300942	2628292	0
Y	2628293	2628970	2
Y	2628971	2848430	0
Y	2848431	2848552	2
Y	2848553	3713602	0
Y	3713603	3713907	2
Y	3713908	5988288	0
Y	5988289	5991846	2
Y	5991847	6928130	0
Y	6928131	6928284	2
Y	6928285	7732916	0
Y	7732917	7746197	2
Y	7746198	8351390	0
Y	8351391	8616505	2
Y	8616506	9108650	0
Y	9108651	9120398	2
Y	9120399	9121951	3
Y	9121952	9124420	2
Y	9124421	9128913	3
Y	9128914	9131006	1
Y	9131007	9132458	0
Y	9132459	9136195	2
